32.2167,39.5578
31.7021,34.5805
28.3171,31.8104
26.9278,30.0509
25.1113,27.8818
23.6375,26.389
22.8069,24.7217
21.4308,23.0366
20.2027,22.5849
19.4202,21.8561
20.0907,21.2779
17.5913,20.914
16.821,19.8563
16.9032,18.8318
16.9381,17.5547
16.6775,17.1795
16.3213,17.2267
16.2543,16.7457
15.8992,16.3497
15.9622,16.346
15.8337,16.0883
15.4844,15.8741
15.2526,15.7132
14.7245,15.6022
14.478,15.3559
15.1605,15.3353
14.9465,15.2986
14.5846,15.2633
14.5291,15.0138
14.4678,14.7026
14.3858,14.7563
13.6002,14.7729
14.1536,14.438
13.8821,14.5762
13.3363,14.327
12.8088,13.9178
12.1753,13.4522
12.8088,13.1812
12.8889,12.9097
11.8164,12.897
12.5883,12.9921
11.9571,12.9706
11.8349,12.4684
11.9341,11.9526
11.7851,12.3086
11.8416,11.9728
11.7969,11.9329
11.7969,12.1249
11.6679,11.8028
11.6521,12.4364
9.97026,11.6922
9.97026,11.1403
10.1884,10.1955
10.1884,10.2294
10.1795,10.2354
10.1758,10.3668
9.6467,10.2053
10.1846,10.8164
10.0165,10.5522
10.1196,10.1534
9.81658,10.2831
10.1107,10.1968
10.1196,10.5519
10.1196,10.1196
10.1196,10.2104
9.03601,10.1909
8.70585,10.009
7.87969,9.44783
8.65261,8.89778
8.18828,8.65646
7.56902,8.65819
8.18828,8.52269
7.88525,8.23387
7.96226,8.16433
7.65923,7.95307
7.64959,7.95567
7.65923,7.8193
7.64959,7.80153
7.48822,7.68683
6.57563,7.81373
7.5061,7.76733
6.4225,7.63907
7.5061,7.57212
7.5061,7.67148
7.33509,7.62084
7.33509,7.45769
7.32546,7.39777
6.25149,7.32426
7.33509,7.34349
7.32546,7.41365
7.32546,7.41987
7.33509,7.33986
7.33509,7.37619
7.33509,7.44661
6.40462,7.48858
7.33509,7.40761
7.33509,7.34411
7.33509,7.45579
7.33509,7.39044
7.33509,7.57413
7.32546,7.63324
7.33509,7.38408
6.25149,7.38858
7.33509,7.57722
7.33509,7.41868
7.33509,7.34792
6.25149,7.43173
7.32546,7.45865
7.32546,7.52321
7.32546,7.43988
7.32546,7.47964
6.24186,7.39087
6.24186,6.7378
6.24186,6.32249
6.24186,6.27696
6.24186,6.24186
6.24186,6.34682
6.24186,6.39292
6.24186,6.46535
6.24186,6.26286
6.24186,6.33283
6.24186,6.30227
6.24186,6.3159
6.24186,6.3922
6.24186,6.32303
6.24186,6.36501
6.24186,6.5221
6.24186,6.36336
6.24186,6.27433
6.24186,6.33173
6.24186,6.26444
6.24186,6.32352
6.24186,6.56063
6.24186,6.43513
6.24186,6.27051
6.24186,6.3521
6.24186,6.47979
6.24186,6.25631
6.24186,6.2484
6.24186,6.44417
6.24186,6.31316
6.24186,6.43125
6.24186,6.36604
6.24186,6.38965
6.24186,6.27024
6.24186,6.417
6.24186,6.24186
6.24186,6.47475
6.24186,6.27256
6.24186,6.44006
6.24186,6.25898
6.24186,6.24186
6.24186,6.36795
6.24186,6.38374
6.24186,6.56187
6.24186,6.30215
6.24186,6.35698
6.24186,6.29582
6.24186,6.26223
6.24186,6.30794
6.24186,6.45997
6.24186,6.5008
6.24186,6.3041
6.24186,6.59316
6.24186,6.33325
6.24186,6.53957
6.24186,6.2738
6.24186,6.25101
6.24186,6.3485
6.24186,6.36987
6.24186,6.25276
6.24186,6.33862
6.24186,6.49575
6.24186,6.4541
6.24186,6.31884
6.24186,6.57253
6.24186,6.33273
6.24186,6.65868
6.24186,6.30941
6.24186,6.25618
6.24186,6.3444
6.24186,6.27036
6.24186,6.24509
6.24186,6.25386
6.24186,6.36676
6.24186,6.36271
6.24186,6.3765
6.24186,6.71072
6.24186,6.36668
6.24186,6.24186
6.24186,6.25994
6.24186,6.47459
6.24186,6.30327
6.24186,6.27943
6.24186,6.37948
6.24186,6.2939
6.24186,6.25387
6.24186,6.24321
6.24186,6.24277
6.24186,6.28265
6.24186,6.32143
6.24186,6.41446
6.24186,6.36966
6.24186,6.38137
6.24186,6.33708
6.24186,6.44047
6.24186,6.26066
6.24186,6.39342
6.24186,6.31515
6.24186,6.35777
6.24186,6.46998
6.24186,6.395
6.24186,6.26974
6.24186,6.2522
6.24186,6.42827
6.24186,6.32504
6.24186,6.41446
6.24186,6.32716
6.24186,6.33133
6.24186,6.30888
6.24186,6.25415
6.24186,6.43347
6.24186,6.33503
6.24186,6.25706
6.24186,6.41758
6.24186,6.37381
6.24186,6.33354
6.24186,6.37325
6.24186,6.45059
6.24186,6.311
6.24186,6.39541
6.24186,6.25801
6.24186,6.66403
6.24186,6.32485
6.24186,6.3006
6.24186,6.35749
6.24186,6.43209
6.24186,6.5701
6.24186,6.24812
6.24186,6.24887
6.24186,6.39215
6.24186,6.35802
6.24186,6.29025
6.24186,6.40796
6.24186,6.33504
6.24186,6.29987
6.24186,6.58123
6.24186,6.36266
6.24186,6.50327
6.24186,6.29412
6.24186,6.35381
6.24186,6.33129
6.24186,6.26433
6.24186,6.25768
6.24186,6.46955
6.24186,6.44358
6.24186,6.31274
6.24186,6.34979
6.24186,6.29911
6.24186,6.38537
6.24186,6.41839
6.24186,6.30505
6.24186,6.2465
6.24186,6.40626
6.24186,6.59763
6.24186,6.37547
6.24186,6.30406
6.24186,6.24186
6.24186,6.2511
6.24186,6.32207
6.24186,6.26624
6.24186,6.31785
6.24186,6.24278
6.24186,6.24886
6.24186,6.38818
6.24186,6.33192
6.24186,6.24974
6.24186,6.34444
6.24186,6.38599
6.24186,6.32203
6.24186,6.45745
6.24186,6.29172
6.24186,6.26612
6.24186,6.31898
6.24186,6.35434
6.24186,6.64629
6.24186,6.37432
6.24186,6.37437
6.24186,6.26711
6.24186,6.50138
6.24186,6.2733
6.24186,6.31715
6.24186,6.29048
6.24186,6.38717
6.24186,6.35042
6.24186,6.29939
6.24186,6.25268
6.24186,6.27863
6.24186,6.28251
6.24186,6.43201
6.24186,6.32854
6.24186,6.33945
6.24186,6.24448
6.24186,6.35141
6.24186,6.24963
6.24186,6.26934
6.24186,6.39812
6.24186,6.25913
6.24186,6.49346
6.24186,6.26007
6.24186,6.24208
6.24186,6.32814
6.24186,6.38189
6.24186,6.33895
6.24186,6.24297
6.24186,6.41108
6.24186,6.4076
6.24186,6.28627
6.24186,6.36617
6.24186,6.34046
6.24186,6.37278
6.24186,6.28356
6.24186,6.30141
6.24186,6.34358
6.24186,6.37231
6.24186,6.35439
6.24186,6.31202
6.24186,6.33443
6.24186,6.27698
6.24186,6.34145
6.24186,6.39563
6.24186,6.35451
6.24186,6.3667
6.24186,6.3459
6.24186,6.25552
6.24186,6.25102
6.24186,6.26466
6.24186,6.33438
6.24186,6.37195
6.24186,6.46475
6.24186,6.39339
6.24186,6.49392
6.24186,6.3617
6.24186,6.35786
6.24186,6.38073
6.24186,6.35629
6.24186,6.29098
6.24186,6.50337
6.24186,6.3424
6.24186,6.3329
6.24186,6.25407
6.24186,6.45323
6.24186,6.36382
6.24186,6.33788
6.24186,6.48213
6.24186,6.57557
6.24186,6.32365
6.24186,6.49588
6.24186,6.24208
6.24186,6.31368
6.24186,6.3138
6.24186,6.24929
6.24186,6.34632
6.24186,6.24457
6.24186,6.38187
6.24186,6.40473
6.24186,6.24186
6.24186,6.40486
6.24186,6.24636
6.24186,6.25417
6.24186,6.31411
6.24186,6.4066
6.24186,6.42206
6.24186,6.24186
6.24186,6.4523
6.24186,6.30911
6.24186,6.43114
6.24186,6.37497
6.24186,6.30386
6.24186,6.25368
6.24186,6.39139
6.24186,6.35929
6.24186,6.41772
6.24186,6.26113
6.24186,6.31611
6.24186,6.37723
6.24186,6.37344
6.24186,6.24186
6.24186,6.32725
6.24186,6.2563
6.24186,6.33161
6.24186,6.35684
6.24186,6.26519
6.24186,6.25718
6.24186,6.35848
6.24186,6.32523
6.24186,6.31508
6.24186,6.41577
6.24186,6.49303
6.24186,6.28186
6.24186,6.37638
6.24186,6.25841
6.24186,6.24186
6.24186,6.31395
6.24186,6.43462
6.24186,6.33716
6.24186,6.40645
6.24186,6.50786
6.24186,6.40145
6.24186,6.30136
6.24186,6.28824
6.24186,6.43847
6.24186,6.39249
6.24186,6.28332
6.24186,6.37456
6.24186,6.24904
6.24186,6.4482
6.24186,6.36914
6.24186,6.26456
6.24186,6.3981
6.24186,6.3963
6.24186,6.35271
6.24186,6.40312
6.24186,6.35315
6.24186,6.35163
6.24186,6.29573
6.24186,6.31016
6.24186,6.27157
6.24186,6.24565
6.24186,6.30978
6.24186,6.48997
6.24186,6.36312
6.24186,6.35471
6.24186,6.37627
6.24186,6.45538
6.24186,6.27973
6.24186,6.34515
6.24186,6.26493
6.24186,6.38022
6.24186,6.24186
6.24186,6.42029
6.24186,6.32268
6.24186,6.47498
6.24186,6.32369
6.24186,6.25564
6.24186,6.24186
6.24186,6.31042
6.24186,6.30336
6.24186,6.49283
6.24186,6.3651
6.24186,6.37586
6.24186,6.33069
6.24186,6.41709
6.24186,6.26328
6.24186,6.24404
6.24186,6.36607
6.24186,6.3892
6.24186,6.33378
6.24186,6.37978
6.24186,6.25361
6.24186,6.26423
6.24186,6.34754
6.24186,6.39047
6.24186,6.45161
6.24186,6.29412
6.24186,6.36864
6.24186,6.42392
6.24186,6.29028
6.24186,6.42581
6.24186,6.25525
6.24186,6.42193
6.24186,6.4645
6.24186,6.50232
6.24186,6.41737
6.24186,6.29934
6.24186,6.24195
6.24186,6.38003
6.24186,6.32635
6.24186,6.44336
6.24186,6.30009
6.24186,6.24569
6.24186,6.42004
6.24186,6.46717
6.24186,6.43584
6.24186,6.28479
6.24186,6.25736
6.24186,6.48312
6.24186,6.35478
6.24186,6.49853
6.24186,6.31545
6.24186,6.36611
6.24186,6.4758
6.24186,6.36274
6.24186,6.4078
6.24186,6.30101
6.24186,6.26601
6.24186,6.33958
6.24186,6.32187
6.24186,6.35521
6.24186,6.3444
6.24186,6.24186
6.24186,6.26304
6.24186,6.35632
6.24186,6.29415
6.24186,6.31939
6.24186,6.26673
6.24186,6.37311
6.24186,6.26857
6.24186,6.41016
6.24186,6.437
6.24186,6.33118
6.24186,6.37766
6.24186,6.24221
6.24186,6.33402
6.24186,6.27945
6.24186,6.3992
6.24186,6.32499
6.24186,6.36335
6.24186,6.4607
6.24186,6.45613
6.24186,6.40834
6.24186,6.26348
6.24186,6.25682
6.24186,6.37442
6.24186,6.33282
6.24186,6.3239
6.24186,6.29949
6.24186,6.41318
6.24186,6.30491
6.24186,6.45266
6.24186,6.27708
6.24186,6.24437
6.24186,6.25672
6.24186,6.28789
6.24186,6.39537
6.24186,6.45735
6.24186,6.27329
6.24186,6.31518
6.24186,6.28727
6.24186,6.45153
6.24186,6.39722
6.24186,6.30529
6.24186,6.25588
6.24186,6.41015
6.24186,6.33249
6.24186,6.29332
6.24186,6.31536
6.24186,6.39802
6.24186,6.27139
6.24186,6.26358
6.24186,6.26316
6.24186,6.32846
6.24186,6.24186
6.24186,6.38575
6.24186,6.25868
6.24186,6.3206
6.24186,6.31116
6.24186,6.25883
6.24186,6.41735
6.24186,6.38437
6.24186,6.26067
6.24186,6.31306
6.24186,6.30355
6.24186,6.24186
6.24186,6.38795
6.24186,6.35494
6.24186,6.41902
6.24186,6.24186
6.24186,6.3791
6.24186,6.40974
6.24186,6.36864
6.24186,6.30701
6.24186,6.41932
6.24186,6.2457
6.24186,6.43973
6.24186,6.60304
6.24186,6.26601
6.24186,6.31175
6.24186,6.31835
6.24186,6.55812
6.24186,6.40177
6.24186,6.26197
6.24186,6.42502
6.24186,6.24708
6.24186,6.29144
6.24186,6.29387
6.24186,6.46763
6.24186,6.26777
6.24186,6.30663
6.24186,6.24641
6.24186,6.29686
6.24186,6.32916
6.24186,6.31421
6.24186,6.28493
6.24186,6.41814
6.24186,6.36701
6.24186,6.37787
6.24186,6.40331
6.24186,6.48565
6.24186,6.30012
6.24186,6.29199
6.24186,6.29406
6.24186,6.42301
6.24186,6.28396
6.24186,6.47481
6.24186,6.39691
6.24186,6.25441
6.24186,6.35046
6.24186,6.27643
6.24186,6.34354
6.24186,6.24186
6.24186,6.31409
6.24186,6.24186
6.24186,6.24787
6.24186,6.32781
6.24186,6.41081
6.24186,6.29678
6.24186,6.36503
6.24186,6.46759
6.24186,6.24186
6.24186,6.36262
6.24186,6.34513
6.24186,6.25956
6.24186,6.41505
6.24186,6.36832
6.24186,6.35108
6.24186,6.67647
6.24186,6.24452
6.24186,6.40421
6.24186,6.24186
6.24186,6.24378
6.24186,6.30968
6.24186,6.26905
6.24186,6.41587
6.24186,6.28529
6.24186,6.45715
6.24186,6.27526
6.24186,6.24786
6.24186,6.33933
6.24186,6.39965
6.24186,6.35859
6.24186,6.39631
6.24186,6.5072
6.24186,6.24631
6.24186,6.41173
6.24186,6.29335
6.24186,6.34354
6.24186,6.38708
6.24186,6.462
6.24186,6.33815
6.24186,6.39069
6.24186,6.35284
6.24186,6.2419
6.24186,6.25815
6.24186,6.31487
6.24186,6.24186
6.24186,6.24186
6.24186,6.2732
6.24186,6.24186
6.24186,6.29118
6.24186,6.27316
6.24186,6.26149
6.24186,6.33157
6.24186,6.36855
6.24186,6.4184
6.24186,6.26526
6.24186,6.52293
6.24186,6.35253
6.24186,6.32272
6.24186,6.2628
6.24186,6.39139
6.24186,6.27603
6.24186,6.28227
6.24186,6.34895
6.24186,6.51332
6.24186,6.3988
6.24186,6.41129
6.24186,6.29715
6.24186,6.30928
6.24186,6.5197
6.24186,6.26699
6.24186,6.6767
6.24186,6.41573
6.24186,6.36381
6.24186,6.38238
6.24186,6.27927
6.24186,6.28429
6.24186,6.34315
6.24186,6.45289
6.24186,6.46501
6.24186,6.37048
6.24186,6.35453
6.24186,6.50532
6.24186,6.57217
6.24186,6.26297
6.24186,6.35605
6.24186,6.56726
6.24186,6.24186
6.24186,6.36095
6.24186,6.34501
6.24186,6.47506
6.24186,6.33639
6.24186,6.35905
6.24186,6.34799
6.24186,6.34463
6.24186,6.26462
6.24186,6.27771
6.24186,6.35321
6.24186,6.42148
6.24186,6.38195
6.24186,6.41776
6.24186,6.24186
6.24186,6.34078
6.24186,6.27798
6.24186,6.35105
6.24186,6.24186
6.24186,6.40671
6.24186,6.25621
6.24186,6.46633
6.24186,6.37717
6.24186,6.3171
6.24186,6.43734
6.24186,6.51437
6.24186,6.26709
6.24186,6.2826
6.24186,6.40021
6.24186,6.24342
6.24186,6.25532
6.24186,6.31137
6.24186,6.3524
6.24186,6.53867
6.24186,6.31798
6.24186,6.33438
6.24186,6.54059
6.24186,6.25079
6.24186,6.34642
6.24186,6.41229
6.24186,6.26499
6.24186,6.30051
6.24186,6.31311
6.24186,6.3296
6.24186,6.33639
6.24186,6.26824
6.24186,6.31614
6.24186,6.34551
6.24186,6.39078
6.24186,6.37918
6.24186,6.52389
6.24186,6.32644
6.24186,6.24186
6.24186,6.24604
6.24186,6.53185
6.24186,6.29805
6.24186,6.38659
6.24186,6.44151
6.24186,6.30831
6.24186,6.3548
6.24186,6.69758
6.24186,6.41429
6.24186,6.32086
6.24186,6.24186
6.24186,6.31358
6.24186,6.40578
6.24186,6.31374
6.24186,6.37323
6.24186,6.36836
6.24186,6.24186
6.24186,6.25165
6.24186,6.3033
6.24186,6.41723
6.24186,6.34926
6.24186,6.25308
6.24186,6.25793
6.24186,6.24217
6.24186,6.36795
6.24186,6.35443
6.24186,6.26807
6.24186,6.25366
6.24186,6.28224
6.24186,6.33814
6.24186,6.3225
6.24186,6.4019
6.24186,6.50042
6.24186,6.41833
6.24186,6.25351
6.24186,6.47792
6.24186,6.3846
6.24186,6.46117
6.24186,6.24186
6.24186,6.24372
6.24186,6.45357
6.24186,6.38489
6.24186,6.39286
6.24186,6.36517
6.24186,6.24186
6.24186,6.28713
6.24186,6.34266
6.24186,6.36131
6.24186,6.27072
6.24186,6.31833
6.24186,6.35571
6.24186,6.34095
6.24186,6.32018
6.24186,6.3078
6.24186,6.25269
6.24186,6.48875
6.24186,6.30545
6.24186,6.40241
6.24186,6.33799
6.24186,6.26052
6.24186,6.30123
6.24186,6.33387
6.24186,6.41552
6.24186,6.34658
6.24186,6.41615
6.24186,6.24506
6.24186,6.43584
6.24186,6.3364
6.24186,6.34629
6.24186,6.3894
6.24186,6.46679
6.24186,6.42815
6.24186,6.40698
6.24186,6.30871
6.24186,6.41824
6.24186,6.24686
6.24186,6.3267
6.24186,6.415
6.24186,6.4796
6.24186,6.26205
6.24186,6.31512
6.24186,6.3189
6.24186,6.40394
6.24186,6.2649
6.24186,6.28157
6.24186,6.30348
6.24186,6.24186
6.24186,6.34875
6.24186,6.43028
6.24186,6.25275
6.24186,6.52544
6.24186,6.33076
6.24186,6.42639
6.24186,6.24186
6.24186,6.58716
6.24186,6.37556
6.24186,6.44956
6.24186,6.24186
6.24186,6.44534
6.24186,6.3637
6.24186,6.42659
6.24186,6.42932
6.24186,6.31427
6.24186,6.26204
6.24186,6.24411
6.24186,6.24977
6.24186,6.2539
6.24186,6.64228
6.24186,6.26136
6.24186,6.42355
6.24186,6.3881
6.24186,6.48164
6.24186,6.34064
6.24186,6.49761
6.24186,6.39105
6.24186,6.31726
6.24186,6.34583
6.24186,6.27402
6.24186,6.42718
6.24186,6.43686
6.24186,6.25074
6.24186,6.36383
6.24186,6.41242
6.24186,6.42534
6.24186,6.36771
6.24186,6.24186
6.24186,6.26591
6.24186,6.48227
6.24186,6.34777
6.24186,6.32281
6.24186,6.35175
6.24186,6.47191
6.24186,6.44021
6.24186,6.31836
6.24186,6.36614
6.24186,6.3474
6.24186,6.24361
6.24186,6.24186
6.24186,6.25978
6.24186,6.38182
6.24186,6.35256
6.24186,6.33141
6.24186,6.405
6.24186,6.24186
6.24186,6.24186
6.24186,6.24954
6.24186,6.27262
6.24186,6.25049
6.24186,6.34494
6.24186,6.24791
6.24186,6.24186
6.24186,6.38714
6.24186,6.3751
6.24186,6.54025
6.24186,6.3309
6.24186,6.40575
6.24186,6.24903
6.24186,6.33451
6.24186,6.29923
6.24186,6.24186
6.24186,6.24819
6.24186,6.42279
6.24186,6.27188
6.24186,6.44682
6.24186,6.24358
6.24186,6.28288
6.24186,6.24203
6.24186,6.36327
6.24186,6.27222
6.24186,6.31768
6.24186,6.32635
6.24186,6.28688
6.24186,6.24186
6.24186,6.29603
6.24186,6.43448
6.24186,6.24186
6.24186,6.27361
6.24186,6.30165
6.24186,6.39003
6.24186,6.44202
6.24186,6.29405
6.24186,6.26908
6.24186,6.42135
6.24186,6.29623
6.24186,6.24313
6.24186,6.28717
6.24186,6.31408
6.24186,6.36791
6.24186,6.24415
6.24186,6.24195
6.24186,6.24595
6.24186,6.24208
6.24186,6.24414
6.24186,6.24897
6.24186,6.3966
6.24186,6.31484
6.24186,6.26491
6.24186,6.4459
6.24186,6.24186
6.24186,6.30254
6.24186,6.24471
6.24186,6.42432
6.24186,6.41743
6.24186,6.32286
6.24186,6.24485
6.24186,6.30083
6.24186,6.32363
6.24186,6.28298
6.24186,6.42374
6.24186,6.34971
6.24186,6.28324
6.24186,6.24195
6.24186,6.29006
6.24186,6.3872
6.24186,6.38272
6.24186,6.58342
6.24186,6.39256
6.24186,6.37605
6.24186,6.41576
6.24186,6.35065
6.24186,6.38592
6.24186,6.33292
6.24186,6.24617
6.24186,6.31406
6.24186,6.24186
6.24186,6.30355
6.24186,6.37198
6.24186,6.24699
6.24186,6.4036
6.24186,6.27455
6.24186,6.24439
6.24186,6.25783
6.24186,6.32316
6.24186,6.75208
6.24186,6.32317
6.24186,6.31518
6.24186,6.24186
6.24186,6.32995
6.24186,6.31883
6.24186,6.32227
6.24186,6.45373
6.24186,6.34843
6.24186,6.32925
6.24186,6.3691
6.24186,6.3727
6.24186,6.32834
6.24186,6.34709
6.24186,6.24186
6.24186,6.42394
6.24186,6.25844
6.24186,6.3379
6.24186,6.39324
6.24186,6.2497
6.24186,6.38904
6.24186,6.47768
6.24186,6.4213
6.24186,6.34492
6.24186,6.25522
6.24186,6.30013
6.24186,6.29683
6.24186,6.42048
6.24186,6.50406
6.24186,6.41662
6.24186,6.31134
6.24186,6.34539
6.24186,6.30951
6.24186,6.31001
6.24186,6.34866
6.24186,6.24505
6.24186,6.42032
6.24186,6.3524
6.24186,6.34366
6.24186,6.27591
6.24186,6.30444
6.24186,6.24229
6.24186,6.30501
6.24186,6.31914
6.24186,6.2897
6.24186,6.24203
6.24186,6.49824
6.24186,6.32076
6.24186,6.32609
6.24186,6.40827
6.24186,6.35278
6.24186,6.41475
6.24186,6.32649
6.24186,6.24388
6.24186,6.29091
6.24186,6.34191
6.24186,6.25943
6.24186,6.3391
6.24186,6.3297
6.24186,6.28411
6.24186,6.24186
6.24186,6.30717
6.24186,6.27083
6.24186,6.27978
6.24186,6.2931
6.24186,6.36741
6.24186,6.26719
6.24186,6.32809
6.24186,6.24186
6.24186,6.47421
6.24186,6.24349
6.24186,6.32108
6.24186,6.30273
6.24186,6.33025
6.24186,6.26635
6.24186,6.41279
6.24186,6.24186
6.24186,6.32392
6.24186,6.52348
6.24186,6.29024
6.24186,6.40615
6.24186,6.339
6.24186,6.32141
6.24186,6.43223
6.24186,6.29038
6.24186,6.30681
6.24186,6.35574
6.24186,6.36343
6.24186,6.24186
6.24186,6.74293
6.24186,6.3825
6.24186,6.39722
6.24186,6.29898
6.24186,6.39228
6.24186,6.38062
6.24186,6.24186
6.24186,6.42506
6.24186,6.32766
6.24186,6.35695
6.24186,6.27182
6.24186,6.26891
6.24186,6.34279
6.24186,6.33277
6.24186,6.35971
6.24186,6.50939
6.24186,6.38274
6.24186,6.29541
6.24186,6.63574
6.24186,6.40083
6.24186,6.24186
6.24186,6.29831
6.24186,6.38002
6.24186,6.30165
6.24186,6.54818
6.24186,6.24373
6.24186,6.3844
6.24186,6.37914
6.24186,6.41555
6.24186,6.38904
6.24186,6.30536
6.24186,6.26162
6.24186,6.24186
6.24186,6.38249
6.24186,6.28732
6.24186,6.34769
6.24186,6.50067
6.24186,6.24186
6.24186,6.44555
6.24186,6.3486
6.24186,6.33455
6.24186,6.33897
6.24186,6.31472
6.24186,6.32669
6.24186,6.25233
6.24186,6.28957
6.24186,6.45322
6.24186,6.24186
6.24186,6.42496
6.24186,6.37635
6.24186,6.24186
6.24186,6.62251
6.24186,6.72043
6.24186,6.38507
6.24186,6.40245
6.24186,6.33073
6.24186,6.46768
6.24186,6.24472
6.24186,6.30594
6.24186,6.39733
6.24186,6.37094
6.24186,6.36537
6.24186,6.63188
6.24186,6.35554
6.24186,6.24303
6.24186,6.25764
6.24186,6.27126
6.24186,6.52856
6.24186,6.269
6.24186,6.27016
6.24186,6.24186
6.24186,6.29097
6.24186,6.39654
6.24186,6.3601
6.24186,6.38795
6.24186,6.31762
6.24186,6.46304
6.24186,6.35877
6.24186,6.24186
6.24186,6.29603
6.24186,6.49819
6.24186,6.34515
6.24186,6.32618
6.24186,6.26836
6.24186,6.24234
6.24186,6.30229
6.24186,6.39751
6.24186,6.24505
6.24186,6.40122
6.24186,6.24186
6.24186,6.35151
6.24186,6.2462
6.24186,6.45851
6.24186,6.48121
6.24186,6.34063
6.24186,6.36586
6.24186,6.35375
6.24186,6.34534
6.24186,6.35775
6.24186,6.39759
6.24186,6.44346
6.24186,6.25629
6.24186,6.25013
6.24186,6.25898
6.24186,6.24186
6.24186,6.31239
6.24186,6.33916
6.24186,6.24186
6.24186,6.34696
6.24186,6.33096
6.24186,6.3367
6.24186,6.43991
6.24186,6.32411
6.24186,6.28722
6.24186,6.25646
6.24186,6.24694
6.24186,6.28582
6.24186,6.39403
6.24186,6.33679
6.24186,6.2747
6.24186,6.24733
6.24186,6.30223
6.24186,6.29991
6.24186,6.43944
6.24186,6.24186
6.24186,6.3898
6.24186,6.3097
6.24186,6.36429
6.24186,6.26707
6.24186,6.30286
6.24186,6.33024
6.24186,6.45589
6.24186,6.31705
6.24186,6.24227
6.24186,6.45488
6.24186,6.38672
6.24186,6.28251
6.24186,6.36488
6.24186,6.40558
6.24186,6.24553
6.24186,6.26744
6.24186,6.26706
6.24186,6.35967
6.24186,6.38842
6.24186,6.26572
6.24186,6.53397
6.24186,6.50874
6.24186,6.36163
6.24186,6.3169
6.24186,6.36048
6.24186,6.30584
6.24186,6.34034
6.24186,6.40196
6.24186,6.25933
6.24186,6.30067
6.24186,6.34822
6.24186,6.26874
6.24186,6.28132
6.24186,6.31803
6.24186,6.40234
6.24186,6.3503
6.24186,6.49916
6.24186,6.33711
6.24186,6.43918
6.24186,6.37272
6.24186,6.50532
6.24186,6.33248
6.24186,6.24186
6.24186,6.29926
6.24186,6.37606
6.24186,6.51186
6.24186,6.33185
6.24186,6.42841
6.24186,6.41937
6.24186,6.37881
6.24186,6.24941
6.24186,6.45772
6.24186,6.31011
6.24186,6.36884
6.24186,6.26024
6.24186,6.46356
6.24186,6.26015
6.24186,6.31981
6.24186,6.47539
6.24186,6.38864
6.24186,6.27522
6.24186,6.4116
6.24186,6.40945
6.24186,6.24186
6.24186,6.37385
6.24186,6.40175
6.24186,6.38037
6.24186,6.29988
6.24186,6.31407
6.24186,6.26185
6.24186,6.48807
6.24186,6.28461
6.24186,6.25027
6.24186,6.26624
6.24186,6.4819
6.24186,6.43586
6.24186,6.57921
6.24186,6.24186
6.24186,6.27092
6.24186,6.25921
6.24186,6.39502
6.24186,6.40679
6.24186,6.24186
6.24186,6.30362
6.24186,6.40472
6.24186,6.33867
6.24186,6.28135
6.24186,6.29733
6.24186,6.3274
6.24186,6.27688
6.24186,6.35658
6.24186,6.26627
6.24186,6.24195
6.24186,6.35297
6.24186,6.47018
6.24186,6.48122
6.24186,6.28064
6.24186,6.28213
6.24186,6.37296
6.24186,6.24186
6.24186,6.38456
6.24186,6.44321
6.24186,6.28377
6.24186,6.4307
6.24186,6.34219
6.24186,6.28224
6.24186,6.24598
6.24186,6.34266
6.24186,6.31033
6.24186,6.25938
6.24186,6.43457
6.24186,6.3097
6.24186,6.25205
6.24186,6.3344
6.24186,6.30116
6.24186,6.43709
6.24186,6.26778
6.24186,6.2636
6.24186,6.28023
6.24186,6.24186
6.24186,6.68849
6.24186,6.24186
6.24186,6.34492
6.24186,6.26316
6.24186,6.42775
6.24186,6.38284
6.24186,6.28692
6.24186,6.27405
6.24186,6.40017
6.24186,6.40619
6.24186,6.39438
6.24186,6.33557
6.24186,6.33657
6.24186,6.44514
6.24186,6.26246
6.24186,6.26894
6.24186,6.25689
6.24186,6.28255
6.24186,6.32351
6.24186,6.43646
6.24186,6.24789
6.24186,6.48102
6.24186,6.38315
6.24186,6.33274
6.24186,6.26988
6.24186,6.24255
6.24186,6.25549
6.24186,6.30963
6.24186,6.25947
6.24186,6.41534
6.24186,6.38804
6.24186,6.34612
6.24186,6.56747
6.24186,6.25913
6.24186,6.35079
6.24186,6.47864
6.24186,6.39686
6.24186,6.37906
6.24186,6.24186
6.24186,6.26038
6.24186,6.28221
6.24186,6.25075
6.24186,6.2872
6.24186,6.25044
6.24186,6.32134
6.24186,6.26749
6.24186,6.36634
6.24186,6.32284
6.24186,6.445
6.24186,6.57353
6.24186,6.30732
6.24186,6.28903
6.24186,6.26111
6.24186,6.37066
6.24186,6.46583
6.24186,6.33537
6.24186,6.35804
6.24186,6.33687
6.24186,6.33025
6.24186,6.31836
6.24186,6.36441
6.24186,6.24186
6.24186,6.33971
6.24186,6.24186
6.24186,6.33955
6.24186,6.34966
6.24186,6.31836
6.24186,6.2783
6.24186,6.54274
6.24186,6.34137
6.24186,6.43382
6.24186,6.30295
6.24186,6.24186
6.24186,6.26617
6.24186,6.4073
6.24186,6.59126
6.24186,6.24186
6.24186,6.45909
6.24186,6.31912
6.24186,6.34206
6.24186,6.3888
6.24186,6.43418
6.24186,6.42435
6.24186,6.28614
6.24186,6.31161
6.24186,6.39579
6.24186,6.26999
6.24186,6.36614
6.24186,6.34138
6.24186,6.42058
6.24186,6.24186
6.24186,6.32806
6.24186,6.45422
6.24186,6.50584
6.24186,6.33934
6.24186,6.3796
6.24186,6.37631
6.24186,6.40453
6.24186,6.33209
6.24186,6.28868
6.24186,6.33776
6.24186,6.44505
6.24186,6.30095
6.24186,6.29311
6.24186,6.32531
6.24186,6.32064
6.24186,6.33678
6.24186,6.32987
6.24186,6.33446
6.24186,6.50362
6.24186,6.24215
6.24186,6.35902
6.24186,6.28576
6.24186,6.33232
6.24186,6.26164
6.24186,6.36075
6.24186,6.35955
6.24186,6.36627
6.24186,6.4912
6.24186,6.34422
6.24186,6.46884
6.24186,6.26404
6.24186,6.33592
6.24186,6.3626
6.24186,6.29725
6.24186,6.33078
6.24186,6.25543
6.24186,6.42038
6.24186,6.40099
6.24186,6.3064
6.24186,6.40411
6.24186,6.35131
6.24186,6.3176
6.24186,6.29423
6.24186,6.35207
6.24186,6.5006
6.24186,6.24799
6.24186,6.24186
6.24186,6.30508
6.24186,6.34063
6.24186,6.31709
6.24186,6.40175
6.24186,6.24186
6.24186,6.25819
6.24186,6.27481
6.24186,6.29876
6.24186,6.45716
6.24186,6.46323
6.24186,6.42485
6.24186,6.39985
6.24186,6.36246
6.24186,6.30747
6.24186,6.27139
6.24186,6.2756
6.24186,6.30532
6.24186,6.27528
6.24186,6.27858
6.24186,6.30231
6.24186,6.51978
6.24186,6.36504
6.24186,6.52502
6.24186,6.46443
6.24186,6.36023
6.24186,6.42483
6.24186,6.34803
6.24186,6.34688
6.24186,6.37827
6.24186,6.25536
6.24186,6.3851
6.24186,6.328
6.24186,6.24341
6.24186,6.36711
6.24186,6.34709
6.24186,6.37868
6.24186,6.24186
6.24186,6.59937
6.24186,6.29613
6.24186,6.37108
6.24186,6.3839
6.24186,6.28723
6.24186,6.31803
6.24186,6.36012
6.24186,6.3922
6.24186,6.27107
6.24186,6.34982
6.24186,6.31229
6.24186,6.34102
6.24186,6.30827
6.24186,6.46031
6.24186,6.28519
6.24186,6.24315
6.24186,6.37191
6.24186,6.30536
6.24186,6.30346
6.24186,6.37464
6.24186,6.32622
6.24186,6.27987
6.24186,6.48118
6.24186,6.42754
6.24186,6.38617
6.24186,6.48275
6.24186,6.41437
6.24186,6.3568
6.24186,6.27101
6.24186,6.32306
6.24186,6.39228
6.24186,6.38654
6.24186,6.34808
6.24186,6.24186
6.24186,6.31889
6.24186,6.29283
6.24186,6.27351
6.24186,6.42185
6.24186,6.45094
6.24186,6.24186
6.24186,6.37312
6.24186,6.45304
6.24186,6.4151
6.24186,6.24819
6.24186,6.32654
6.24186,6.29881
6.24186,6.24224
6.24186,6.32107
6.24186,6.24819
6.24186,6.26206
6.24186,6.24232
6.24186,6.26339
6.24186,6.29645
6.24186,6.27913
6.24186,6.24411
6.24186,6.43989
6.24186,6.32116
6.24186,6.32843
6.24186,6.24659
6.24186,6.25667
6.24186,6.35336
6.24186,6.37221
6.24186,6.28834
6.24186,6.36421
6.24186,6.38562
6.24186,6.26789
6.24186,6.29724
6.24186,6.30587
6.24186,6.29281
6.24186,6.408
6.24186,6.26245
6.24186,6.44981
6.24186,6.33399
6.24186,6.27168
6.24186,6.28392
6.24186,6.36349
6.24186,6.42579
6.24186,6.5092
6.24186,6.25021
6.24186,6.4443
6.24186,6.52948
6.24186,6.36093
6.24186,6.2712
6.24186,6.30071
6.24186,6.39514
6.24186,6.30032
6.24186,6.46572
6.24186,6.30936
6.24186,6.46827
6.24186,6.34409
6.24186,6.63006
6.24186,6.30728
6.24186,6.35575
6.24186,6.32273
6.24186,6.44634
6.24186,6.43461
6.24186,6.28379
6.24186,6.32225
6.24186,6.3888
6.24186,6.24518
6.24186,6.24186
6.24186,6.3734
6.24186,6.41401
6.24186,6.35012
6.24186,6.33639
6.24186,6.30622
6.24186,6.28695
6.24186,6.30074
6.24186,6.28894
6.24186,6.24186
6.24186,6.33418
6.24186,6.28925
6.24186,6.26526
6.24186,6.31441
6.24186,6.3363
6.24186,6.45223
6.24186,6.35193
6.24186,6.39738
6.24186,6.30813
6.24186,6.29816
6.24186,6.29893
6.24186,6.25742
6.24186,6.40005
6.24186,6.41837
6.24186,6.25592
6.24186,6.33893
6.24186,6.63151
6.24186,6.45866
6.24186,6.3188
6.24186,6.25488
6.24186,6.24857
6.24186,6.25144
6.24186,6.32297
6.24186,6.43724
6.24186,6.29043
6.24186,6.40605
6.24186,6.27603
6.24186,6.28324
6.24186,6.32364
6.24186,6.27797
6.24186,6.43358
6.24186,6.56367
6.24186,6.38358
6.24186,6.29785
6.24186,6.45251
6.24186,6.2829
6.24186,6.46045
6.24186,6.31389
6.24186,6.39682
6.24186,6.36897
6.24186,6.24186
6.24186,6.27146
6.24186,6.30917
6.24186,6.33756
6.24186,6.31415
6.24186,6.37764
6.24186,6.37524
6.24186,6.54086
6.24186,6.33907
6.24186,6.28169
6.24186,6.31289
6.24186,6.3132
6.24186,6.50516
6.24186,6.24186
6.24186,6.3555
6.24186,6.37687
6.24186,6.29243
6.24186,6.2698
6.24186,6.45831
6.24186,6.30389
6.24186,6.24487
6.24186,6.24719
6.24186,6.30939
6.24186,6.25723
6.24186,6.32231
6.24186,6.31296
6.24186,6.29295
6.24186,6.28055
6.24186,6.49616
6.24186,6.25543
6.24186,6.32034
6.24186,6.24186
6.24186,6.31354
6.24186,6.4372
6.24186,6.29829
6.24186,6.35159
6.24186,6.29253
6.24186,6.29597
6.24186,6.28789
6.24186,6.32004
6.24186,6.26863
6.24186,6.24186
6.24186,6.33729
6.24186,6.40223
6.24186,6.26858
6.24186,6.24651
6.24186,6.30449
6.24186,6.24913
6.24186,6.34049
6.24186,6.33792
6.24186,6.3193
6.24186,6.43619
6.24186,6.3836
6.24186,6.26501
6.24186,6.30164
6.24186,6.36552
6.24186,6.24186
6.24186,6.2496
6.24186,6.25462
6.24186,6.30084
6.24186,6.24186
6.24186,6.4221
6.24186,6.32545
6.24186,6.39322
6.24186,6.3185
6.24186,6.43315
6.24186,6.2799
6.24186,6.37677
6.24186,6.24394
6.24186,6.32608
6.24186,6.33444
6.24186,6.38223
6.24186,6.2896
6.24186,6.42259
6.24186,6.50848
6.24186,6.24186
6.24186,6.27197
6.24186,6.32435
6.24186,6.2753
6.24186,6.39242
6.24186,6.28044
6.24186,6.24203
6.24186,6.24537
6.24186,6.36942
6.24186,6.38004
6.24186,6.25608
6.24186,6.32706
6.24186,6.36348
6.24186,6.24622
6.24186,6.37149
6.24186,6.43748
6.24186,6.39304
6.24186,6.25243
6.24186,6.35368
6.24186,6.4001
6.24186,6.33385
6.24186,6.4166
6.24186,6.32334
6.24186,6.26869
6.24186,6.29816
6.24186,6.31022
6.24186,6.24186
6.24186,6.48341
6.24186,6.30638
6.24186,6.37195
6.24186,6.57576
6.24186,6.24696
6.24186,6.32493
6.24186,6.26958
6.24186,6.25894
6.24186,6.26375
6.24186,6.42279
6.24186,6.29148
6.24186,6.30069
6.24186,6.26518
6.24186,6.24447
6.24186,6.413
6.24186,6.39529
6.24186,6.2444
6.24186,6.27315
6.24186,6.49752
6.24186,6.57892
6.24186,6.25177
6.24186,6.36011
6.24186,6.36189
6.24186,6.34727
6.24186,6.37978
6.24186,6.24526
6.24186,6.3303
6.24186,6.28605
6.24186,6.37594
6.24186,6.24733
6.24186,6.55115
6.24186,6.24186
6.24186,6.39764
6.24186,6.24252
6.24186,6.59215
6.24186,6.37453
6.24186,6.30158
6.24186,6.33685
6.24186,6.35087
6.24186,6.30342
6.24186,6.29584
6.24186,6.24278
6.24186,6.38947
6.24186,6.39442
6.24186,6.36557
6.24186,6.24186
6.24186,6.29835
6.24186,6.34589
6.24186,6.34008
6.24186,6.24208
6.24186,6.29603
6.24186,6.41995
6.24186,6.48466
6.24186,6.37791
6.24186,6.35115
6.24186,6.38208
6.24186,6.32071
6.24186,6.38208
6.24186,6.4809
6.24186,6.37289
6.24186,6.43323
6.24186,6.26209
6.24186,6.63361
6.24186,6.24349
6.24186,6.24787
6.24186,6.35793
6.24186,6.24195
6.24186,6.26673
6.24186,6.26507
6.24186,6.24963
6.24186,6.42216
6.24186,6.25406
6.24186,6.4459
6.24186,6.31132
6.24186,6.30763
6.24186,6.28868
6.24186,6.26322
6.24186,6.33314
6.24186,6.37854
6.24186,6.28176
6.24186,6.31332
6.24186,6.5762
6.24186,6.25457
6.24186,6.25582
6.24186,6.36177
6.24186,6.42784
6.24186,6.372
6.24186,6.24186
6.24186,6.31852
6.24186,6.31754
6.24186,6.37846
6.24186,6.44848
6.24186,6.24205
6.24186,6.36148
6.24186,6.24186
6.24186,6.35051
6.24186,6.29975
6.24186,6.24349
6.24186,6.38191
6.24186,6.28048
6.24186,6.43445
6.24186,6.24186
6.24186,6.38502
6.24186,6.40394
6.24186,6.39907
6.24186,6.45388
6.24186,6.24186
6.24186,6.36005
6.24186,6.31025
6.24186,6.34876
6.24186,6.31048
6.24186,6.4736
6.24186,6.24186
6.24186,6.28966
6.24186,6.26491
6.24186,6.31539
6.24186,6.25785
6.24186,6.30719
6.24186,6.3421
6.24186,6.34754
6.24186,6.29369
6.24186,6.38087
6.24186,6.30064
6.24186,6.28739
6.24186,6.5469
6.24186,6.45799
6.24186,6.43215
6.24186,6.26502
6.24186,6.25904
6.24186,6.47849
6.24186,6.2849
6.24186,6.2475
6.24186,6.29869
6.24186,6.42769
6.24186,6.2575
6.24186,6.25608
6.24186,6.34006
6.24186,6.2748
6.24186,6.24186
6.24186,6.36421
6.24186,6.32518
6.24186,6.54177
6.24186,6.33113
6.24186,6.27597
6.24186,6.41393
6.24186,6.34121
6.24186,6.29728
6.24186,6.33264
6.24186,6.52543
6.24186,6.33265
6.24186,6.39016
6.24186,6.32801
6.24186,6.24186
6.24186,6.39663
6.24186,6.40936
6.24186,6.34147
6.24186,6.36746
6.24186,6.31105
6.24186,6.37461
6.24186,6.34391
6.24186,6.45442
6.24186,6.36852
6.24186,6.24953
6.24186,6.29621
6.24186,6.48814
6.24186,6.37898
6.24186,6.26867
6.24186,6.28108
6.24186,6.36953
6.24186,6.46412
6.24186,6.25162
6.24186,6.26559
6.24186,6.33749
6.24186,6.36082
6.24186,6.25291
6.24186,6.38847
6.24186,6.39087
6.24186,6.28399
6.24186,6.49367
6.24186,6.24186
6.24186,6.34872
6.24186,6.29107
6.24186,6.40531
6.24186,6.27211
6.24186,6.24186
6.24186,6.29608
6.24186,6.31186
6.24186,6.24186
6.24186,6.24726
6.24186,6.31823
6.24186,6.45332
6.24186,6.35673
6.24186,6.35487
6.24186,6.31008
6.24186,6.3953
6.24186,6.2704
6.24186,6.32653
6.24186,6.37181
6.24186,6.29911
6.24186,6.26966
6.24186,6.27299
6.24186,6.2828
6.24186,6.34656
6.24186,6.38905
6.24186,6.27007
6.24186,6.33952
6.24186,6.33461
6.24186,6.37449
6.24186,6.24228
6.24186,6.32031
6.24186,6.42181
6.24186,6.43357
6.24186,6.29211
6.24186,6.24755
6.24186,6.25692
6.24186,6.33667
6.24186,6.25499
6.24186,6.24186
6.24186,6.45607
6.24186,6.24294
6.24186,6.35765
6.24186,6.31803
6.24186,6.3715
6.24186,6.32247
6.24186,6.28464
6.24186,6.28441
6.24186,6.33871
6.24186,6.28602
6.24186,6.24186
6.24186,6.33358
6.24186,6.29227
6.24186,6.27382
6.24186,6.29935
6.24186,6.31315
6.24186,6.3314
6.24186,6.36526
6.24186,6.4718
6.24186,6.36269
6.24186,6.46986
6.24186,6.33145
6.24186,6.37489
6.24186,6.50086
6.24186,6.37289
6.24186,6.28063
6.24186,6.24186
6.24186,6.26324
6.24186,6.31239
6.24186,6.33668
6.24186,6.32579
6.24186,6.24186
6.24186,6.29445
6.24186,6.3725
6.24186,6.493
6.24186,6.34457
6.24186,6.30821
6.24186,6.34713
