15.179,17.1212
13.8422,15.1837
12.731,14.1171
12.5716,13.4806
12.3681,12.9067
12.1733,12.6385
11.8875,12.4056
11.3811,12.1207
11.3811,11.8297
11.176,11.6145
10.6615,11.3705
10.2353,11.1084
10.4995,11.0036
9.98154,10.6953
9.69367,10.3547
9.47848,10.0245
9.5434,9.87913
9.08132,9.65968
9.16344,9.50865
9.25374,9.46817
9.245,9.45315
9.12977,9.38116
9.04791,9.22751
9.02776,9.20181
9.02945,9.1741
9.0528,9.13974
8.84659,9.19069
8.75556,9.17802
8.53925,9.0597
8.26604,8.84093
8.33811,8.65549
8.22245,8.56159
8.36492,8.49782
8.20314,8.37244
8.06307,8.34184
8.1202,8.21967
7.99603,8.18216
8.01982,8.16598
7.96494,8.1021
7.91567,8.08401
7.44589,8.01923
7.91135,7.94476
7.55025,7.93983
7.76818,7.89565
7.78756,7.86391
7.66319,7.8629
7.75771,7.79187
7.26935,7.75055
7.51613,7.63935
7.51613,7.52242
7.5078,7.51605
7.09331,7.51174
7.09331,7.50831
7.3896,7.49423
7.36516,7.47961
7.48077,7.48077
7.42467,7.48021
7.05795,7.47805
7.36616,7.41983
7.34388,7.36927
6.94334,7.36655
7.36616,7.36616
7.28501,7.36535
6.94334,7.36049
7.22242,7.30931
7.22242,7.22242
7.20014,7.2248
7.22242,7.22413
7.02024,7.2204
7.22242,7.2231
7.10511,7.22089
6.99999,7.20284
7.03796,7.1456
6.97239,7.10379
7.10483,7.10511
7.0548,7.10461
7.10511,7.11173
7.10511,7.10511
6.9008,7.10174
6.97239,7.10603
6.97239,6.97239
6.9559,6.97222
6.9559,7.01462
6.97239,6.97584
6.92207,6.98418
6.9559,6.97887
6.95914,6.97239
6.95914,6.95914
6.93686,6.96147
6.93686,6.97967
6.85662,6.95107
6.93949,6.94278
6.91636,6.93926
6.91721,6.93927
6.93949,6.93949
6.90165,6.93911
6.93949,6.93949
6.93949,6.95638
6.75375,6.93741
6.90545,7.0837
6.83364,6.91614
6.7581,6.9043
6.83592,6.90251
6.7581,6.91224
6.83592,6.89372
6.89408,6.89408
6.83307,6.89347
6.87398,6.89391
6.78617,6.88878
6.71044,6.84408
6.69034,6.79283
6.72544,6.88816
6.6563,6.79902
6.64874,6.75746
6.69379,6.759
6.47377,6.70108
6.54122,6.74238
6.56355,6.5957
6.47965,6.56271
6.46713,6.56216
6.52135,6.54962
6.52135,6.52135
6.52135,6.54146
6.52135,6.52135
6.52135,6.52529
6.50486,6.52118
6.42493,6.52322
6.52135,6.52258
6.52135,6.52378
6.52135,6.54018
6.42493,6.54114
6.51943,6.54911
6.45659,6.53071
6.51943,6.51943
6.42764,6.53565
6.51943,6.51943
6.42764,6.52305
6.41115,6.51525
6.40988,6.42242
6.41115,6.41162
6.38792,6.42421
6.40988,6.45154
6.38664,6.43402
6.40988,6.40988
6.3964,6.40975
6.3964,6.431
6.40988,6.44133
6.38664,6.40965
6.40988,6.40988
6.38664,6.40994
6.40988,6.40988
6.40988,6.41222
6.38664,6.40965
6.40988,6.45745
6.40988,6.40988
6.40988,6.4285
6.40988,6.40988
6.40988,6.40988
6.40988,6.41013
6.40988,6.45801
6.40988,6.41558
6.40988,6.40988
6.40988,6.40988
6.38664,6.40965
6.39796,6.40976
6.40988,6.40988
6.40988,6.41216
6.40988,6.4294
6.38664,6.41847
6.39796,6.40452
6.39796,6.39796
6.39796,6.41271
6.39796,6.41325
6.38448,6.39783
6.37473,6.39773
6.37473,6.40141
6.38448,6.40664
6.38448,6.38482
6.3768,6.40261
6.38448,6.38657
6.38448,6.38577
6.36124,6.38425
6.38448,6.4116
6.38448,6.38448
6.38448,6.4156
6.3768,6.3844
6.38448,6.38771
6.38448,6.38448
6.36124,6.38481
6.36124,6.38425
6.38448,6.38448
6.38448,6.38448
6.38448,6.39823
6.38448,6.38448
6.38448,6.40365
6.38448,6.38448
6.38448,6.38745
6.3768,6.3844
6.38448,6.418
6.38448,6.41214
6.38448,6.38448
6.36124,6.38425
6.38448,6.396
6.3768,6.3844
6.38448,6.38935
6.38448,6.38448
6.38448,6.3849
6.38448,6.38448
6.38448,6.38515
6.38448,6.42762
6.36124,6.38425
6.38448,6.38533
6.38448,6.40377
6.38448,6.41686
6.38448,6.38448
6.38448,6.41629
6.38448,6.38448
6.36124,6.39052
6.38448,6.38448
6.36124,6.38425
6.38448,6.42077
6.36124,6.40064
6.38448,6.38448
6.3768,6.39623
6.3768,6.38815
6.38448,6.39135
6.38448,6.38473
6.38448,6.38448
6.3768,6.3844
6.36124,6.38447
6.38448,6.38478
6.38448,6.38448
6.38448,6.38448
6.38448,6.40913
6.38448,6.38448
6.38448,6.38448
6.38448,6.38448
6.38448,6.38936
6.38448,6.38448
6.38448,6.38532
6.38448,6.38448
6.38448,6.3859
6.36124,6.38877
6.38448,6.39227
6.38448,6.40349
6.36124,6.39354
6.38448,6.38584
6.38448,6.38448
6.38448,6.39844
6.38448,6.38507
6.38448,6.38611
6.38448,6.39544
6.38448,6.38448
6.3768,6.3856
6.38448,6.39654
6.38448,6.38876
6.36124,6.41936
6.38448,6.38675
6.36124,6.40903
6.38448,6.38772
6.38448,6.38448
6.38448,6.38448
6.38448,6.38448
6.38448,6.38448
6.38448,6.38448
6.38448,6.40319
6.38448,6.40459
6.38448,6.38448
6.38448,6.40138
6.38448,6.38448
6.36124,6.38394
6.35356,6.37679
6.36124,6.36124
6.35356,6.36117
6.2834,6.36346
6.35356,6.37301
6.36124,6.39232
6.2834,6.36047
6.36124,6.36124
6.36124,6.36124
6.3256,6.4015
6.36124,6.36124
6.36124,6.36124
6.36124,6.36124
6.35356,6.36117
6.36124,6.36824
6.36124,6.37206
6.36124,6.36124
6.36124,6.36124
6.3256,6.36081
6.35356,6.41022
6.27572,6.36333
6.31792,6.34143
6.31792,6.31792
6.30195,6.31776
6.31792,6.31792
6.31792,6.31792
6.30561,6.33405
6.28589,6.31762
6.2569,6.31731
6.31792,6.32108
6.30561,6.31779
6.31792,6.31792
6.28589,6.31764
6.31792,6.31792
6.2569,6.35767
6.29251,6.32358
6.30195,6.30195
6.30195,6.30195
6.30195,6.30195
6.30195,6.30195
6.24093,6.30134
6.30195,6.30195
6.24093,6.30134
6.30195,6.30296
6.24093,6.30134
6.24093,6.30134
6.30195,6.30195
6.24093,6.30311
6.30195,6.30509
6.30195,6.30195
6.30195,6.30219
6.30195,6.30195
6.30195,6.3235
6.24093,6.31351
6.13235,6.29169
6.13235,6.25388
6.15801,6.21448
6.07133,6.1658
6.06514,6.15708
6.15801,6.16011
6.15801,6.15801
6.06514,6.15708
6.15801,6.16059
6.15801,6.15801
6.15801,6.15801
6.15801,6.15801
6.15801,6.15801
6.06514,6.15738
6.15801,6.15801
6.15801,6.15801
6.15674,6.158
6.15801,6.15949
6.15801,6.15813
6.15801,6.1592
6.15801,6.15852
6.15801,6.15949
6.07133,6.15873
6.15801,6.15801
6.07133,6.16051
6.15801,6.15801
6.15801,6.15801
6.15801,6.1589
6.15801,6.15801
6.06514,6.15708
6.07133,6.16011
6.15801,6.15801
6.15801,6.15801
6.15674,6.16182
6.15674,6.16098
6.15674,6.15689
6.15674,6.15674
6.15674,6.1592
6.15674,6.15825
5.84055,6.15584
6.14482,6.1565
6.14482,6.16135
6.14482,6.14482
6.14482,6.1501
6.14482,6.14713
6.07919,6.14524
6.14482,6.14709
6.14482,6.15535
6.14482,6.15063
6.14482,6.14633
6.14482,6.14482
6.14482,6.14482
6.14482,6.14482
6.14482,6.14482
6.14482,6.14482
6.07919,6.14645
6.14482,6.14482
6.14482,6.14482
6.07919,6.14416
6.14482,6.14482
6.14482,6.14482
6.14482,6.14893
6.14482,6.14883
6.07919,6.14416
6.14482,6.14482
6.14482,6.14482
5.83701,6.14751
6.14482,6.15549
6.07919,6.14351
6.07919,6.10873
6.07919,6.07919
6.07919,6.08281
6.05547,6.079
6.07919,6.08459
6.07919,6.07919
6.07919,6.07919
6.07919,6.07919
6.07919,6.07919
6.07919,6.07919
6.07919,6.07919
6.07919,6.07919
6.07919,6.07965
6.07919,6.08072
6.07919,6.07919
6.07919,6.07919
6.07919,6.08148
6.07919,6.07919
5.75409,6.08559
6.07919,6.07919
6.07919,6.1039
6.07919,6.07919
6.07919,6.07919
6.07919,6.07919
6.07919,6.07919
6.07919,6.08075
6.07919,6.07919
6.07919,6.08688
6.07919,6.07919
6.07919,6.09435
5.75409,6.07604
6.07919,6.08525
6.07919,6.08146
6.07919,6.09813
5.75409,6.07619
6.07919,6.08559
6.07919,6.07919
6.07919,6.07919
6.07919,6.07919
5.75409,6.07642
6.07919,6.086
6.07919,6.07919
6.07919,6.07919
5.75409,6.08183
5.75409,6.08401
6.07919,6.07976
5.75409,6.08179
6.07919,6.07919
6.07919,6.08222
6.07919,6.08373
6.07919,6.07919
6.05547,6.07896
6.07919,6.08146
5.75409,6.07973
6.07919,6.08043
6.07919,6.07919
6.07919,6.07919
6.07919,6.08407
6.07919,6.08432
6.07919,6.07919
6.07919,6.08163
6.07919,6.07995
6.07919,6.08377
6.0593,6.079
6.07919,6.07995
6.07919,6.08041
6.0593,6.08632
6.07919,6.08215
6.07919,6.07919
6.07919,6.07919
6.07919,6.07919
6.07919,6.07919
6.07919,6.09579
6.07919,6.07919
6.07919,6.07971
6.07919,6.07919
6.07919,6.08375
6.07919,6.08684
6.07919,6.07942
6.07919,6.083
6.07919,6.07919
6.07919,6.07919
6.07919,6.08274
6.07919,6.07995
6.07919,6.07919
6.07919,6.08222
6.07919,6.08341
6.07919,6.08646
6.07919,6.08112
6.07919,6.08582
6.07919,6.07919
6.07919,6.07919
6.07919,6.07919
6.07919,6.07919
6.07919,6.07919
6.07919,6.086
5.75409,6.07746
6.07919,6.07919
6.07919,6.09628
6.07919,6.08958
5.75409,6.07594
6.07919,6.07919
6.07919,6.07919
5.75409,6.0947
6.07919,6.08071
5.75409,6.07594
6.07919,6.08383
6.07919,6.07919
6.07919,6.08539
6.07919,6.07919
6.07919,6.07919
6.07919,6.07919
6.07919,6.08962
6.07919,6.07919
6.07919,6.08373
6.07919,6.08196
6.07919,6.07931
6.07919,6.08943
6.07919,6.07919
6.07919,6.07919
6.07919,6.07919
6.07919,6.07919
6.07919,6.07919
6.07919,6.07919
5.75409,6.07721
6.07919,6.08629
6.07919,6.07925
5.75409,6.07594
6.07919,6.07919
6.07919,6.08373
6.07919,6.08298
6.07919,6.07919
6.07919,6.07919
6.07919,6.07924
6.07919,6.07929
6.07919,6.0836
6.07919,6.08861
6.07919,6.07919
6.07919,6.07919
6.07919,6.07919
6.07919,6.07919
5.75409,6.08143
6.07919,6.08648
5.75409,6.07594
6.07919,6.08306
6.07919,6.08686
6.07919,6.0916
6.07919,6.07996
6.07919,6.08373
6.07919,6.07919
6.07919,6.08436
6.07919,6.07919
6.07919,6.08024
6.07919,6.08266
6.07919,6.07919
6.07919,6.07919
6.07919,6.07919
6.07919,6.07919
6.07919,6.07919
6.07919,6.07919
6.07919,6.07919
6.07919,6.07995
6.07919,6.08919
6.07919,6.07919
6.07919,6.07919
6.07919,6.07919
6.07919,6.08661
6.07919,6.08941
6.07919,6.09047
6.07919,6.07919
6.07919,6.07919
6.07919,6.08919
6.07919,6.07919
5.75409,6.08035
6.07919,6.07919
5.75409,6.07594
6.07919,6.07919
6.07919,6.07919
5.75409,6.07594
6.07919,6.07919
6.07919,6.07919
6.07919,6.07919
6.07919,6.07919
6.07919,6.07919
6.07919,6.07919
6.07919,6.07919
6.07919,6.086
6.07919,6.0965
6.07919,6.07919
6.07919,6.07919
6.07919,6.08525
6.07919,6.07919
6.07919,6.07919
6.07919,6.09531
6.07919,6.08422
6.07919,6.08552
6.07919,6.07919
6.07919,6.10108
6.07919,6.0852
6.07919,6.08794
6.07919,6.08298
6.07919,6.08454
6.07919,6.07919
6.07919,6.08105
6.07919,6.08732
6.07919,6.07919
6.07919,6.07919
6.07919,6.08567
6.07919,6.08886
6.07919,6.08435
6.07919,6.08851
5.75409,6.07594
6.07919,6.07919
6.07919,6.08146
6.07919,6.07919
6.07919,6.07919
6.07919,6.0912
6.07919,6.07919
6.07919,6.07919
6.07919,6.07919
6.07919,6.07919
6.07919,6.07919
6.07919,6.07919
6.07919,6.07919
6.07919,6.07919
6.07919,6.08614
6.07919,6.07919
6.07919,6.07919
6.07919,6.08628
6.07919,6.07999
5.75409,6.07594
6.07919,6.07919
6.07919,6.08373
5.75409,6.08084
5.75409,6.08177
6.07919,6.08182
6.05547,6.07896
5.75409,6.07594
6.07919,6.0851
6.07919,6.07919
6.07919,6.07919
6.07919,6.07919
6.07919,6.07919
6.07919,6.07919
6.07919,6.07919
6.07919,6.07919
6.07919,6.07919
5.75409,6.08832
6.07919,6.08551
6.07919,6.09627
6.07919,6.07919
6.07919,6.08553
6.07919,6.08432
6.07919,6.09091
6.07919,6.08455
5.75409,6.07594
6.07919,6.07919
5.75409,6.07909
6.07919,6.07919
6.07919,6.07919
6.07919,6.0808
6.07919,6.07942
6.07919,6.07919
6.07919,6.07919
6.07919,6.07919
6.07919,6.07919
5.75409,6.07617
6.07919,6.07921
6.07919,6.07919
6.07919,6.07942
6.07919,6.07919
6.07919,6.07919
6.07919,6.08576
6.07919,6.08719
6.07919,6.08825
6.07919,6.07919
6.07919,6.07919
6.07919,6.07929
6.07919,6.08666
6.07919,6.08981
6.07919,6.08432
6.07919,6.07921
6.07919,6.08655
6.07919,6.07931
6.07919,6.08106
6.07919,6.08331
6.07919,6.07919
6.07919,6.07919
6.07919,6.07919
5.75409,6.07594
6.07919,6.07919
6.07919,6.07919
6.07919,6.07919
6.07919,6.07919
6.07919,6.07967
6.07919,6.08224
6.07919,6.07919
6.07919,6.07919
6.07919,6.07929
6.07919,6.08721
6.07919,6.08634
6.07919,6.07933
6.07919,6.08502
6.07919,6.07919
6.07919,6.07919
6.07919,6.08234
6.07919,6.09097
6.07919,6.08428
6.07919,6.08905
6.07919,6.08181
6.07919,6.07919
6.07919,6.07919
6.07919,6.09324
6.07919,6.08896
6.07919,6.07919
6.07919,6.07919
6.07919,6.07919
6.07919,6.09082
6.07919,6.08415
6.07919,6.07919
6.07919,6.07919
6.07919,6.08018
6.07919,6.08129
6.07919,6.07919
6.07919,6.07919
5.75409,6.07594
6.07919,6.09306
6.07919,6.07919
6.07919,6.07919
6.07919,6.07983
6.07919,6.07919
6.07919,6.07919
6.07919,6.0815
5.75409,6.07594
6.07919,6.08827
6.07919,6.07919
6.07919,6.0874
6.07919,6.07919
6.07919,6.08224
6.07919,6.07919
6.07919,6.07919
6.07919,6.08449
6.07919,6.07931
6.07919,6.08138
6.07919,6.08529
6.07919,6.07981
6.0593,6.079
6.07919,6.07919
6.07919,6.0819
6.07919,6.07919
6.07919,6.07919
6.07919,6.09617
5.75409,6.07594
6.07919,6.07924
6.07919,6.07919
6.07919,6.07919
6.07919,6.07919
6.07919,6.08695
6.07919,6.07919
5.75409,6.07269
5.75409,5.97861
5.75409,5.75819
5.75409,5.75409
5.75409,5.75413
5.75409,5.78808
5.75409,5.78952
5.75409,5.79795
5.75409,5.75745
5.75409,5.75647
5.73159,5.75387
5.75409,5.75409
5.75409,5.77459
5.75409,5.75409
5.75409,5.75409
5.75409,5.75409
5.75409,5.75409
5.75409,5.76584
5.75409,5.76019
5.75409,5.75409
5.73159,5.76291
5.75409,5.75457
5.75409,5.77828
5.75409,5.75447
5.75409,5.82378
5.75409,5.75409
5.73159,5.75388
5.75409,5.75409
5.75409,5.77332
5.75409,5.7804
5.75409,5.75537
5.75409,5.76156
5.75409,5.76503
5.75409,5.75774
5.75409,5.8003
5.75409,5.75409
5.75409,5.75409
5.75409,5.75409
5.75409,5.75409
5.73159,5.78323
5.75409,5.76183
5.75409,5.75409
5.75409,5.78673
5.75409,5.77525
5.75409,5.75409
5.75409,5.75409
5.75409,5.75409
5.75409,5.76055
5.73159,5.75387
5.75409,5.75409
5.75409,5.75409
5.75409,5.75409
5.75409,5.80038
5.75409,5.75409
5.75409,5.75413
5.75409,5.75409
5.75409,5.75409
5.75409,5.75409
5.75409,5.79941
5.75409,5.75695
5.75409,5.78079
5.73159,5.75387
5.75409,5.75409
5.75409,5.75409
5.75409,5.7869
5.75409,5.75409
5.75409,5.75409
5.75409,5.75409
5.75409,5.75409
5.75409,5.7733
5.75409,5.76701
5.75409,5.7892
5.75409,5.75654
5.75409,5.75545
5.75409,5.7569
5.75409,5.75409
5.75409,5.75861
5.75409,5.75409
5.75409,5.75409
5.75409,5.77788
5.75409,5.75843
5.75409,5.7686
5.75409,5.75409
5.75409,5.79147
5.75409,5.7659
5.75409,5.75409
5.75409,5.75409
5.75409,5.80672
5.75409,5.75409
5.73159,5.75387
5.75409,5.79687
5.75409,5.75409
5.75409,5.75409
5.75409,5.75572
5.73159,5.75387
5.75409,5.75543
5.75409,5.75409
5.75409,5.75409
5.75409,5.75778
5.75409,5.75409
5.75409,5.79724
5.75409,5.79825
5.75409,5.75409
5.73159,5.75387
5.75409,5.75409
5.73159,5.75387
5.75409,5.76388
5.75409,5.75822
5.75409,5.75409
5.75409,5.76765
5.75409,5.75409
5.75409,5.75642
5.75409,5.75409
5.75409,5.75409
5.75409,5.75409
5.75409,5.76217
5.75409,5.75409
5.75409,5.75409
5.75409,5.75409
5.75409,5.75409
5.75409,5.75409
5.73159,5.77087
5.75409,5.77687
5.75409,5.77268
5.75409,5.75443
5.75409,5.79083
5.75409,5.78795
5.75409,5.75409
5.75409,5.75409
5.75409,5.76348
5.75409,5.75464
5.75409,5.75409
5.73159,5.75387
5.75409,5.77373
5.75409,5.78944
5.75409,5.75409
5.75409,5.75409
5.75409,5.75409
5.75409,5.75409
5.75409,5.75409
5.75409,5.77087
5.75409,5.75413
5.75409,5.78259
5.75409,5.75867
5.75409,5.757
5.75409,5.75507
5.73159,5.76518
5.75409,5.75409
5.75409,5.76247
5.75409,5.75409
5.75409,5.75907
5.75409,5.75623
5.75409,5.75409
5.75409,5.76969
5.75409,5.77224
5.75409,5.75528
5.75409,5.7717
5.75409,5.75409
5.75409,5.75409
5.75409,5.76806
5.75409,5.75409
5.75409,5.76788
5.75409,5.75409
5.75409,5.75492
5.75409,5.76905
5.75409,5.75703
5.75409,5.75409
5.75409,5.75409
5.75409,5.75409
5.75409,5.75409
5.75409,5.75409
5.75409,5.75409
5.75409,5.75861
5.75409,5.78598
5.75409,5.76423
5.75409,5.75654
5.75409,5.75409
5.75409,5.77112
5.73159,5.75387
5.75409,5.7553
5.75409,5.75409
5.75409,5.75409
5.75409,5.75409
5.75409,5.75409
5.73159,5.75605
5.75409,5.76805
5.75409,5.7565
5.73159,5.76196
5.75409,5.75409
5.75409,5.76461
5.75409,5.75409
5.75409,5.75614
5.75409,5.75409
5.73159,5.75387
5.73159,5.78229
5.75409,5.75409
5.75409,5.75409
5.75409,5.75409
5.75409,5.75409
5.75409,5.77065
5.75409,5.75409
5.75409,5.75409
5.75409,5.75409
5.75409,5.75409
5.75409,5.75409
5.75409,5.76031
5.75409,5.75409
5.75409,5.78209
5.73159,5.75387
5.75409,5.75409
5.75409,5.75409
5.75409,5.75579
5.75409,5.79954
5.75409,5.78079
5.73159,5.75387
5.75409,5.75409
5.75409,5.75409
5.75409,5.78948
5.75409,5.75409
5.75409,5.75409
5.75409,5.75409
5.75409,5.75468
5.75409,5.75409
5.75409,5.75409
5.75409,5.75409
5.75409,5.76214
5.75409,5.75409
5.75409,5.75409
5.75409,5.75682
5.75409,5.75409
5.75409,5.75409
5.75409,5.75409
5.75409,5.79164
5.75409,5.75409
5.75409,5.75409
5.75409,5.75409
5.75409,5.75409
5.73159,5.75644
5.73159,5.76726
5.75409,5.75409
5.75409,5.75409
5.75409,5.75409
5.75409,5.75409
5.73159,5.75387
5.75409,5.76962
5.75409,5.7576
5.75409,5.75409
5.75409,5.75409
5.75409,5.75526
5.75409,5.82588
5.75409,5.75653
5.75409,5.77459
5.75409,5.76543
5.75409,5.79476
5.75409,5.77109
5.75409,5.75409
5.75409,5.75409
5.75409,5.75409
5.75409,5.75409
5.75409,5.75409
5.75409,5.75409
5.75409,5.75873
5.75409,5.7559
5.75409,5.75409
5.75409,5.75409
5.73159,5.76737
5.73159,5.75387
5.75409,5.75409
5.73159,5.75387
5.75409,5.77174
5.75409,5.75409
5.75409,5.78533
5.75409,5.75409
5.75409,5.77777
5.75409,5.75409
5.73159,5.77197
5.75409,5.7734
5.75409,5.75409
5.75409,5.75409
5.75409,5.78743
5.75409,5.75568
5.75409,5.77632
5.75409,5.77224
5.75409,5.79164
5.75409,5.75662
5.75409,5.79563
5.73159,5.75387
5.75409,5.75409
5.75409,5.7746
5.75409,5.75409
5.75409,5.75409
5.75409,5.75586
5.75409,5.75409
5.75409,5.76626
5.75409,5.75409
5.73159,5.75387
5.75409,5.75409
5.75409,5.7864
5.75409,5.79676
5.75409,5.77675
5.75409,5.76142
5.75409,5.7575
5.73159,5.75387
5.75409,5.75409
5.75409,5.75409
5.75409,5.75409
5.75409,5.75927
5.75409,5.75409
5.75409,5.7605
5.75409,5.76324
5.75409,5.75409
5.75409,5.76993
5.73159,5.75387
5.75409,5.75409
5.75409,5.75409
5.75409,5.75409
5.75409,5.75892
5.75409,5.75409
5.75409,5.75409
5.75409,5.75409
5.75409,5.75409
5.75409,5.77025
5.73159,5.7609
5.75409,5.75409
5.75409,5.75409
5.75409,5.75411
5.75409,5.75409
5.75409,5.791
5.75409,5.75409
5.75409,5.75409
5.75409,5.76264
5.75409,5.75622
5.75409,5.75409
5.75409,5.75492
5.75409,5.75409
5.75409,5.75409
5.73159,5.75387
5.75409,5.75409
5.75409,5.75409
5.75409,5.75409
5.75409,5.75409
5.75409,5.75409
5.73159,5.75387
5.73159,5.75387
5.75409,5.76497
5.75409,5.75409
5.75409,5.75409
5.75409,5.76535
5.75409,5.75409
5.75409,5.75409
5.75409,5.75409
5.75409,5.76975
5.73159,5.75387
5.75409,5.77046
5.75409,5.78199
5.75409,5.75409
5.75409,5.77239
5.75409,5.77261
5.75409,5.75483
5.75409,5.75409
5.73159,5.75387
5.73159,5.75387
5.73159,5.77224
5.73159,5.80767
5.75409,5.75409
5.75409,5.75655
5.75409,5.77329
5.75409,5.7765
5.75409,5.75409
5.75409,5.77427
5.75409,5.77179
5.75409,5.78109
5.75409,5.75667
5.75409,5.75409
5.75409,5.75941
5.75409,5.75409
5.75409,5.7713
5.75409,5.76652
5.75409,5.77873
5.75409,5.75443
5.75409,5.76334
5.75409,5.7605
5.73159,5.75387
5.75409,5.75409
5.75409,5.75409
5.75409,5.75516
5.75409,5.75848
5.75409,5.78795
5.73159,5.77328
5.75409,5.79126
5.75409,5.75409
5.75409,5.83318
5.75409,5.76043
5.75409,5.75794
5.75409,5.75409
5.75409,5.75409
5.75409,5.75409
5.75409,5.75409
5.75409,5.75409
5.75409,5.75409
5.75409,5.79567
5.75409,5.75409
5.75409,5.75409
5.75409,5.75409
5.73159,5.75387
5.75409,5.75409
5.75409,5.75409
5.75409,5.75409
5.75409,5.75409
5.73159,5.75387
5.75409,5.75409
5.75409,5.75593
5.73159,5.796
5.75409,5.75447
5.75409,5.75409
5.75409,5.75733
5.75409,5.75409
5.75409,5.77539
5.75409,5.80655
5.75409,5.75628
5.75409,5.82875
5.75409,5.75409
5.75409,5.78857
5.75409,5.75409
5.75409,5.75409
5.75409,5.75409
5.75409,5.75409
5.75409,5.79264
5.73159,5.75387
5.75409,5.75409
5.75409,5.75409
5.75409,5.75409
5.75409,5.797
5.75409,5.75409
5.75409,5.75409
5.75409,5.75409
5.75409,5.75409
5.75409,5.75409
5.75409,5.76313
5.75409,5.75733
5.75409,5.75695
5.73159,5.75387
5.75409,5.75548
5.75409,5.77819
5.75409,5.75409
5.75409,5.75409
5.75409,5.80177
5.75409,5.75409
5.75409,5.75409
5.75409,5.75409
5.75409,5.75409
5.75409,5.75409
5.75409,5.75409
5.75409,5.7546
5.75409,5.76513
5.75409,5.75409
5.75409,5.75804
5.75409,5.75692
5.75409,5.75409
5.73159,5.77889
5.73159,5.78788
5.73159,5.73238
5.73159,5.73936
5.73159,5.73159
5.73159,5.73942
5.73159,5.73979
5.73159,5.73445
5.73159,5.73159
5.73159,5.73159
5.73159,5.73159
5.73159,5.73159
5.73159,5.73159
5.73159,5.76401
5.73159,5.73159
5.73159,5.73159
5.73159,5.73159
5.73159,5.73159
5.73159,5.73159
5.73159,5.74285
5.73159,5.73159
5.73159,5.73159
5.73159,5.7328
5.73159,5.73159
5.73159,5.74978
5.73159,5.73334
5.73159,5.75623
5.73159,5.73159
5.73159,5.73159
5.73159,5.73159
5.73159,5.74664
5.73159,5.73159
5.73159,5.74666
5.73159,5.73385
5.73159,5.73159
5.73159,5.73159
5.73159,5.74725
5.73159,5.7344
5.73159,5.73159
5.73159,5.75947
5.73159,5.78584
5.73159,5.73159
5.73159,5.73159
5.73159,5.74599
5.73159,5.73161
5.73159,5.73159
5.73159,5.77212
5.73159,5.76414
5.73159,5.73159
5.73159,5.73912
5.73159,5.73159
5.73159,5.73159
5.73159,5.76527
5.73159,5.73514
5.73159,5.73159
5.73159,5.74348
5.73159,5.79875
5.73159,5.74322
5.73159,5.74016
5.73159,5.74679
5.73159,5.73159
5.73159,5.73397
5.73159,5.73159
5.73159,5.73159
5.73159,5.73536
5.73159,5.73159
5.73159,5.73159
5.73159,5.73638
5.73159,5.73159
5.73159,5.73344
5.73159,5.76417
5.73159,5.76328
5.73159,5.73242
5.73159,5.78677
5.73159,5.73322
5.73159,5.73159
5.73159,5.73159
5.73159,5.73159
5.73159,5.73159
5.73159,5.73384
5.73159,5.73159
5.73159,5.73159
5.73159,5.81547
5.73159,5.74207
5.73159,5.73506
5.73159,5.75822
5.73159,5.73159
5.73159,5.75071
5.73159,5.73159
5.73159,5.73159
5.73159,5.7374
5.73159,5.73626
5.73159,5.73159
5.73159,5.73159
5.73159,5.74211
5.73159,5.76012
5.73159,5.73159
5.73159,5.78765
5.73159,5.73159
5.73159,5.73159
5.73159,5.73159
5.73159,5.76116
5.73159,5.73159
5.73159,5.73159
5.73159,5.73159
5.73159,5.73824
5.73159,5.73159
5.73159,5.76472
5.73159,5.73159
5.73159,5.73159
5.73159,5.73159
5.73159,5.81479
5.73159,5.7968
5.73159,5.73159
5.73159,5.73159
5.73159,5.73159
5.73159,5.74234
5.73159,5.75728
5.73159,5.73159
5.73159,5.73965
5.73159,5.73159
5.73159,5.75274
5.73159,5.73159
5.73159,5.73159
5.73159,5.73646
5.73159,5.73159
5.73159,5.73181
5.73159,5.76038
5.73159,5.73159
5.73159,5.7458
5.73159,5.73159
5.73159,5.75468
5.73159,5.74262
5.73159,5.73159
5.73159,5.73159
5.73159,5.76086
5.73159,5.73426
5.73159,5.73159
5.73159,5.73159
5.73159,5.73159
5.73159,5.73357
5.73159,5.73159
5.73159,5.73159
5.73159,5.73256
5.73159,5.73159
5.73159,5.73159
5.73159,5.73159
5.73159,5.73159
5.73159,5.76121
5.73159,5.73159
5.73159,5.7321
5.73159,5.74695
5.73159,5.73159
5.73159,5.75284
5.73159,5.73159
5.73159,5.76564
5.73159,5.73217
5.73159,5.73159
5.73159,5.73159
5.73159,5.73316
5.73159,5.74967
5.73159,5.73159
5.73159,5.73159
5.73159,5.73159
5.73159,5.73159
5.73159,5.73159
5.73159,5.74287
5.73159,5.73589
5.73159,5.73273
5.73159,5.73159
5.73159,5.73159
5.73159,5.73159
5.73159,5.763
5.73159,5.73159
5.73159,5.73654
5.73159,5.73159
5.73159,5.73159
5.73159,5.73159
5.73159,5.73159
5.73159,5.73159
5.73159,5.73611
5.73159,5.77128
5.73159,5.73217
5.73159,5.74697
5.73159,5.73488
5.73159,5.7574
5.73159,5.73159
5.73159,5.73159
5.73159,5.73159
5.73159,5.73159
5.73159,5.7483
5.73159,5.73869
5.73159,5.73161
5.73159,5.73159
5.73159,5.73159
5.73159,5.74247
5.73159,5.73159
5.73159,5.74716
5.73159,5.73159
5.73159,5.73159
5.73159,5.73159
5.73159,5.73159
5.73159,5.73193
5.73159,5.73212
5.73159,5.74522
5.73159,5.73159
5.73159,5.73159
5.73159,5.73159
5.73159,5.73159
5.73159,5.76226
5.73159,5.73159
5.73159,5.75247
5.73159,5.73368
5.73159,5.73386
5.73159,5.73159
5.73159,5.7427
5.73159,5.74015
5.73159,5.74138
5.73159,5.73159
5.73159,5.73159
5.73159,5.73159
5.73159,5.74628
5.73159,5.73159
5.73159,5.73169
5.73159,5.73242
5.73159,5.75208
5.73159,5.73159
5.73159,5.73161
5.73159,5.73661
5.73159,5.73218
5.73159,5.7322
5.73159,5.73901
5.73159,5.73159
5.73159,5.73159
5.73159,5.73159
5.73159,5.76312
5.73159,5.73445
5.73159,5.73529
5.73159,5.73159
5.73159,5.75623
5.73159,5.7733
5.73159,5.73159
5.73159,5.76311
5.73159,5.76173
5.73159,5.76072
5.73159,5.73513
5.73159,5.73846
5.73159,5.78446
5.73159,5.75003
5.73159,5.7448
5.73159,5.73159
5.73159,5.73159
5.73159,5.73159
5.73159,5.75467
5.73159,5.73159
5.73159,5.73217
5.73159,5.73159
5.73159,5.73159
5.73159,5.73159
5.73159,5.73159
5.73159,5.73159
5.73159,5.73159
5.73159,5.73159
5.73159,5.73159
5.73159,5.73159
5.73159,5.73169
5.73159,5.73159
5.73159,5.73193
5.73159,5.73422
5.73159,5.76393
5.73159,5.73159
5.73159,5.78881
5.73159,5.73159
5.73159,5.73159
5.73159,5.75654
5.73159,5.73159
5.73159,5.74859
5.73159,5.73159
5.73159,5.78571
5.73159,5.73159
5.73159,5.73181
5.73159,5.78347
5.73159,5.7471
5.73159,5.75231
5.73159,5.73159
5.73159,5.73159
5.73159,5.73159
5.73159,5.73276
5.73159,5.74686
5.73159,5.73159
5.73159,5.73159
5.73159,5.77958
5.73159,5.73159
5.73159,5.73159
5.73159,5.73159
5.73159,5.73159
5.73159,5.74421
5.73159,5.73159
5.73159,5.74543
5.73159,5.74909
5.73159,5.73159
5.73159,5.73159
5.73159,5.73159
5.73159,5.73783
5.73159,5.73159
5.73159,5.73159
5.73159,5.73159
5.73159,5.73159
5.73159,5.73159
5.73159,5.73159
5.73159,5.74807
5.73159,5.74964
5.73159,5.73332
5.73159,5.73159
5.73159,5.73159
5.73159,5.73519
5.73159,5.73159
5.73159,5.73159
5.73159,5.73159
5.73159,5.73159
5.73159,5.73159
5.73159,5.73159
5.73159,5.74359
5.73159,5.73159
5.73159,5.7536
5.73159,5.77026
5.73159,5.73159
5.73159,5.74321
5.73159,5.73489
5.73159,5.73159
5.73159,5.74704
5.73159,5.73242
5.73159,5.73159
5.73159,5.73159
5.73159,5.73159
5.73159,5.73159
5.73159,5.73905
5.73159,5.73159
5.73159,5.76739
5.73159,5.75231
5.73159,5.74506
5.73159,5.73159
5.73159,5.73159
5.73159,5.73793
5.73159,5.73159
5.73159,5.77638
5.73159,5.73159
5.73159,5.76123
5.73159,5.73311
5.73159,5.73159
5.73159,5.73159
5.73159,5.73159
5.73159,5.75177
5.73159,5.73551
5.73159,5.76858
5.73159,5.74898
5.73159,5.73159
5.73159,5.7421
5.73159,5.73159
5.73159,5.73685
5.73159,5.75361
5.73159,5.73159
5.73159,5.73159
5.73159,5.73338
5.73159,5.77184
5.73159,5.73212
5.73159,5.73159
5.73159,5.73159
5.73159,5.75669
5.73159,5.74746
5.73159,5.73159
5.73159,5.73159
5.73159,5.73159
5.73159,5.75442
5.73159,5.74946
5.73159,5.73159
5.73159,5.73207
5.73159,5.73159
5.73159,5.73159
5.73159,5.76075
5.73159,5.74941
5.73159,5.73334
5.73159,5.73159
5.73159,5.74225
5.73159,5.75206
5.73159,5.73984
5.73159,5.73217
5.73159,5.75266
5.73159,5.73159
5.73159,5.73159
5.73159,5.73159
5.73159,5.73159
5.73159,5.73443
5.73159,5.73159
5.73159,5.73241
5.73159,5.73583
5.73159,5.73159
5.73159,5.73159
5.73159,5.74192
5.73159,5.73901
5.73159,5.73159
5.73159,5.7423
5.73159,5.73159
5.73159,5.73159
5.73159,5.73159
5.73159,5.73399
5.73159,5.75255
5.73159,5.75655
5.73159,5.76466
5.73159,5.73159
5.73159,5.73159
5.73159,5.73159
5.73159,5.73159
5.73159,5.73159
5.73159,5.73159
5.73159,5.74139
5.73159,5.74299
5.73159,5.73159
5.73159,5.73355
5.73159,5.73159
5.73159,5.7338
5.73159,5.74468
5.73159,5.73159
5.73159,5.75997
5.73159,5.73159
5.73159,5.73159
5.73159,5.73159
5.73159,5.73463
5.73159,5.73159
5.73159,5.73364
5.73159,5.77782
5.73159,5.73159
5.73159,5.75248
5.73159,5.73159
5.73159,5.79425
5.73159,5.73783
5.73159,5.73159
5.73159,5.73159
5.73159,5.77015
5.73159,5.7339
5.73159,5.73159
5.73159,5.73159
5.73159,5.73159
5.73159,5.73877
5.73159,5.73159
5.73159,5.73159
5.73159,5.73603
5.73159,5.77967
5.73159,5.74868
5.73159,5.73546
5.73159,5.73159
5.73159,5.73159
5.73159,5.73159
5.73159,5.73171
5.73159,5.73159
5.73159,5.74236
5.73159,5.73159
5.73159,5.73301
5.73159,5.73159
5.73159,5.75259
5.73159,5.73524
5.73159,5.74496
5.73159,5.73159
5.73159,5.73788
5.73159,5.73219
5.73159,5.73159
5.73159,5.73159
5.73159,5.73159
5.73159,5.73739
5.73159,5.76924
5.73159,5.73159
5.73159,5.73159
5.73159,5.77194
5.73159,5.73159
5.73159,5.73159
5.73159,5.73159
5.73159,5.73159
5.73159,5.73159
5.73159,5.73159
5.73159,5.73159
5.73159,5.73159
5.73159,5.7366
5.73159,5.73965
5.73159,5.73159
5.73159,5.73159
5.73159,5.73159
5.73159,5.73159
5.73159,5.73159
5.73159,5.73159
5.73159,5.73978
5.73159,5.74709
5.73159,5.74637
5.73159,5.74536
5.73159,5.73754
5.73159,5.73159
5.73159,5.73159
5.73159,5.73159
5.73159,5.73159
5.73159,5.73159
5.73159,5.73159
5.73159,5.73159
5.73159,5.73159
5.73159,5.77173
5.73159,5.73159
5.73159,5.73604
5.73159,5.73159
5.73159,5.73159
5.73159,5.73273
5.73159,5.73159
5.73159,5.73159
5.73159,5.73159
5.73159,5.73159
5.73159,5.78842
5.73159,5.73159
5.73159,5.73159
5.73159,5.73159
5.73159,5.78581
5.73159,5.73207
5.73159,5.73159
5.73159,5.73159
5.73159,5.73159
5.73159,5.73159
5.73159,5.73159
5.73159,5.73703
5.73159,5.73268
5.73159,5.73242
5.73159,5.73266
5.73159,5.73159
5.73159,5.73159
5.73159,5.73159
5.73159,5.73159
5.73159,5.73159
5.73159,5.73503
5.73159,5.7321
5.73159,5.73159
5.73159,5.73327
5.73159,5.7432
5.73159,5.73159
5.73159,5.73159
5.73159,5.73921
5.73159,5.73159
5.73159,5.74656
5.73159,5.73159
5.73159,5.73159
5.73159,5.73159
5.73159,5.73159
5.73159,5.73159
5.73159,5.73997
5.73159,5.73159
5.73159,5.73159
5.73159,5.77215
5.73159,5.73159
5.73159,5.73159
5.73159,5.77701
5.73159,5.73159
5.73159,5.74206
5.73159,5.73159
5.73159,5.73159
5.73159,5.73159
5.73159,5.73159
5.73159,5.73159
5.73159,5.73159
5.73159,5.73159
5.73159,5.74787
5.73159,5.73159
5.73159,5.75324
5.73159,5.73169
5.73159,5.74517
5.73159,5.73159
5.73159,5.74887
5.73159,5.73159
5.73159,5.73394
5.73159,5.73159
5.73159,5.73159
5.73159,5.74555
5.73159,5.74517
5.73159,5.73159
5.73159,5.73159
5.73159,5.73159
5.73159,5.75525
5.73159,5.73159
5.73159,5.74527
5.73159,5.73159
5.73159,5.7334
5.73159,5.73159
5.73159,5.73159
5.73159,5.73398
5.73159,5.73159
5.73159,5.73998
5.73159,5.73159
5.73159,5.73836
5.73159,5.7485
5.73159,5.74173
5.73159,5.73159
5.73159,5.79431
5.73159,5.75815
5.73159,5.7328
5.73159,5.73159
5.73159,5.73159
5.73159,5.73171
5.73159,5.73159
5.73159,5.7359
5.73159,5.73159
5.73159,5.75451
5.73159,5.73159
5.73159,5.73159
5.73159,5.73159
5.73159,5.73159
5.73159,5.73159
5.73159,5.73193
5.73159,5.73159
5.73159,5.73538
5.73159,5.73865
5.73159,5.76111
5.73159,5.75051
5.73159,5.73159
5.73159,5.74101
5.73159,5.73827
5.73159,5.73159
5.73159,5.75274
5.73159,5.73159
5.73159,5.77488
5.73159,5.73159
5.73159,5.73159
5.73159,5.73159
5.73159,5.74445
5.73159,5.74275
5.73159,5.74021
5.73159,5.73496
5.73159,5.73159
5.73159,5.73159
5.73159,5.73159
5.73159,5.75999
5.73159,5.73159
5.73159,5.75292
5.73159,5.73619
5.73159,5.73159
5.73159,5.73681
5.73159,5.75044
5.73159,5.75349
5.73159,5.73534
5.73159,5.73171
5.73159,5.73159
5.73159,5.7522
5.73159,5.73413
5.73159,5.73159
5.73159,5.73159
5.73159,5.73159
5.73159,5.74825
5.73159,5.73159
5.73159,5.73159
5.73159,5.74421
5.73159,5.73159
5.73159,5.73159
5.73159,5.73159
5.73159,5.73159
5.73159,5.74561
5.73159,5.78208
5.73159,5.75265
5.73159,5.73159
5.73159,5.73159
5.73159,5.73432
5.73159,5.7359
5.73159,5.78511
5.73159,5.74804
5.73159,5.73159
5.73159,5.73159
5.73159,5.73159
5.73159,5.73159
5.73159,5.73159
5.73159,5.76175
5.73159,5.73161
5.73159,5.73159
5.73159,5.73159
5.73159,5.73171
5.73159,5.73159
5.73159,5.73159
5.73159,5.73159
5.73159,5.73159
5.73159,5.73159
5.73159,5.73171
5.73159,5.73159
5.73159,5.73873
5.73159,5.73454
5.73159,5.74172
5.73159,5.73159
5.73159,5.73159
5.73159,5.80863
5.73159,5.73757
5.73159,5.73159
5.73159,5.7576
5.73159,5.73159
5.73159,5.74804
5.73159,5.73159
5.73159,5.73159
5.73159,5.73159
5.73159,5.73159
5.73159,5.74442
5.73159,5.74527
5.73159,5.73159
5.73159,5.73159
5.73159,5.73159
5.73159,5.73159
5.73159,5.73611
5.73159,5.73159
5.73159,5.73159
5.73159,5.73159
5.73159,5.74927
5.73159,5.73159
5.73159,5.75158
5.73159,5.77381
5.73159,5.73159
5.73159,5.73159
5.73159,5.73639
5.73159,5.73159
5.73159,5.73159
5.73159,5.74197
5.73159,5.73159
5.73159,5.73336
5.73159,5.74286
5.73159,5.73159
5.73159,5.73159
5.73159,5.73159
5.73159,5.73298
5.73159,5.7376
5.73159,5.7364
5.73159,5.74036
5.73159,5.73405
5.73159,5.73159
5.73159,5.73159
5.73159,5.73159
5.73159,5.73159
5.73159,5.75124
5.73159,5.74918
5.73159,5.75204
5.73159,5.73159
5.73159,5.73159
5.73159,5.75569
5.73159,5.74308
5.73159,5.73159
5.73159,5.73159
5.73159,5.75824
5.73159,5.74497
5.73159,5.73159
5.73159,5.73965
5.73159,5.73161
5.73159,5.73159
5.73159,5.73159
5.73159,5.73159
5.73159,5.75638
5.73159,5.73159
5.73159,5.73159
5.73159,5.73159
5.73159,5.73159
5.73159,5.73159
5.73159,5.73159
5.73159,5.73169
5.73159,5.73813
5.73159,5.73159
5.73159,5.73466
5.73159,5.77147
5.73159,5.73159
5.73159,5.73159
5.73159,5.79598
5.73159,5.73159
5.73159,5.77987
5.73159,5.75088
5.73159,5.73532
5.73159,5.75594
5.73159,5.73638
5.73159,5.7661
5.73159,5.73159
5.73159,5.73606
5.73159,5.75844
5.73159,5.74137
5.73159,5.73159
5.73159,5.73159
5.73159,5.73159
5.73159,5.73338
5.73159,5.73159
5.73159,5.73712
5.73159,5.73159
5.73159,5.77805
5.73159,5.74473
5.73159,5.75704
5.73159,5.73159
5.73159,5.73214
5.73159,5.73701
