1.41627
1.41627
1.45855
1.45855
1.39054
1.24987
1.17557
0.984947
1.09529
1.09586
1.09646
1.04735
1.01147
1.03947
0.972468
0.996629
1.09184
1.08796
1.08796
1.08796
1.08796
1.01183
1.02203
1.00154
1.14025
0.995971
0.995971
1.1081
1.2212
1.24267
1.18781
1.22456
1.12035
1.16491
1.25621
1.24641
1.36041
1.36857
1.3362
1.29072
1.10598
1.15778
1.10435
1.12993
1.18141
1.19353
1.2462
1.2462
1.28088
1.29025
1.29025
1.33251
1.2277
1.21979
1.15776
1.15776
0.938906
0.991584
0.887502
0.887502
0.822289
0.763363
0.808481
0.659041
0.537827
0.630352
0.713238
0.868658
0.773962
0.927609
0.927609
0.901569
0.802088
0.878923
0.982199
0.931169
0.87101
0.87101
0.768559
0.893265
0.755077
0.87889
0.87889
1.06456
1.04644
0.950264
0.93468
0.820463
0.930908
0.945583
0.933835
0.875855
0.816194
0.791918
0.740281
0.740281
0.688288
0.688288
0.561601
0.630292
0.436225
0.488985
0.432549
0.432549
0.244018
0.320581
0.330765
0.308006
0.330167
0.21172
0.335142
0.466947
0.502836
0.425226
0.305306
0.346357
0.346357
0.209987
0.209987
0.16944
0.16944
0.174866
0.3137
0.421423
0.309905
0.309905
0.398562
0.292582
0.216336
0.190836
0.11325
0.156166
0.133906
0.0267614
0.22999
0.17845
0.144646
0.391432
0.391432
0.187735
0.14896
0.116511
0.00144308
0.212824
0.139935
0.233644
0.172453
0.224505
0.341682
0.0994704
0.0810996
0.190695
0.309738
0.301713
0.389131
0.315651
0.255733
0.340009
0.2249
0.238552
0.156415
0.0750986
0.00742856
0.0368471
0.100852
0.100852
0.0879529
0.0614407
0.0617817
0.26453
0.361948
0.510294
0.497374
0.610101
0.623824
0.616267
0.61541
0.701027
0.669337
0.554618
0.514619
0.639338
0.559815
0.60434
0.540398
0.705845
0.636255
0.728466
0.881763
0.881763
0.926865
1.00894
1.09062
0.963809
1.03713
1.03731
0.99184
0.817713
0.765764
0.75585
0.682332
0.63384
0.564867
0.800205
0.598861
0.650841
0.646365
0.646365
0.625576
0.461552
0.382082
0.504496
0.488117
0.551362
0.475991
0.401472
0.453914
0.494014
0.522068
0.585498
0.629692
0.673371
0.714594
0.641342
0.651513
0.65141
0.65141
0.511187
0.562579
0.610376
0.552145
0.292678
0.212931
0.282105
0.290893
0.290893
0.213031
0.213031
0.213031
0.229723
0.229723
0.238521
0.123847
0.0015969
0.139086
0.0380636
0.0380636
0.0101011
0.0222718
0.119181
0.0564244
0.202524
0.202524
0.18802
0.162232
0.242075
0.39566
0.433112
0.399243
0.32367
0.255936
0.159801
0.159801
0.236447
0.0696559
0.0805937
0.0317784
0.159566
0.159566
0.18499
0.330725
0.39214
0.543427
0.50227
0.615652
0.507474
0.507474
0.507474
0.507474
0.482225
0.404251
0.491824
0.464458
0.464458
0.334943
0.330821
0.289394
0.27062
0.125013
0.0513703
0.101536
0.317816
0.146214
0.222873
0.163973
0.1192
0.236447
0.236447
0.377533
0.413641
0.368507
0.368507
0.368507
0.163665
0.421035
0.247807
0.320958
0.161718
0.256848
0.205854
0.205854
0.110738
0.235091
0.064643
0.0285849
0.155173
0.230333
0.451014
0.465057
0.287271
0.108398
0.0696242
0.0205152
0.125771
0.108997
0.0141474
0.0528117
0.145299
0.0600153
0.09071
0.09071
0.163763
0.163763
0.252544
0.230728
0.230728
0.230728
0.286782
0.412792
0.438822
0.409615
0.4539
0.286081
0.286081
0.312404
0.312404
0.191821
0.282677
0.454716
0.365537
0.404905
0.387455
0.396304
0.510567
0.510567
0.526924
0.431359
0.470344
0.418045
0.531468
0.679613
0.70224
0.651836
0.538218
0.560892
0.446848
0.601711
0.545887
0.451431
0.5251
0.327751
0.372408
0.401432
0.503661
0.553039
0.640352
0.640352
0.342338
0.34067
0.34067
0.387692
0.364673
0.478609
0.521399
0.721283
0.521597
0.572801
0.501237
0.501237
0.522164
0.696948
0.693724
0.896628
0.896628
0.897365
0.975826
0.986579
0.986579
0.938033
0.866063
0.903616
0.903616
1.08588
1.13645
1.07414
1.12411
1.13528
1.13528
1.02979
1.03762
1.12155
1.04965
1.20027
1.02193
1.06233
1.06233
1.02489
1.04832
1.01855
1.01855
1.17558
1.04204
0.989682
0.880348
0.8155
0.701487
0.661632
0.714525
0.714525
0.871113
0.800347
0.800347
0.820752
0.861148
0.919396
0.964835
0.96411
0.98516
0.95774
0.95774
0.95774
1.02178
1.02178
0.9986
0.966117
0.90537
0.937678
0.924373
1.03545
0.898061
0.898061
0.779727
0.837729
0.711183
0.58383
0.511534
0.511534
0.511534
0.511534
0.387979
0.479489
0.509385
0.610207
0.682233
0.618905
0.618905
0.548235
0.585243
0.587673
0.64891
0.64891
0.526539
0.468591
0.504121
0.504121
0.503998
0.503998
0.503998
0.503998
0.503998
0.501241
0.501241
0.501241
0.501241
0.469594
0.458265
0.611637
0.791378
0.682777
0.739261
0.530498
0.530498
0.621171
0.713982
0.933626
0.961561
0.961561
0.976322
0.976322
0.976322
0.964574
0.964574
0.964574
0.823018
0.925116
0.895947
0.992358
0.984904
1.08861
0.988197
0.989107
0.921522
0.788789
0.574874
0.530397
0.530397
0.564157
0.593811
0.643998
0.66495
0.769916
0.832556
0.818705
0.587849
0.706179
0.583869
0.583869
0.433851
0.519452
0.60231
0.563058
0.50201
0.574222
0.574222
0.721301
0.847952
0.786252
0.811266
0.857846
0.928401
0.955873
0.955873
0.959236
0.947981
0.893843
0.896759
0.968883
0.968883
0.971067
1.04382
0.965813
0.918696
0.921718
0.921718
0.768713
0.768713
0.768713
0.768713
0.8915
0.935306
0.900832
0.900832
0.900832
0.787151
0.810617
0.884754
0.810211
0.756928
0.783696
0.768934
0.766731
0.750947
0.716439
0.769233
0.735285
0.724097
0.707376
0.707376
0.717562
0.847348
0.773246
0.773246
0.773246
0.780775
0.667255
0.667255
0.637626
0.473978
0.670622
0.669641
0.669641
0.515951
0.375652
0.426472
0.426472
0.379878
0.342293
0.512502
0.329041
0.399947
0.260114
0.260114
0.11321
0.0128854
0.219692
0.219692
0.241153
0.329574
0.329574
0.239526
0.0110612
0.053673
0.0691351
0.144867
0.254785
0.26363
0.427281
0.200481
0.123056
0.133625
0.133625
0.253077
0.294066
0.142607
0.129577
0.096892
0.146907
0.146907
0.17633
0.312302
0.378835
0.303161
0.34086
0.3816
0.15985
0.0221354
0.0221354
0.111702
0.15658
0.15658
0.113266
0.0561263
0.0561263
0.025039
0.025039
0.025039
0.112498
0.112498
0.142557
0.0500276
0.111807
0.0238999
0.0911737
0.0937471
0.0937471
0.13175
0.102215
0.0264852
0.00571272
0.216255
0.285814
0.285814
0.285814
0.449636
0.449747
0.449747
0.542952
0.618698
0.588345
0.691122
0.63586
0.578307
0.613529
0.589039
0.651368
0.633943
0.7355
0.690195
0.690195
0.829587
0.793882
0.946173
1.02996
1.00406
1.00406
0.94957
0.94957
0.955631
1.08972
0.896394
0.896394
0.896394
0.846258
0.846258
0.837651
0.883797
0.801888
0.801888
0.819983
0.698678
0.731838
0.822275
0.822275
0.865497
0.855185
0.855185
0.719364
0.79979
0.668672
0.863489
0.747737
0.779843
0.565067
0.400962
0.496056
0.548333
0.561431
0.551002
0.553111
0.413507
0.590892
0.766491
0.800087
0.861935
0.861935
0.861935
0.861935
0.965993
0.965993
0.79743
0.789804
0.789804
0.789804
0.824424
0.881813
0.961071
0.788122
0.899383
0.859823
0.910256
0.769352
0.7419
0.622682
0.584221
0.674258
0.65663
0.574518
0.574518
0.56773
0.612934
0.612934
0.652111
0.651076
0.711622
0.711622
0.711622
0.742136
0.823909
0.823909
0.771824
0.771824
0.771824
0.771824
0.80678
0.730166
0.689577
0.672008
0.664659
0.567944
0.489219
0.542699
0.519901
0.532452
0.764941
0.689428
0.779459
0.779459
0.854941
0.854941
0.899437
0.726213
0.700011
0.755935
0.819358
0.829997
0.950357
0.950357
0.980224
0.958368
0.958368
0.918724
0.758094
0.75301
0.834974
0.834974
0.836464
0.803774
0.759094
0.620535
0.70799
0.70799
0.618695
0.618695
0.642028
0.642028
0.642028
0.642028
0.592056
0.741243
0.692076
0.812406
0.812406
0.729918
0.677864
0.719086
0.898814
0.875093
1.01231
0.963768
0.958637
0.837572
0.688124
0.688124
0.663546
0.711529
0.62337
0.62337
0.569002
0.568268
0.568268
0.574743
0.499605
0.453485
0.471431
0.559914
0.606557
0.606557
0.59131
0.532335
0.532335
0.521122
0.44089
0.417683
0.474678
0.474678
0.53335
0.635531
0.771245
0.868198
0.764164
0.815677
0.722562
0.732384
0.819636
0.820787
0.895008
0.775211
0.775211
0.775211
0.777516
0.88306
0.855421
0.835284
0.993749
0.913013
0.913013
0.822634
0.807637
0.864639
0.864639
0.864639
0.864639
0.864639
0.864639
0.850743
0.666688
0.666688
0.564937
0.463227
0.525048
0.640106
0.640106
0.640106
0.640106
0.683548
0.683548
0.683548
0.541564
0.541564
0.541564
0.542566
0.54538
0.579825
0.597494
0.670749
0.670749
0.73996
0.668843
0.761615
0.83642
0.716045
0.782523
0.837511
0.623667
0.666503
0.666503
0.666503
0.666503
0.736362
0.843461
0.843461
0.843461
0.747691
0.751351
0.762114
0.616094
0.822481
0.912691
0.912691
0.850837
0.931619
0.932487
0.913719
0.855707
0.780928
0.780928
0.644857
0.798132
0.547968
0.649511
0.612324
0.649596
0.73766
0.671796
0.505044
0.570091
0.452136
0.364789
0.449102
0.449102
0.379685
0.379685
0.471738
0.425557
0.455107
0.429383
0.429383
0.696483
0.587383
0.587383
0.60945
0.502526
0.502526
0.622232
0.640448
0.640448
0.640448
0.640448
0.663335
0.70289
0.70289
0.671322
0.671322
0.646771
0.646771
0.646771
0.646771
0.646771
0.596671
0.596671
0.57955
0.532902
0.622334
0.632928
0.522408
0.701007
0.722112
0.812644
0.803204
0.908941
0.848517
0.847175
0.862839
0.732764
0.709935
0.709935
0.69129
0.69129
0.69129
0.832532
0.832532
0.632085
0.554369
0.554369
0.678104
0.678104
0.647981
0.531756
0.531756
0.588938
0.390887
0.467428
0.398744
0.4549
0.4549
0.208507
0.159308
0.237074
0.237074
0.299775
0.299775
0.299775
0.178941
0.0651869
0.0651869
0.102824
0.0939627
0.0939627
0.00666422
0.00666422
0.18499
0.313382
0.313382
0.141401
0.217381
0.217381
0.217381
0.217381
0.217381
0.217381
0.00336365
0.102758
0.133326
0.0380484
0.0923865
0.0327187
0.0327187
0.00122237
0.00122237
0.0133073
0.0579724
0.0943594
0.239792
0.330245
0.31204
0.31204
0.31204
0.211373
0.342844
0.323993
0.365558
0.358576
0.358576
0.270171
0.20052
0.242935
0.225924
0.222401
0.266538
0.266538
0.333246
0.272309
0.215239
0.215239
0.215239
0.219377
0.16009
0.129253
0.129253
0.235583
0.235583
0.235583
0.208482
0.114303
0.114303
0.114303
0.288777
0.297861
0.297861
0.222541
0.30318
0.30318
0.226902
0.0520345
0.236317
0.338294
0.287251
0.268889
0.330857
0.274862
0.295231
0.373273
0.373273
0.373273
0.373273
0.480368
0.486774
0.486774
0.486774
0.486774
0.428771
0.555433
0.555433
0.755013
0.827732
0.861421
0.875893
0.893363
0.893363
0.893363
0.936507
0.876745
0.83884
0.83884
0.819155
0.796863
0.796863
0.796863
0.796863
0.796863
0.704533
0.704533
0.709839
0.630598
0.630598
0.930869
0.930869
0.887457
0.841019
0.841019
0.869185
0.796124
0.862583
0.862583
0.862583
0.862583
0.862583
0.862583
0.741658
0.628904
0.628904
0.791681
0.70513
0.70513
0.813069
0.813069
0.813069
0.813069
0.813069
0.813069
0.813069
0.786712
0.67938
0.67938
0.675906
0.675906
0.726831
0.726831
0.713176
0.713176
0.821149
0.781297
0.781297
0.88212
0.88212
0.864368
0.864368
0.977692
0.999251
0.988774
1.04925
1.00025
1.00025
0.952643
0.952643
0.952643
0.952643
0.952643
0.81509
0.869934
0.869934
0.869934
0.869934
0.869934
0.869934
0.869934
0.687251
0.654089
0.683143
0.700091
0.700091
0.81527
0.81527
0.812265
0.926836
0.931771
0.931771
0.931771
0.917568
0.917568
0.917568
0.917568
0.865835
0.865835
0.795419
0.818592
0.818592
0.769238
0.769238
0.828532
0.828532
0.828532
0.933289
0.933289
0.851187
0.727944
0.727944
0.629511
0.56822
0.651112
0.651112
0.703727
0.749513
0.734746
0.734746
0.734746
0.773582
0.784596
0.784596
0.988675
0.988675
0.988675
0.988675
0.988675
0.936926
0.783717
0.783717
0.84555
0.84555
0.681672
0.809688
0.899129
0.899129
0.850647
0.853697
0.853697
0.853697
0.853697
0.820348
0.820348
0.820348
0.805083
0.805083
0.809136
0.707824
0.707824
0.811014
0.811014
0.811014
0.824214
0.824214
0.908948
0.88754
0.85257
0.85257
0.832358
0.886379
0.85385
0.85385
0.737467
0.737467
0.700516
0.700516
0.700516
0.664726
0.664726
0.686434
0.686434
0.686434
0.686434
0.686434
0.686434
0.686434
0.686434
0.746798
0.887708
0.730414
0.715168
0.715168
0.770202
0.867241
0.778282
0.738244
0.738244
0.646535
0.631576
0.631576
0.631576
0.652181
0.652181
0.652181
0.711218
0.693043
0.732879
0.732879
0.732879
0.732879
0.795801
0.795801
0.795801
0.795801
0.806503
0.862662
0.834067
0.834067
0.834067
0.834067
0.834067
0.834067
0.834067
0.782712
0.762706
0.762706
0.764716
0.764716
0.764716
0.79807
0.79807
0.79807
0.79807
0.823626
0.823626
0.720384
0.720384
0.720384
0.720384
0.796174
0.796174
0.796174
0.796174
0.689807
0.768999
0.768999
0.768999
0.768999
0.817462
0.817462
0.6497
0.625551
0.625551
0.584547
0.642945
0.672211
0.672211
0.672211
0.623216
0.623216
0.623216
0.623216
0.623216
0.784346
0.711785
0.711785
0.711785
0.711785
0.711785
0.711785
0.711785
0.775831
0.699449
0.699449
0.635623
0.693621
0.660766
0.803852
0.817918
0.817918
0.817918
0.772309
0.772309
0.803104
0.803104
0.803104
0.803104
0.803104
0.803104
0.803104
0.803104
0.803104
0.709382
0.824032
0.824032
0.683893
0.683893
0.683893
0.683893
0.69535
0.69535
0.69535
0.69535
0.703151
0.703151
0.703151
0.702797
0.665648
0.621437
0.621437
0.673364
0.61375
0.652446
0.652446
0.652446
0.652446
0.652446
0.543781
0.425161
0.326137
0.308534
0.308534
0.308534
0.308534
0.308534
0.308534
0.308534
0.239112
0.387988
0.387988
0.427328
0.526026
0.567712
0.567712
0.72031
0.684154
0.661405
0.661405
0.661405
0.661405
0.762918
0.762918
0.762918
0.762918
0.857644
0.857644
0.857644
0.857644
0.887827
0.887827
0.804422
0.804422
0.804422
0.804422
0.804422
0.804422
0.804422
0.804422
0.804422
0.804422
0.804422
0.804422
0.804422
0.804422
0.804422
0.804422
0.804422
0.804422
0.804422
0.804422
0.804422
0.804422
0.804422
0.804422
0.804422
0.804422
0.751248
0.751248
0.751248
0.751248
0.751248
0.751248
0.751248
0.756798
0.818258
0.818258
0.818258
0.818258
0.818258
0.701247
0.701247
0.701247
0.774311
0.774311
0.774311
0.897514
0.897514
0.897514
0.745615
0.745615
0.745615
0.745615
0.745615
0.745615
0.745615
0.745615
0.745615
0.745615
0.78244
0.78244
0.78244
0.78244
0.84427
0.84427
0.84427
0.84427
0.681731
0.815719
0.815719
0.815719
0.815719
0.815719
0.867771
0.908624
0.804751
0.804751
0.804751
0.821827
0.821827
0.821827
0.799019
0.799019
0.799019
0.799019
0.799019
0.761404
0.761404
0.761404
0.761404
0.761404
0.761404
0.761404
0.761404
0.761404
0.761404
0.761404
0.759743
0.759743
0.663036
0.794438
0.794438
0.835592
0.835592
0.844657
0.844657
0.844657
0.844657
0.844657
0.844657
0.844657
0.814741
0.837972
0.837972
0.837972
0.837972
0.837972
0.837972
0.791211
0.791211
0.791211
0.791211
0.791211
0.791211
0.817972
0.857117
0.857117
0.857117
0.857117
0.816371
0.816371
0.703784
0.703784
0.703784
0.703784
0.703784
0.752826
0.752826
0.752826
0.752826
0.879966
0.879966
0.879966
0.879966
0.879966
0.879966
0.776478
0.776478
0.776478
0.776478
0.776478
0.776478
0.776478
0.776478
0.776478
0.776478
0.686377
0.686377
0.686377
0.757279
0.757279
0.757279
0.757279
0.758638
0.758638
0.758638
0.758638
0.761835
0.753945
0.77301
0.77301
0.77301
0.77301
0.77301
0.77301
0.77301
0.777264
0.777264
0.745023
0.745023
0.745023
0.745023
0.67701
0.67701
0.67701
0.754635
0.754635
0.754635
0.758552
0.758552
0.758552
0.758552
0.758552
0.758552
0.758552
0.658434
0.722305
0.722305
0.722305
0.722305
0.722305
0.722305
0.722305
0.722305
0.722305
0.722305
0.769931
0.769931
0.769931
0.769931
0.769931
0.877373
0.917738
0.917738
0.917738
0.917738
0.917738
0.917738
0.917738
0.917738
0.917738
0.800594
0.827787
0.827787
0.850314
0.787317
0.698732
0.698732
0.698732
0.698732
0.698732
0.72589
0.72589
0.72589
0.689063
0.689063
0.666968
0.586269
0.586269
0.671967
0.671967
0.671967
0.671967
0.671967
0.758207
0.758207
0.758207
0.758207
0.758207
0.74073
0.712862
0.712862
0.712862
0.712862
0.712862
0.712862
0.712862
0.712862
0.729041
0.726996
0.726996
0.726996
0.726996
0.726996
0.726996
0.854766
0.854766
0.690605
0.767735
0.715827
0.873937
0.873937
0.873937
0.873937
0.873937
0.873937
0.873937
0.873937
0.873937
0.873937
0.815683
0.774429
0.774429
0.774429
0.774429
0.796172
0.796172
0.796172
0.796172
0.796172
0.921909
0.921909
0.921909
0.921909
0.921909
0.84153
0.84153
0.84153
0.84153
0.84153
0.84153
0.763352
0.763352
0.763352
0.763352
0.763352
0.763352
0.763352
0.763352
0.84429
0.807742
0.719051
0.719051
0.719051
0.719051
0.719051
0.719051
0.719051
0.753727
0.753727
0.753727
0.753727
0.753727
0.753727
0.753727
0.820911
0.84692
0.84692
0.84692
0.84692
0.84692
0.84692
0.84692
0.84692
0.84692
0.84692
0.84692
0.84692
0.84692
0.84692
0.84692
0.84692
0.84692
0.84692
0.84692
0.787118
0.737427
0.737427
0.737427
0.737427
0.737427
0.760297
0.839568
0.839568
0.839568
0.839568
0.839568
0.839568
0.806397
0.806397
0.806397
0.806397
0.806397
0.806397
0.806397
0.806397
0.853911
0.853911
0.853911
0.853911
0.853911
0.853911
0.799738
0.810605
0.810605
0.810605
0.810605
0.859812
0.859812
0.859812
0.859812
0.791886
0.852229
0.73441
0.73441
0.73441
0.73441
0.738218
0.738218
0.738218
0.738218
0.738218
0.738218
0.782163
0.782163
0.834004
0.834004
0.834004
0.834004
0.834004
0.834004
0.834004
0.834004
0.834004
0.834004
0.834004
0.834004
0.834004
0.763843
0.763843
0.762913
0.762913
0.762913
0.762913
0.762913
0.762913
0.812485
0.812485
0.812485
0.812485
0.812485
0.812485
0.812485
0.812485
0.812485
0.812485
0.812485
0.812485
0.812485
0.812485
0.812485
0.812485
0.725754
0.725754
0.725754
0.851643
0.851643
0.851643
0.851643
0.851643
0.851643
0.851643
0.851643
0.851643
0.851643
0.851643
0.806607
0.806607
0.826327
0.826327
0.763888
0.763888
0.763888
0.763888
0.763888
0.763888
0.763888
0.763888
0.763888
0.761689
0.761689
0.761689
0.761689
0.761689
0.761689
0.761689
0.761689
0.761689
0.761689
0.761689
0.761689
0.761689
0.803513
0.803513
0.803513
0.803513
0.803513
0.811541
0.811541
0.811541
0.811541
0.811541
0.811541
0.811541
0.811541
0.811541
0.811541
0.811541
0.811541
0.811541
0.811541
0.811541
0.811541
0.811541
0.811541
0.811541
0.811541
0.810566
0.810566
0.810566
0.810566
0.810566
0.810566
0.810566
0.810566
0.810566
0.810566
0.810566
0.810566
0.810566
0.810566
0.810566
0.831219
0.831219
0.831219
0.831219
0.831219
0.831219
0.831219
0.831219
0.831219
0.831219
0.831219
0.831219
0.831219
0.831219
0.831219
0.831219
0.831219
0.849683
0.849683
0.817961
0.817961
0.787066
0.787066
0.787066
0.787066
0.787066
0.787066
0.787066
0.787066
0.735268
0.735268
0.823447
0.823447
0.823447
0.823447
0.823447
0.823447
0.823447
0.823447
0.823447
0.823447
0.721073
0.721073
0.78636
0.78636
0.708535
0.708535
0.746076
0.746076
0.746076
0.746076
0.746076
0.746076
0.746076
0.746076
0.746076
0.746076
0.774251
0.774251
0.774251
0.774251
0.864579
0.855391
0.751802
0.751802
0.751802
0.70569
0.70569
0.70569
0.70569
0.70569
0.706056
0.706056
0.706056
0.706056
0.706056
0.706056
0.706056
0.706056
0.706056
0.706056
0.706056
0.706056
0.706056
0.730223
0.730223
0.730223
0.730223
0.878361
0.878361
0.795391
0.795391
0.795391
0.795391
0.800794
0.754217
0.748705
0.748705
0.8054
0.8054
0.8054
0.8054
0.8054
0.8054
0.8054
0.8054
0.8054
0.8054
0.8054
0.8054
0.8054
0.8054
0.8054
0.8054
0.8054
0.8054
0.8054
0.8054
0.8054
0.8054
0.8054
0.8054
0.8054
0.8054
0.8054
0.8054
0.8054
0.8054
0.8054
0.8054
0.8054
0.8054
0.8054
0.8054
0.8054
0.791834
0.791834
0.791834
0.791834
0.791834
0.791834
0.791834
0.791834
0.791834
0.791834
0.791834
0.791834
0.791834
0.791834
0.791834
0.791834
0.791834
0.791834
0.791834
0.791834
0.809008
0.809008
0.809008
0.809008
0.809008
0.785086
0.785086
0.824375
0.737109
0.737109
0.731643
0.731643
0.731643
0.731643
0.731643
0.731643
0.731643
0.731643
0.731643
0.731643
0.731643
0.731643
0.731643
0.731643
0.793112
0.729778
0.729778
0.845178
0.845178
0.845178
0.845178
0.845178
0.845178
0.845178
0.845178
0.845178
0.845178
0.825763
0.825763
0.825763
0.825763
0.825763
0.825763
0.825763
0.825763
0.825763
0.825763
0.825763
0.825763
0.829984
0.829984
0.829984
0.829984
0.829984
0.829984
0.829984
0.829984
0.824019
0.824019
0.824019
0.824019
0.824019
0.824019
0.824019
0.824019
0.824019
0.824019
0.824019
0.824019
0.824019
0.824019
0.824019
0.824019
0.824019
0.824019
0.824019
0.824019
0.824019
0.824019
0.824019
0.824019
0.824019
0.824019
0.824019
0.824019
0.824019
0.824019
0.824019
0.824019
0.824019
0.824019
0.824019
0.824019
0.824019
0.824019
0.824019
0.824019
0.82477
0.82477
0.82477
0.82477
0.82477
0.82477
0.82477
0.82477
0.82477
0.82477
0.82477
0.82477
0.82477
0.82477
0.82477
0.82477
0.82477
0.82477
0.82477
0.82477
0.82477
0.82477
0.82477
0.82477
0.82477
0.82477
0.82477
0.82477
0.82477
0.82477
0.82477
0.82477
0.82477
0.82477
0.82477
0.82477
0.82477
0.82477
0.82477
0.82477
0.82477
0.790327
0.790327
0.790327
0.790327
0.790327
0.790327
0.790327
0.790327
0.790327
0.790327
0.790327
0.790327
0.790327
0.790327
0.790327
0.790327
0.790327
0.790327
0.790327
0.790327
0.790327
0.790327
0.790327
0.794754
0.794754
0.794754
0.794754
0.794754
0.794754
0.794754
0.794754
0.809589
0.809589
0.809589
0.809589
0.809589
0.809589
0.789358
0.818533
0.818533
0.818533
0.818533
0.818533
0.818533
0.818533
0.818533
0.818533
0.818533
0.818533
0.762347
0.762347
0.762347
0.762347
0.762347
0.762347
0.762347
0.762347
0.762347
0.762347
0.762347
0.762347
0.762347
0.762347
0.762347
0.762347
0.832187
0.832187
0.832187
0.832187
0.832187
0.832187
0.832187
0.832187
0.832187
0.832187
0.832187
0.829051
0.829051
0.829051
0.829051
0.829051
0.829051
0.829051
0.829051
0.829051
0.829051
0.829051
0.829051
0.829051
0.829051
0.829051
0.829051
0.829051
0.829051
0.829051
0.829051
0.829051
0.829051
0.829051
0.830188
0.78001
0.78001
0.78001
0.78001
0.78001
0.78001
0.78001
0.842697
0.842697
0.842697
0.842697
0.771111
0.771111
0.771111
0.771111
0.771111
0.771111
0.771111
0.771111
0.771111
0.771111
0.771111
0.771111
0.779275
0.779275
0.779275
0.779275
0.779275
0.779275
0.779275
0.779275
0.779275
0.779275
0.779275
0.779275
0.779275
0.779275
0.779275
0.779275
0.779275
0.779275
0.779275
0.779275
0.779275
0.779275
0.779275
0.779275
0.779275
0.779275
0.779275
0.779275
0.779275
0.779275
0.779275
0.779275
0.779275
0.779275
0.779275
0.779275
0.779275
0.779275
0.779275
0.778735
0.778735
0.778735
0.778735
0.778735
0.778735
0.778735
0.778735
0.778735
0.778735
0.778735
0.778735
0.778735
0.778735
0.778735
0.778735
0.778735
0.778735
0.778735
0.778735
0.778735
0.778735
0.778735
0.778735
0.778735
0.778735
0.778735
0.778735
0.778735
0.778735
0.778735
0.778735
0.778735
0.778735
0.778735
0.778735
0.778735
0.778735
0.778735
0.778735
0.778735
0.778735
0.778735
0.778735
0.778735
0.778735
0.778735
0.778735
0.778735
0.778735
0.778735
0.778735
0.778735
0.778735
0.778735
0.778735
0.778735
0.778735
0.778735
0.778735
0.778735
0.778735
0.778735
0.778735
0.778735
0.778735
0.778735
0.778735
0.778735
0.778735
0.778735
0.778735
0.778735
0.778735
0.778735
0.778735
0.778735
0.778735
0.778735
0.778735
0.778735
0.778735
0.778735
0.778735
0.778735
0.778735
0.778735
0.778735
0.778735
0.778735
0.778735
0.778735
0.778735
0.778735
0.778735
0.778735
0.778735
0.778735
0.778735
0.778735
0.778735
0.778735
0.778735
0.778735
0.778735
0.778735
0.778735
0.778735
0.778735
0.778735
0.778735
0.778735
0.778735
0.778735
0.778735
0.778735
0.778735
0.778735
0.778735
0.778735
0.778735
0.778735
0.778735
0.778735
0.778735
0.778735
0.778735
0.778735
0.778735
0.778735
0.778735
0.778735
0.778735
0.778735
0.778735
0.778735
0.778735
0.778735
0.778735
0.778735
0.778735
0.778735
0.778735
0.778735
0.778735
0.778735
0.778735
0.778735
0.778735
0.778735
0.778735
0.778735
0.778735
0.778735
0.778735
0.778735
0.778735
0.778735
0.778735
0.778735
0.778735
0.778735
0.778735
0.778735
0.778735
0.778735
0.778735
0.778735
0.778735
0.778735
0.778735
0.778735
0.778735
0.778735
0.778735
0.778735
0.778735
0.778735
0.778735
0.778735
0.778735
0.778735
0.778735
0.778735
0.778735
0.778735
0.778735
0.778735
0.778735
0.778735
0.778735
0.778735
0.778735
0.778735
0.778735
0.778735
0.778735
0.778735
0.778735
0.778735
0.778735
0.778735
0.778735
0.778735
0.778735
0.778735
0.778735
0.778735
0.778735
0.778735
0.778735
0.778735
0.778735
0.778735
0.778735
0.778735
0.778735
0.778735
0.778735
0.778735
0.778735
0.778735
0.778735
0.778735
0.778735
0.778735
0.778735
0.778735
0.778735
0.778735
0.778735
0.778735
0.778735
0.778735
0.778735
0.778735
0.778735
0.778735
0.778735
0.778735
0.778735
0.778735
0.778735
0.778735
0.778735
0.778735
0.778735
0.778735
0.778735
0.778735
0.778735
0.778735
0.778735
0.778735
0.778735
0.778735
0.778735
0.778735
0.778735
0.778735
0.778735
0.778735
0.778735
0.778735
0.778735
0.778735
0.778735
0.778735
0.778735
0.778735
0.778735
0.778735
0.778735
0.778735
0.778735
0.778735
0.778735
0.778735
0.778735
0.778735
0.778735
0.778735
0.778735
0.778735
0.778735
0.778735
0.778735
0.778735
0.778735
0.778735
0.778735
0.778735
0.778735
0.778735
0.778735
0.778735
0.778735
0.778735
0.778735
0.778735
0.778735
0.778735
0.778735
0.778735
0.778735
0.778735
0.778735
0.778735
0.778735
0.778735
0.778735
0.778735
0.778735
0.778735
0.778735
0.778735
0.778735
0.778735
0.778735
0.778735
0.778735
0.778735
0.778735
0.778735
0.778735
0.778735
0.778735
0.778735
0.778735
0.778735
0.778735
0.778735
0.778735
0.778735
0.778735
0.778735
0.778735
0.778735
0.778735
0.778735
0.778735
0.778735
0.778735
0.778735
0.778735
0.778735
0.778735
0.778735
0.778735
0.778735
0.778735
0.778735
0.778735
0.778735
0.778735
0.778735
0.778735
0.778735
0.778735
0.778735
0.778735
0.778735
0.778735
0.778735
0.778735
0.778735
0.778735
0.778735
0.778735
0.778735
0.778735
0.778735
0.778735
0.778735
0.778735
0.778735
0.778735
0.778735
0.778735
0.778735
0.778735
0.778735
0.778735
0.778735
0.778735
0.778735
0.778735
0.778735
0.778735
0.778735
0.778735
0.778735
0.778735
0.778735
0.778735
0.778735
0.778735
0.778735
0.778735
0.778735
0.778735
0.778735
0.778735
0.778735
0.778735
0.778735
0.778735
0.778735
0.778735
0.778735
0.778735
0.778735
0.778735
0.778735
0.778735
0.778735
0.778735
0.778735
0.778735
0.778735
0.778735
0.778735
0.778735
0.778735
0.778735
0.778735
0.778735
0.778735
0.778735
0.778735
0.778735
0.778735
0.778735
0.778735
0.778735
0.778735
0.778735
0.778735
0.778735
0.778735
0.778735
0.778735
0.778735
0.778735
0.778735
0.778735
0.778735
0.778735
0.778735
0.778735
0.778735
0.778735
0.778735
0.778735
0.778735
0.778735
0.778735
0.778735
0.778735
0.778735
0.778735
0.778735
0.778735
0.778735
0.778735
0.778735
0.778735
0.778735
0.778735
0.778735
0.778735
0.778735
0.778735
0.778735
0.778735
0.778735
0.778735
0.778735
0.778735
0.778735
0.778735
0.778735
0.778735
0.778735
0.778735
0.778735
0.778735
0.778735
0.778735
0.778735
0.778735
0.778735
0.778735
0.778735
0.778735
0.778735
0.778735
0.778735
0.778735
0.778735
0.778735
0.778735
0.778735
0.778735
0.778735
0.778735
0.778735
0.778735
0.778735
0.778735
0.778735
0.778735
0.778735
0.778735
0.778735
0.778735
0.778735
0.778735
0.778735
0.778735
0.778735
0.778735
0.778735
0.778735
0.778735
0.778735
0.778735
0.778735
0.778735
0.778735
0.778735
0.778735
0.778735
0.778735
0.778735
0.778735
0.778735
0.778735
0.778735
0.778735
0.778735
0.778735
0.778735
0.778735
0.778735
0.778735
0.778735
0.778735
0.778735
0.778735
0.778735
0.778735
0.778735
0.778735
0.778735
0.778735
0.778735
0.778735
0.778735
0.778735
0.778735
0.778735
0.778735
0.778735
0.778735
0.778735
0.778735
0.778735
0.778735
0.778735
0.778735
0.778735
0.778735
0.778735
0.778735
0.778735
0.778735
0.778735
0.778735
0.778735
0.778735
0.778735
0.778735
0.778735
0.778735
0.778735
0.778735
0.778735
0.778735
0.778735
0.778735
0.778735
0.778735
0.778735
0.778735
0.778735
0.778735
0.778735
0.778735
0.778735
0.778735
0.778735
0.778735
0.778735
0.778735
0.778735
0.778735
0.778735
0.778735
0.778735
0.778735
0.778735
0.778735
0.778735
0.778735
0.778735
0.778735
0.778735
0.778735
0.778735
0.778735
0.778735
0.778735
0.778735
0.778735
0.778735
0.778735
0.778735
0.778735
0.778735
0.778735
0.778735
0.778735
0.778735
0.778735
0.778735
0.778735
0.778735
0.778735
0.778735
0.778735
0.778735
0.778735
0.778735
0.778735
0.778735
0.778735
0.778735
0.778735
0.778735
0.778735
0.778735
0.778735
0.778735
0.778735
0.778735
0.778735
0.778735
0.778735
0.778735
0.778735
0.778735
0.778735
0.778735
0.778735
0.778735
0.778735
0.778735
0.778735
0.778735
0.778735
0.778735
0.778735
0.778735
0.778735
0.778735
0.778735
0.778735
0.778735
0.778735
0.778735
0.778735
0.778735
0.778735
0.778735
0.778735
0.778735
0.778735
0.778735
0.778735
0.778735
0.778735
0.778735
0.778735
0.778735
0.778735
0.778735
0.778735
0.778735
0.778735
0.778735
0.778735
0.778735
0.778735
0.778735
0.778735
0.778735
0.778735
0.778735
0.778735
0.778735
0.778735
0.778735
0.778735
0.778735
0.778735
0.778735
0.778735
0.778735
0.778735
0.778735
0.778735
0.778735
0.778735
0.778735
0.778735
0.778735
0.778735
0.778735
0.778735
0.778735
0.778735
0.778735
0.778735
0.778735
0.778735
0.778735
0.778735
0.778735
0.778735
0.778735
0.778735
0.778735
0.778735
0.778735
0.778735
0.778735
0.778735
0.778735
0.778735
0.778735
0.778735
0.778735
0.778735
0.778735
0.778735
0.778735
0.778735
0.778735
0.778735
0.778735
0.778735
0.778735
0.778735
0.778735
0.778735
0.778735
0.778735
0.778735
0.778735
0.778735
0.778735
0.778735
0.778735
0.778735
0.778735
0.778735
0.778735
0.778735
0.778735
0.778735
0.778735
0.778735
0.778735
0.778735
0.778735
0.778735
0.778735
0.778735
0.778735
0.778735
0.778735
0.778735
0.778735
0.778735
0.778735
0.778735
0.778735
0.778735
0.778735
0.778735
0.778735
0.778735
0.778735
0.778735
0.778735
0.778735
0.778735
0.778735
0.778735
0.778735
0.778735
0.778735
0.778735
0.778735
0.778735
0.778735
0.778735
0.778735
0.778735
0.778735
0.778735
0.778735
0.778735
0.778735
0.778735
0.778735
0.778735
0.778735
0.778735
0.778735
0.778735
0.778735
0.778735
0.778735
0.778735
0.778735
0.778735
0.778735
0.778735
0.778735
0.778735
0.778735
0.778735
0.778735
0.778735
0.778735
0.778735
0.778735
0.778735
0.778735
0.778735
0.778735
0.778735
0.778735
0.778735
0.778735
0.778735
0.778735
0.778735
0.778735
0.778735
0.778735
0.778735
0.778735
0.778735
0.778735
0.778735
0.778735
0.778735
0.778735
0.778735
0.778735
0.778735
0.778735
0.778735
0.778735
0.778735
0.778735
0.778735
0.778735
0.778735
0.778735
0.778735
0.778735
0.778735
0.778735
0.778735
0.778735
0.778735
0.778735
0.778735
0.778735
0.778735
0.778735
0.778735
0.778735
0.778735
0.778735
0.778735
0.778735
0.778735
0.778735
0.778735
0.778735
0.778735
0.778735
0.778735
0.778735
0.778735
0.778735
0.778735
0.778735
0.778735
0.778735
0.778735
0.778735
0.778735
0.778735
0.778735
0.778735
0.778735
0.778735
0.778735
0.778735
0.778735
0.778735
0.778735
0.778735
0.778735
0.778735
0.778735
0.778735
0.778735
0.778735
0.778735
0.778735
0.778735
0.778735
0.778735
0.778735
0.778735
0.778735
0.778735
0.778735
0.778735
0.778735
0.778735
0.778735
0.778735
0.778735
0.778735
0.778735
0.778735
0.778735
0.778735
0.778735
0.778735
0.778735
0.778735
0.778735
0.778735
0.778735
0.778735
0.778735
0.778735
0.778735
0.778735
0.778735
0.778735
0.778735
0.778735
0.778735
0.778735
0.778735
0.778735
0.778735
0.778735
0.778735
0.778735
0.778735
0.778735
0.778735
0.778735
0.778735
0.778735
0.778735
0.778735
0.778735
0.778735
0.778735
0.778735
0.778735
0.778735
0.778735
0.778735
0.778735
0.778735
0.778735
0.778735
0.778735
0.778735
0.778735
0.778735
0.778735
0.778735
0.778735
0.778735
0.778735
0.778735
0.778735
0.778735
0.778735
0.778735
0.778735
0.826728
0.826728
0.826728
0.826728
0.826728
0.826728
0.826728
0.826728
0.826728
0.826728
0.826728
0.826728
0.826728
0.826728
0.826728
0.826728
0.826728
0.826728
0.826728
0.826728
0.826728
0.826728
0.826728
0.826728
0.826728
0.826728
0.826728
0.826728
0.826728
0.826728
0.826728
0.826728
0.826728
0.826728
0.826728
0.826728
0.826728
0.826728
0.826728
0.826728
0.826728
0.826728
0.826728
0.826728
0.826728
0.826728
0.826728
0.826728
0.826728
0.826728
0.826728
0.826728
0.826728
0.826728
0.826728
0.826728
0.826728
0.826728
0.826728
0.826728
0.826728
0.826728
0.826728
0.826728
0.826728
0.826728
0.826728
0.826728
0.826728
0.826728
0.826728
0.826728
0.826728
0.826728
0.826728
0.826728
0.826728
0.826728
0.826728
0.826728
0.826728
0.826728
0.826728
0.826728
0.826728
0.826728
0.826728
0.826728
0.826728
0.826728
0.826728
0.826728
0.826728
0.826728
0.826728
0.826728
0.826728
0.826728
0.826728
0.826728
0.826728
0.826728
0.826728
0.826728
0.826728
0.826728
0.826728
0.826728
0.826728
0.826728
0.826728
0.826728
0.826728
0.826728
0.826728
0.826728
0.826728
0.826728
0.826728
0.826728
0.826728
0.826728
0.826728
0.826728
0.826728
0.826728
0.826728
0.826728
0.826728
0.826728
0.826728
0.826728
0.826728
0.826728
0.809134
0.809134
0.809134
0.809134
0.809134
0.809134
0.809134
0.809134
0.809134
0.809134
0.809134
0.809134
0.809134
0.809134
0.809134
0.809134
0.809134
0.809134
0.809134
0.809134
0.809134
0.809134
0.809134
0.809134
0.809134
0.809134
0.809134
0.809134
0.809134
0.809134
0.809134
0.809134
0.809134
0.809134
0.809134
0.809134
0.809134
0.809134
0.809134
0.809134
0.809134
0.809134
0.809134
0.809134
0.809134
0.809134
0.809134
0.809134
0.809134
0.809134
0.809134
0.809134
0.809134
0.809134
0.809134
0.809134
0.809134
0.809134
0.809134
0.809134
0.809134
0.809134
0.809134
0.809134
0.809134
0.809134
0.809134
0.809134
0.809134
0.809134
0.809134
0.809134
0.809134
0.809134
0.809134
0.809134
0.809134
0.809134
0.809134
0.809134
0.809134
0.809134
0.809134
0.809134
0.809134
0.809134
0.809134
0.809134
0.809134
0.809134
0.809134
0.809134
0.809134
0.809134
0.809134
0.809134
0.809134
0.809134
0.809134
0.809134
0.809134
0.809134
0.809134
0.809134
0.809134
0.809134
0.809134
0.809134
0.809134
0.809134
0.809134
0.809134
0.809134
0.809134
0.809134
0.809134
0.809134
0.809134
0.809134
0.809134
0.809134
0.809134
0.809134
0.809134
0.809134
0.809134
0.809134
0.809134
0.809134
0.809134
0.809134
0.809134
0.809134
0.809134
0.809134
0.809134
0.809134
0.809134
0.809134
0.809134
0.809134
0.809134
0.809134
0.809134
0.809134
0.809134
0.809134
0.809134
0.809134
0.809134
0.809134
0.809134
0.809134
0.809134
0.809134
0.809134
0.809134
0.809134
0.809134
0.809134
0.809134
0.809134
0.809134
0.809134
0.809134
0.809134
0.809134
0.809134
0.809134
0.809134
0.809134
0.809134
0.809134
0.809134
0.809134
0.809134
0.809134
0.809134
0.809134
0.809134
0.809134
0.809134
0.809134
0.809134
0.809134
0.809134
0.809134
0.809134
0.809134
0.809134
0.809134
0.809134
0.809134
0.809134
0.809134
0.809134
0.809134
0.809134
0.809134
0.809134
0.809134
0.809134
0.809134
0.809134
0.809134
0.809134
0.809134
0.809134
0.809134
0.809134
0.809134
0.809134
0.809134
0.809134
0.809134
0.809134
0.809134
0.809134
0.809134
0.809134
0.809134
0.809134
0.809134
0.809134
0.809134
0.809134
0.809134
0.809134
0.809134
0.809134
0.809134
0.809134
0.809134
0.809134
0.809134
0.809134
0.809134
0.809134
0.809134
0.809134
0.809134
0.809134
0.809134
0.809134
0.809134
0.809134
0.809134
0.809134
0.809134
0.809134
0.809134
0.809134
0.809134
0.809134
0.809134
0.809134
0.809134
0.809134
0.809134
0.809134
0.809134
0.809134
0.809134
0.809134
0.809134
0.809134
0.809134
0.809134
0.809134
0.809134
0.809134
0.809134
0.809134
0.809134
0.809134
0.809134
0.809134
0.809134
0.809134
0.809134
0.809134
0.809134
0.809134
0.809134
0.809134
0.809134
0.809134
0.809134
0.809134
0.809134
0.809134
0.809134
0.809134
0.809134
0.809134
0.809134
0.809134
0.809134
0.809134
0.809134
0.809134
0.809134
0.809134
0.809134
0.809134
0.809134
0.809134
0.809134
0.809134
0.809134
0.809134
0.809134
0.809134
0.809134
0.809134
0.809134
0.809134
0.809134
0.809134
0.809134
0.809134
0.809134
0.809134
0.809134
0.809134
0.809134
0.809134
0.809134
0.809134
0.809134
0.809134
0.809134
0.809134
0.809134
0.809134
0.809134
0.809134
0.809134
0.809134
0.809134
0.809134
0.809134
0.809134
0.809134
0.809134
0.809134
0.809134
0.809134
0.809134
0.809134
0.809134
0.809134
0.809134
0.809134
0.809134
0.809134
0.809134
0.809134
0.809134
0.809134
0.809134
0.809134
0.809134
0.809134
0.809134
0.809134
0.809134
0.809134
0.809134
0.809134
0.809134
0.809134
0.809134
0.809134
0.809134
0.809134
0.809134
0.809134
0.809134
0.809134
0.809134
0.809134
0.809134
0.809134
0.809134
0.809134
0.809134
0.809134
0.809134
0.809134
0.809134
0.809134
0.809134
0.809134
0.809134
0.809134
0.809134
0.809134
0.809134
0.809134
0.809134
0.809134
0.809134
0.809134
0.809134
0.809134
0.809134
0.809134
0.809134
0.809134
0.809134
0.809134
0.809134
0.809134
0.809134
0.809134
0.809134
0.809134
0.809134
0.809134
0.809134
0.809134
0.809134
0.809134
0.809134
0.809134
0.809134
0.809134
0.809134
0.809134
0.809134
0.809134
0.809134
0.809134
0.809134
0.809134
0.809134
0.809134
0.809134
0.809134
0.809134
0.809134
0.809134
0.809134
0.809134
0.809134
0.809134
0.809134
0.809134
0.809134
0.809134
0.809134
0.809134
0.809134
0.809134
0.809134
0.809134
0.809134
0.809134
0.809134
0.809134
0.809134
0.809134
0.809134
0.809134
0.809134
0.809134
0.809134
0.809134
0.809134
0.809134
0.809134
0.809134
0.809134
0.809134
0.809134
0.809134
0.809134
0.809134
0.809134
0.809134
0.809134
0.809134
0.809134
0.809134
0.809134
0.809134
0.809134
0.809134
0.809134
0.809134
0.809134
0.809134
0.809134
0.809134
0.809134
0.809134
0.809134
0.809134
0.809134
0.809134
0.809134
0.809134
0.809134
0.809134
0.809134
0.809134
0.809134
0.809134
0.809134
0.809134
0.809134
0.809134
0.809134
0.809134
0.809134
0.809134
0.809134
0.809134
0.809134
0.809134
0.809134
0.809134
0.809134
0.809134
0.809134
0.809134
0.809134
0.809134
0.809134
0.809134
0.809134
0.809134
0.809134
0.809134
0.809134
0.809134
0.809134
0.809134
0.809134
0.809134
0.809134
0.809134
0.809134
0.809134
0.809134
0.809134
0.809134
0.809134
0.809134
0.809134
0.809134
0.809134
0.809134
0.809134
0.809134
0.809134
0.809134
0.809134
0.809134
0.809134
0.809134
0.809134
0.809134
0.809134
0.809134
0.809134
0.809134
0.809134
0.809134
0.809134
0.809134
0.809134
0.809134
0.809134
0.809134
0.809134
0.809134
0.809134
0.809134
0.809134
0.809134
0.809134
0.809134
0.809134
0.809134
0.809134
0.809134
0.809134
0.809134
0.809134
0.809134
0.809134
0.809134
0.809134
0.809134
0.809134
0.809134
0.809134
0.809134
0.809134
0.809134
0.809134
0.809134
0.809134
0.809134
0.809134
0.809134
0.809134
0.809134
0.809134
0.809134
0.809134
0.809134
0.809134
0.809134
0.809134
0.809134
0.809134
0.809134
0.809134
0.809134
0.809134
0.809134
0.809134
0.809134
0.809134
0.809134
0.809134
0.809134
0.809134
0.809134
0.809134
0.809134
0.809134
0.809134
0.809134
0.809134
0.809134
0.809134
0.809134
0.809134
0.809134
0.809134
0.809134
0.809134
0.809134
0.809134
0.809134
0.809134
0.809134
0.809134
0.809134
0.809134
0.809134
0.809134
0.809134
0.809134
0.809134
0.809134
0.809134
0.809134
0.809134
0.809134
0.809134
0.809134
0.809134
0.809134
0.809134
0.809134
0.809134
0.809134
0.809134
0.809134
0.809134
0.809134
0.809134
0.809134
0.809134
0.809134
0.809134
0.809134
0.809134
0.809134
0.809134
0.809134
0.809134
0.809134
0.809134
0.809134
0.809134
0.809134
0.809134
0.809134
0.809134
0.809134
0.809134
0.809134
0.809134
0.809134
0.809134
0.809134
0.809134
0.809134
0.809134
0.809134
0.809134
0.809134
0.809134
0.809134
0.809134
0.809134
0.809134
0.809134
0.809134
0.809134
0.809134
0.809134
0.809134
0.809134
0.809134
0.809134
0.809134
0.809134
0.809134
0.809134
0.809134
0.809134
0.809134
0.809134
0.809134
0.809134
0.809134
0.809134
0.809134
0.809134
0.809134
0.809134
0.809134
0.809134
0.809134
0.809134
0.809134
0.809134
0.809134
0.809134
0.809134
0.809134
0.809134
0.809134
0.809134
0.809134
0.809134
0.809134
0.809134
0.809134
0.809134
0.809134
0.809134
0.809134
0.809134
0.809134
0.809134
0.809134
0.809134
0.809134
0.809134
0.809134
0.809134
0.809134
0.809134
0.809134
0.809134
0.809134
0.809134
0.809134
0.809134
0.809134
0.809134
0.809134
0.809134
0.809134
0.809134
0.809134
0.809134
0.809134
0.809134
0.809134
0.809134
0.809134
0.809134
0.809134
0.809134
0.809134
0.809134
0.809134
0.809134
0.809134
0.809134
0.809134
0.809134
0.809134
0.809134
0.809134
0.809134
0.809134
0.809134
0.809134
0.809134
0.809134
0.809134
0.809134
0.809134
0.809134
0.809134
0.809134
0.809134
0.809134
0.809134
0.809134
0.809134
0.809134
0.809134
0.809134
0.809134
0.809134
0.809134
0.809134
0.809134
0.809134
0.809134
0.809134
0.809134
0.809134
0.809134
0.809134
0.809134
0.809134
0.809134
0.809134
0.809134
0.809134
0.809134
0.809134
0.809134
0.809134
0.809134
0.809134
0.809134
0.809134
0.809134
0.809134
0.809134
0.809134
0.809134
0.809134
0.809134
0.809134
0.809134
0.809134
0.809134
0.809134
0.809134
0.809134
0.809134
0.809134
0.809134
0.809134
0.809134
0.809134
0.809134
0.809134
0.809134
0.809134
0.809134
0.809134
0.809134
0.809134
0.809134
0.809134
0.809134
0.809134
0.809134
0.809134
0.809134
0.809134
0.809134
0.809134
0.809134
0.809134
0.809134
0.809134
0.809134
0.809134
0.809134
0.809134
0.809134
0.809134
0.809134
0.809134
0.809134
0.809134
0.809134
0.809134
0.809134
0.809134
0.809134
0.809134
0.809134
0.809134
0.809134
0.809134
0.809134
0.809134
0.809134
0.809134
0.809134
0.809134
0.809134
0.809134
0.809134
0.809134
0.809134
0.809134
0.809134
0.809134
0.809134
0.809134
0.809134
0.809134
0.809134
0.809134
0.809134
0.809134
0.809134
0.809134
0.809134
0.809134
0.809134
0.809134
0.809134
0.809134
0.809134
0.809134
0.809134
0.809134
0.809134
0.809134
0.809134
0.809134
0.809134
0.809134
0.809134
0.809134
0.809134
0.809134
0.809134
0.809134
0.809134
0.809134
0.809134
0.809134
0.809134
0.809134
0.809134
0.809134
0.809134
0.809134
0.809134
0.809134
0.809134
0.809134
0.809134
0.809134
0.809134
0.809134
0.809134
0.809134
0.809134
0.809134
0.809134
0.809134
0.809134
0.809134
0.809134
0.809134
0.809134
0.809134
0.809134
0.809134
0.809134
0.809134
0.809134
0.809134
0.809134
0.809134
0.809134
0.809134
0.809134
0.809134
0.809134
0.809134
0.809134
0.809134
0.809134
0.809134
0.809134
0.809134
0.809134
0.809134
0.809134
0.809134
0.809134
0.809134
0.809134
0.809134
0.809134
0.809134
0.809134
0.809134
0.809134
0.809134
0.809134
0.809134
0.809134
0.809134
0.809134
0.809134
0.809134
0.809134
0.809134
0.809134
0.809134
0.809134
0.809134
0.809134
0.809134
0.809134
0.809134
0.809134
0.809134
0.809134
0.809134
0.809134
0.809134
0.809134
0.809134
0.809134
0.809134
0.809134
0.809134
0.809134
0.809134
0.809134
0.809134
0.809134
0.809134
0.809134
0.809134
0.809134
0.809134
0.809134
0.809134
0.809134
0.809134
0.809134
0.809134
0.809134
0.809134
0.809134
0.809134
0.809134
0.809134
0.809134
0.809134
0.809134
0.809134
0.809134
0.809134
0.809134
0.809134
0.809134
0.809134
0.809134
0.809134
0.809134
0.809134
0.809134
0.809134
0.809134
0.809134
0.809134
0.809134
0.809134
0.809134
0.809134
0.809134
0.809134
0.809134
0.809134
0.809134
0.809134
0.809134
0.809134
0.809134
0.809134
0.809134
0.809134
0.809134
0.809134
0.809134
0.809134
0.809134
0.809134
0.809134
0.809134
0.809134
0.809134
0.809134
0.809134
0.809134
0.809134
0.809134
0.809134
0.809134
0.809134
0.809134
0.809134
0.809134
0.809134
0.809134
0.809134
0.809134
0.809134
0.809134
0.809134
0.809134
0.809134
0.809134
0.809134
0.809134
0.809134
0.809134
0.809134
0.809134
0.809134
0.809134
0.809134
0.809134
0.809134
0.809134
0.809134
0.809134
0.809134
0.809134
0.809134
0.809134
0.809134
0.809134
0.809134
0.809134
0.809134
0.809134
0.809134
0.809134
0.809134
0.809134
0.809134
0.809134
0.809134
0.809134
0.809134
0.809134
0.809134
0.809134
0.809134
0.809134
0.809134
0.809134
0.809134
0.809134
0.809134
0.809134
0.809134
0.809134
0.809134
0.809134
0.809134
0.809134
0.809134
0.809134
0.809134
0.809134
0.809134
0.809134
0.809134
0.809134
0.809134
0.809134
0.809134
0.809134
0.809134
0.809134
0.809134
0.809134
0.809134
0.809134
0.809134
0.809134
0.809134
0.809134
0.809134
0.809134
0.809134
0.809134
0.809134
0.809134
0.809134
0.809134
0.809134
0.809134
0.809134
0.809134
0.809134
0.809134
0.809134
0.809134
0.809134
0.809134
0.809134
0.809134
0.809134
0.809134
0.809134
0.809134
0.809134
0.809134
0.809134
0.809134
0.809134
0.809134
0.809134
0.809134
0.809134
0.809134
0.809134
0.809134
0.809134
0.809134
0.809134
0.809134
0.809134
0.809134
0.809134
0.809134
0.809134
0.809134
0.809134
0.809134
0.809134
0.809134
0.809134
0.809134
0.809134
0.809134
0.809134
0.809134
0.809134
0.809134
0.809134
0.809134
0.809134
0.809134
0.809134
0.809134
0.809134
0.809134
0.809134
0.809134
0.809134
0.809134
0.809134
0.809134
0.809134
0.809134
0.809134
0.809134
0.809134
0.809134
0.809134
0.809134
0.809134
0.809134
0.809134
0.809134
0.809134
0.809134
0.809134
0.809134
0.809134
0.809134
0.809134
0.809134
0.809134
0.809134
0.809134
0.809134
0.809134
0.809134
0.809134
0.809134
0.809134
0.809134
0.809134
0.809134
0.809134
0.809134
0.809134
0.809134
0.809134
0.809134
0.809134
0.809134
0.809134
0.809134
0.809134
0.809134
0.809134
0.809134
0.809134
0.809134
0.809134
0.809134
0.809134
0.809134
0.809134
0.809134
0.809134
0.809134
0.809134
0.809134
0.809134
0.809134
0.809134
0.809134
0.809134
0.809134
0.809134
0.809134
0.809134
0.809134
0.809134
0.809134
0.809134
0.809134
0.809134
0.809134
0.809134
0.809134
0.809134
0.809134
0.809134
0.809134
0.809134
0.809134
0.809134
0.809134
0.809134
0.809134
0.809134
0.809134
0.809134
0.809134
0.809134
0.809134
0.809134
0.809134
0.809134
0.809134
0.809134
0.809134
0.809134
0.809134
0.809134
0.809134
0.809134
0.809134
0.809134
0.809134
0.809134
0.809134
0.809134
0.809134
0.809134
0.809134
0.809134
0.809134
0.809134
0.809134
0.809134
0.809134
0.809134
0.809134
0.809134
0.809134
0.809134
0.809134
0.809134
0.809134
0.809134
0.809134
0.809134
0.809134
0.809134
0.809134
0.809134
0.809134
0.809134
0.809134
0.809134
0.809134
0.809134
0.809134
0.809134
0.809134
0.809134
0.809134
0.809134
0.809134
0.809134
0.809134
0.809134
0.809134
0.809134
0.809134
0.809134
0.809134
0.809134
0.809134
0.809134
0.809134
0.809134
0.809134
0.809134
0.809134
0.809134
0.809134
0.809134
0.809134
0.809134
0.809134
0.809134
0.809134
0.809134
0.809134
0.809134
0.809134
0.809134
0.809134
0.809134
0.809134
0.809134
0.809134
0.809134
0.809134
0.809134
0.809134
0.809134
0.809134
0.809134
0.809134
0.809134
0.809134
0.809134
0.809134
0.809134
0.809134
0.809134
0.809134
0.809134
0.809134
0.809134
0.809134
0.809134
0.809134
0.809134
0.809134
0.809134
0.809134
0.809134
0.809134
0.809134
0.809134
0.809134
0.809134
0.809134
0.809134
0.809134
0.809134
0.809134
0.809134
0.809134
0.809134
0.809134
0.809134
0.809134
0.809134
0.809134
0.809134
0.809134
0.809134
0.809134
0.809134
0.809134
0.809134
0.809134
0.809134
0.809134
0.809134
0.809134
0.809134
0.809134
0.809134
0.809134
0.809134
0.809134
0.809134
0.809134
0.809134
0.809134
0.809134
0.809134
0.809134
0.809134
0.809134
0.809134
0.809134
0.809134
0.809134
0.809134
0.809134
0.809134
0.809134
0.809134
0.809134
0.809134
0.809134
0.809134
0.809134
0.809134
0.809134
0.809134
0.809134
0.809134
0.809134
0.809134
0.809134
0.809134
0.809134
0.809134
0.809134
0.809134
0.809134
0.809134
0.809134
0.809134
0.809134
0.809134
0.809134
0.809134
0.809134
0.809134
0.809134
0.809134
0.809134
0.809134
0.809134
0.809134
0.809134
0.809134
0.809134
0.809134
0.809134
0.809134
0.809134
0.809134
0.809134
0.809134
0.809134
0.809134
0.809134
0.809134
0.809134
0.809134
0.809134
0.809134
0.809134
0.809134
0.809134
0.809134
0.809134
0.809134
0.809134
0.809134
0.809134
0.809134
0.809134
0.809134
0.809134
0.809134
0.809134
0.809134
0.809134
0.809134
0.809134
0.809134
0.809134
0.809134
0.809134
0.809134
0.809134
0.809134
0.809134
0.809134
0.809134
0.809134
0.809134
0.809134
0.809134
0.809134
0.809134
0.809134
0.809134
0.809134
0.809134
0.809134
0.809134
0.809134
0.809134
0.809134
0.809134
0.809134
0.809134
0.809134
0.809134
0.809134
0.809134
0.809134
0.809134
0.809134
0.809134
0.809134
0.809134
0.809134
0.809134
0.809134
0.809134
0.809134
0.809134
0.809134
0.809134
0.809134
0.809134
0.809134
0.809134
0.809134
0.809134
0.809134
0.809134
0.809134
0.809134
0.809134
0.809134
0.809134
0.809134
0.809134
0.809134
0.809134
0.809134
0.809134
0.809134
0.809134
0.809134
0.809134
0.809134
0.809134
0.809134
0.809134
0.809134
0.809134
0.809134
0.809134
0.809134
0.809134
0.809134
0.809134
0.809134
0.809134
0.809134
0.809134
0.809134
0.809134
0.809134
0.809134
0.809134
0.809134
0.809134
0.809134
0.809134
0.809134
0.809134
0.809134
0.809134
0.809134
0.809134
0.809134
0.809134
0.809134
0.809134
0.809134
0.809134
0.809134
0.809134
0.809134
0.809134
0.809134
0.809134
0.809134
0.809134
0.809134
0.809134
0.809134
0.809134
0.809134
0.809134
0.809134
0.809134
0.809134
0.809134
0.809134
0.809134
0.809134
0.809134
0.809134
0.809134
0.809134
0.809134
0.809134
0.809134
0.809134
0.809134
0.809134
0.809134
0.809134
0.809134
0.809134
0.809134
0.809134
0.809134
0.809134
0.809134
0.809134
0.809134
0.809134
0.809134
0.809134
0.809134
0.809134
0.809134
0.809134
0.809134
0.809134
0.809134
0.809134
0.809134
0.809134
0.809134
0.809134
0.809134
0.809134
0.809134
0.809134
0.809134
0.809134
0.809134
0.809134
0.809134
0.809134
0.809134
0.809134
0.809134
0.809134
0.809134
0.809134
0.809134
0.809134
0.809134
0.809134
0.809134
0.809134
0.809134
0.809134
0.809134
0.809134
0.809134
0.809134
0.809134
0.809134
0.809134
0.809134
0.809134
0.809134
0.809134
0.809134
0.809134
0.809134
0.809134
0.809134
0.809134
0.809134
0.809134
0.809134
0.809134
0.809134
0.809134
0.809134
0.809134
0.809134
0.809134
0.809134
0.809134
0.809134
0.809134
0.809134
0.809134
0.809134
0.809134
0.809134
0.809134
0.809134
0.809134
0.809134
0.809134
0.809134
0.809134
0.809134
0.809134
0.809134
0.809134
0.809134
0.809134
0.809134
0.809134
0.809134
0.809134
0.809134
0.809134
0.809134
0.809134
0.809134
0.809134
0.809134
0.809134
0.809134
0.809134
0.809134
0.809134
0.809134
0.809134
0.809134
0.809134
0.809134
0.809134
0.809134
0.809134
0.809134
0.809134
0.809134
0.809134
0.809134
0.809134
0.809134
0.809134
0.809134
0.809134
0.809134
0.809134
0.809134
0.809134
0.809134
0.809134
0.809134
0.809134
0.809134
0.809134
0.809134
0.809134
0.809134
0.809134
0.809134
0.809134
0.809134
0.809134
0.809134
0.809134
0.809134
0.809134
0.809134
0.809134
0.809134
0.809134
0.809134
0.809134
0.809134
0.809134
0.809134
0.809134
0.809134
0.809134
0.809134
0.809134
0.809134
0.809134
0.809134
0.809134
0.809134
0.809134
0.809134
0.809134
0.809134
0.809134
0.809134
0.809134
0.809134
0.809134
0.809134
0.809134
0.809134
0.809134
0.809134
0.809134
0.809134
0.809134
0.809134
0.809134
0.809134
0.809134
0.809134
0.809134
0.809134
0.809134
0.809134
0.809134
0.809134
0.809134
0.809134
0.809134
0.809134
0.809134
0.809134
0.809134
0.809134
0.809134
0.809134
0.809134
0.809134
0.809134
0.809134
0.809134
0.809134
0.809134
0.809134
0.809134
0.809134
0.809134
0.809134
0.809134
0.809134
0.809134
0.809134
0.809134
0.809134
0.809134
0.809134
0.809134
0.809134
0.809134
0.809134
0.809134
0.809134
0.809134
0.809134
0.809134
0.809134
0.809134
0.809134
0.809134
0.809134
0.809134
0.809134
0.809134
0.809134
0.809134
0.809134
0.809134
0.809134
0.809134
0.809134
0.809134
0.809134
0.809134
0.809134
0.809134
0.809134
0.809134
0.809134
0.809134
0.809134
0.809134
0.809134
0.809134
0.809134
0.809134
0.809134
0.809134
0.809134
0.809134
0.809134
0.809134
0.809134
0.809134
0.809134
0.809134
0.809134
0.809134
0.809134
0.809134
0.809134
0.809134
0.809134
0.809134
0.809134
0.809134
0.809134
0.809134
0.809134
0.809134
0.809134
0.809134
0.809134
0.809134
0.809134
0.809134
0.809134
0.809134
0.809134
0.809134
0.809134
0.809134
0.809134
0.809134
0.809134
0.809134
0.809134
0.809134
0.809134
0.809134
0.809134
0.809134
0.809134
0.809134
0.809134
0.809134
0.809134
0.809134
0.809134
0.809134
0.809134
0.809134
0.809134
0.809134
0.809134
0.809134
0.809134
0.809134
0.809134
0.809134
0.809134
0.809134
0.809134
0.809134
0.809134
0.809134
0.809134
0.809134
0.809134
0.809134
0.809134
0.809134
0.809134
0.809134
0.809134
0.809134
0.809134
0.809134
0.809134
0.809134
0.809134
0.809134
0.809134
0.809134
0.809134
0.809134
0.809134
0.809134
0.809134
0.809134
0.809134
0.809134
0.809134
0.809134
0.809134
0.809134
0.809134
0.809134
0.809134
0.809134
0.809134
0.809134
0.809134
0.809134
0.809134
0.809134
0.809134
0.809134
0.809134
0.809134
0.809134
0.809134
0.809134
0.809134
0.809134
0.809134
0.809134
0.809134
0.809134
0.809134
0.809134
0.809134
0.809134
0.809134
0.809134
0.809134
0.809134
0.809134
0.809134
0.809134
0.809134
0.809134
0.809134
0.809134
0.809134
0.809134
0.809134
0.809134
0.809134
0.809134
0.809134
0.809134
0.809134
0.809134
0.809134
0.809134
0.809134
0.809134
0.809134
0.809134
0.809134
0.809134
0.809134
0.809134
0.809134
0.809134
0.809134
0.809134
0.809134
0.809134
0.809134
0.809134
0.809134
0.809134
0.809134
0.809134
0.809134
0.809134
0.809134
0.809134
0.809134
0.809134
0.809134
0.809134
0.809134
0.809134
0.809134
0.809134
0.809134
0.809134
0.809134
0.809134
0.809134
0.809134
0.809134
0.809134
0.809134
0.809134
0.809134
0.809134
0.809134
0.809134
0.809134
0.809134
0.809134
0.809134
0.809134
0.809134
0.809134
0.809134
0.809134
0.809134
0.809134
0.809134
0.809134
0.809134
0.809134
0.809134
0.809134
0.809134
0.809134
0.809134
0.809134
0.809134
0.809134
0.809134
0.809134
0.809134
0.809134
0.809134
0.809134
0.809134
0.809134
0.809134
0.809134
0.809134
0.809134
0.809134
0.809134
0.809134
0.809134
0.809134
0.809134
0.809134
0.809134
0.809134
0.809134
0.809134
0.809134
0.809134
0.809134
0.809134
0.809134
0.809134
0.809134
0.809134
0.809134
0.809134
0.809134
0.809134
0.809134
0.809134
0.809134
0.809134
0.809134
0.809134
0.837666
0.837666
0.837666
0.837666
0.837666
0.837666
0.837666
0.837666
0.837666
0.837666
0.837666
0.837666
0.837666
0.837666
0.837666
0.837666
0.837666
0.837666
0.837666
0.837666
0.837666
0.837666
0.837666
0.837666
0.837666
0.837666
0.837666
0.837666
0.837666
0.837666
0.837666
0.837666
0.837666
0.837666
0.837666
0.837666
0.837666
0.837666
0.837666
0.837666
0.837666
0.837666
0.837666
0.837666
0.837666
0.837666
0.837666
0.837666
0.837666
0.837666
0.837666
0.837666
0.837666
0.837666
0.837666
0.837666
0.837666
0.837666
0.837666
0.837666
0.837666
0.837666
0.837666
0.837666
0.837666
0.837666
0.837666
0.837666
0.837666
0.837666
0.837666
0.837666
0.837666
0.837666
0.837666
0.837666
0.837666
0.837666
0.837666
0.837666
0.837666
0.837666
0.837666
0.837666
0.837666
0.837666
0.837666
0.837666
0.837666
0.837666
0.837666
0.837666
0.837666
0.837666
0.837666
0.837666
0.837666
0.837666
0.837666
0.837666
0.837666
0.837666
0.837666
0.837666
0.837666
0.837666
0.837666
0.837666
0.837666
0.837666
0.837666
0.837666
0.837666
0.837666
0.837666
0.837666
0.837666
0.837666
0.837666
0.837666
0.837666
0.837666
0.837666
0.837666
0.837666
0.837666
0.837666
0.837666
0.837666
0.837666
0.837666
0.837666
0.837666
0.837666
0.837666
0.837666
0.837666
0.837666
0.837666
0.837666
0.837666
0.837666
0.837666
0.837666
0.837666
0.837666
0.837666
0.837666
0.837666
0.837666
0.837666
0.837666
0.837666
0.837666
0.837666
