0.930223
0.930223
1.01687
1.01687
1.00364
0.954529
0.885057
0.934032
0.807174
0.936831
0.894996
0.953912
0.909706
0.940059
1.01398
0.929293
1.07238
0.84571
0.84571
0.84571
0.84571
0.949723
0.987802
0.834905
0.992977
0.914774
0.914774
0.83903
0.968011
0.880759
0.792093
1.00387
1.06516
0.870543
0.763927
0.603119
0.589114
0.74369
0.788875
0.745342
0.744758
0.784954
0.897913
0.807807
0.737012
0.815679
0.82798
0.82798
0.877773
1.02012
1.02012
1.03963
0.997263
0.915076
0.920796
0.920796
0.907184
0.806577
0.856699
0.856699
0.735591
0.792044
0.706397
0.672582
0.773616
0.68949
0.712741
0.752413
0.777943
0.882536
0.882536
0.709508
0.672449
0.617427
0.53495
0.611462
0.509278
0.509278
0.485187
0.436616
0.438188
0.515028
0.515028
0.570311
0.6676
0.716181
0.84446
0.833205
0.868281
0.855584
0.921323
0.755727
0.682214
0.678192
0.664
0.664
0.565907
0.565907
0.671223
0.731232
0.876158
0.936859
1.004
1.004
1.0102
1.06
0.860541
0.890565
0.896623
0.980288
0.97129
0.981426
0.96333
0.991758
1.23481
1.35436
1.35436
1.46458
1.46458
1.39277
1.39277
1.49366
1.29465
1.15304
1.10248
1.10248
1.06251
1.01031
1.08121
1.05869
1.08818
1.12487
1.03004
1.06565
1.07049
1.11201
1.09045
1.0842
1.0842
1.1593
1.19796
1.15857
1.09947
1.19664
1.3248
1.34927
1.22462
1.22126
1.14731
0.911544
0.987989
1.02301
1.17801
0.86489
0.859077
0.919763
0.933892
0.826214
0.772854
0.797475
0.785865
0.849762
0.830389
0.764324
0.769953
0.769953
0.788993
0.883856
0.831688
0.914848
0.809986
0.769247
0.84309
1.01989
1.0013
1.01414
1.15047
1.01281
1.00222
1.15824
1.27024
1.00342
0.892078
0.837151
0.941515
0.941999
0.871281
0.854984
0.882666
0.882666
0.813139
0.736282
0.750735
0.743187
0.820534
0.761751
0.788003
0.85861
0.681522
0.60968
0.591889
0.707444
0.556614
0.703698
0.671143
0.537388
0.644188
0.644188
0.73234
0.672503
0.711449
0.730854
0.846572
0.810907
0.84034
0.890755
1.00641
0.9862
0.906752
1.14077
1.26492
1.24442
1.16191
1.29055
1.32427
1.32538
1.32538
1.23891
1.04578
1.106
1.31056
1.45709
1.51109
1.41654
1.47036
1.47036
1.36153
1.36153
1.36153
1.39617
1.39617
1.35487
1.40392
1.39313
1.32994
1.38636
1.38636
1.19263
1.23421
1.25803
1.2324
1.35586
1.35586
1.38259
1.43811
1.35852
1.34868
1.40968
1.42473
1.51357
1.5253
1.45631
1.45631
1.38586
1.42933
1.48171
1.34549
1.28564
1.28564
1.35716
1.33621
1.2749
1.33127
1.3776
1.31617
1.32356
1.32356
1.32356
1.32356
1.33012
1.27296
1.0351
1.08537
1.08537
1.25121
1.17758
1.27621
1.07778
0.961988
1.02567
1.00742
0.916049
0.968913
0.919415
1.06084
1.20193
1.17497
1.17497
1.37822
1.34376
1.4225
1.4225
1.4225
1.34096
1.29152
1.03782
1.00693
0.934171
0.957009
1.00028
1.00028
1.11521
1.14451
1.05825
0.986352
0.972911
1.03011
1.0494
1.32994
1.19239
1.22899
1.16187
1.19407
1.2412
1.14168
1.08154
1.22382
1.03542
0.942288
0.925561
0.925561
0.929372
0.929372
1.01183
1.23831
1.23831
1.23831
1.28707
1.32854
1.27226
1.37556
1.43591
1.44643
1.44643
1.3631
1.3631
1.17981
1.10416
1.15024
1.28256
1.29434
1.04511
1.06284
1.2261
1.2261
1.15675
1.00883
1.0587
1.24865
1.20231
1.06646
0.828871
0.641906
0.640198
0.68639
0.658077
0.746689
0.794154
0.805574
0.700163
0.709226
0.687022
0.739451
0.881365
0.868017
0.805258
0.805258
0.917092
0.883772
0.883772
0.984753
0.978425
0.855067
0.846337
0.856779
0.867277
0.881475
0.922161
0.922161
0.914204
0.837834
0.672791
0.592879
0.592879
0.678438
0.572132
0.713534
0.713534
0.758398
0.635788
0.703496
0.703496
0.677496
0.805433
0.632783
0.606149
0.546534
0.546534
0.512503
0.425097
0.383032
0.366416
0.448504
0.474333
0.529089
0.529089
0.454308
0.495166
0.445569
0.445569
0.47426
0.495551
0.596594
0.537404
0.566821
0.561415
0.619318
0.616793
0.616793
0.679794
0.61245
0.61245
0.796269
0.651895
0.71807
0.795943
0.76425
0.923262
1.06923
1.06923
1.06923
0.961906
0.961906
0.942493
0.995983
1.01537
1.09285
0.983812
1.09705
1.27003
1.27003
1.38038
1.27521
1.26793
1.38748
1.39108
1.39108
1.39108
1.39108
1.41292
1.40802
1.26619
1.24327
1.23879
1.23283
1.23283
1.29383
1.2432
1.26245
1.11382
1.11382
1.1812
1.34792
1.23135
1.23135
1.36484
1.36484
1.36484
1.36484
1.36484
1.3006
1.3006
1.3006
1.3006
1.11682
0.994109
0.991366
0.863086
0.843499
0.796177
0.642479
0.642479
0.627606
0.771118
0.59188
0.682057
0.682057
0.662668
0.662668
0.662668
0.799542
0.799542
0.799542
0.86459
0.730042
0.689594
0.647518
0.557058
0.559517
0.784579
0.812545
0.868024
0.956432
0.98852
1.06914
1.06914
1.04792
0.81729
0.761845
0.80659
0.794748
0.767089
0.75082
0.622751
0.505415
0.703403
0.703403
0.619935
0.575867
0.471267
0.561952
0.5182
0.489927
0.489927
0.487715
0.423853
0.458565
0.445892
0.457319
0.693019
0.74682
0.74682
0.669167
0.574351
0.699023
0.590649
0.550355
0.550355
0.581987
0.546881
0.65231
0.638846
0.665415
0.665415
0.668728
0.668728
0.668728
0.668728
0.695031
0.628852
0.654647
0.654647
0.654647
0.698853
0.738876
0.865475
0.761677
0.808748
0.65721
0.575207
0.540994
0.608591
0.844215
0.877222
0.92573
0.945924
0.85471
0.85471
0.909272
0.838085
0.818994
0.818994
0.818994
0.742853
0.827858
0.827858
0.839591
0.782182
0.771302
0.677063
0.677063
0.718262
0.952574
0.854254
0.854254
0.869543
1.00626
1.02606
1.13532
1.008
1.07199
1.07199
1.03755
0.964733
1.01607
1.01607
0.779008
0.864003
0.864003
0.856242
0.922211
1.03492
1.0516
1.19525
1.07428
1.03366
0.964199
0.93262
0.983116
1.06996
1.06996
0.975448
0.902322
0.885447
0.944418
0.79423
0.770662
0.770662
0.828552
0.817092
0.899098
0.718604
0.728253
0.651916
0.68501
0.7323
0.7323
0.863267
1.01588
1.01588
1.13608
1.23801
1.23801
1.27796
1.27796
1.27796
1.24298
1.24298
1.07352
1.12295
1.0921
1.04603
1.16854
1.11912
1.11912
1.05652
1.02352
1.05198
1.09679
1.01576
0.973143
0.973143
0.973143
0.884835
0.905062
0.905062
0.884103
0.619183
0.550667
0.651308
0.6457
0.697796
0.77507
0.829505
0.823215
0.834388
0.767104
0.700238
0.700238
0.758881
0.681688
0.605461
0.586808
0.729003
0.729003
0.554875
0.554875
0.681345
0.725384
0.592255
0.592255
0.592255
0.633618
0.633618
0.607623
0.557227
0.475061
0.475061
0.672548
0.633106
0.648911
0.544778
0.544778
0.661433
0.684677
0.684677
0.726519
0.655274
0.681441
0.710724
0.941691
0.897917
0.906687
0.745421
0.71277
0.658501
0.598649
0.707534
0.6399
0.558131
0.576631
0.57667
0.448218
0.496786
0.496786
0.496786
0.496786
0.609424
0.609424
0.526387
0.513104
0.513104
0.513104
0.715983
0.799432
0.856664
0.825601
0.935883
0.871821
0.900236
0.870074
0.786002
0.803228
0.780985
0.854199
0.830062
0.832508
0.832508
0.873086
0.937289
0.937289
0.861606
0.684699
0.743794
0.743794
0.743794
0.756908
0.745817
0.745817
0.776974
0.776974
0.776974
0.776974
0.763841
0.639267
0.702576
0.770446
0.734881
0.531745
0.461992
0.452908
0.617148
0.581581
0.629902
0.700881
0.752139
0.752139
0.784534
0.784534
0.618033
0.71383
0.75137
0.782052
0.727563
0.62701
0.652828
0.652828
0.605896
0.582684
0.582684
0.63999
0.614838
0.659591
0.788766
0.788766
0.793847
0.732948
0.691148
0.721846
0.561516
0.561516
0.581234
0.581234
0.467491
0.467491
0.467491
0.467491
0.552046
0.727186
0.810476
0.806394
0.806394
0.734262
0.536845
0.527767
0.630802
0.555731
0.644992
0.71534
0.603045
0.524057
0.547814
0.547814
0.596817
0.506958
0.549773
0.549773
0.697577
0.535532
0.535532
0.464835
0.551256
0.823263
0.747336
0.812424
0.58181
0.58181
0.662832
0.759852
0.759852
0.66902
0.701053
0.766731
0.769612
0.769612
0.875665
0.793749
0.746369
0.787282
0.731189
0.576147
0.550928
0.51059
0.610058
0.690224
0.582905
0.54229
0.54229
0.54229
0.607092
0.619561
0.518669
0.55691
0.54869
0.554463
0.554463
0.684151
0.620441
0.550662
0.550662
0.550662
0.550662
0.550662
0.550662
0.546191
0.596059
0.596059
0.676053
0.724717
0.770699
0.815317
0.815317
0.815317
0.815317
0.872658
0.872658
0.872658
0.786001
0.786001
0.786001
0.802111
0.808073
0.813621
0.620072
0.493838
0.493838
0.687358
0.711601
0.771635
0.778818
0.576102
0.661475
0.649208
0.655827
0.690845
0.690845
0.690845
0.690845
0.708495
0.699596
0.699596
0.699596
0.745053
0.865667
0.837169
0.841863
0.795317
0.87734
0.87734
0.746338
0.729823
0.612435
0.595119
0.580015
0.579318
0.579318
0.522798
0.53051
0.64663
0.767395
0.834294
0.842229
0.85323
0.86643
0.753516
0.656207
0.424584
0.467733
0.476319
0.476319
0.426783
0.426783
0.426854
0.550414
0.656387
0.703487
0.703487
0.722577
0.775293
0.775293
0.811694
0.870146
0.870146
0.887624
0.719162
0.719162
0.719162
0.719162
0.531587
0.547387
0.547387
0.609313
0.609313
0.678695
0.678695
0.678695
0.678695
0.678695
0.683676
0.683676
0.763216
0.69285
0.52543
0.581855
0.684412
0.627504
0.581039
0.584022
0.583813
0.63685
0.774295
0.771922
0.685204
0.601213
0.653429
0.653429
0.594501
0.594501
0.594501
0.565668
0.565668
0.716659
0.786432
0.786432
0.694826
0.694826
0.701502
0.69043
0.69043
0.670057
0.793742
0.950051
0.912558
0.903581
0.903581
0.963067
0.873505
0.986516
0.986516
1.05911
1.05911
1.05911
0.940964
0.872786
0.872786
0.843892
0.956695
0.956695
1.00759
1.00759
0.976053
0.958533
0.958533
0.910598
0.985736
0.985736
0.985736
0.985736
0.985736
0.985736
0.984157
0.827389
0.763827
0.916357
0.925276
0.908934
0.908934
0.878363
0.878363
0.96714
0.957942
0.803105
0.710283
0.81827
0.721299
0.721299
0.721299
0.846191
0.894216
0.947691
0.82001
0.995098
0.995098
0.979105
1.01255
1.087
1.01287
1.03115
1.08027
1.08027
0.948125
1.04501
1.07151
1.07151
1.07151
1.13245
1.18934
1.13393
1.13393
1.08438
1.08438
1.08438
0.954307
0.867112
0.867112
0.867112
0.775782
0.814989
0.814989
0.861218
0.956979
0.956979
1.0241
0.97044
0.952472
0.97084
0.953895
0.990341
1.05266
0.958081
1.0961
1.04936
1.04936
1.04936
1.04936
0.926121
0.909758
0.909758
0.909758
0.909758
0.864159
0.858719
0.858719
0.693552
0.679826
0.523485
0.589933
0.638983
0.638983
0.638983
0.749433
0.818434
0.737387
0.737387
0.61297
0.607659
0.607659
0.607659
0.607659
0.607659
0.666541
0.666541
0.690965
0.512004
0.512004
0.532045
0.532045
0.613353
0.623449
0.623449
0.805027
0.732435
0.598453
0.598453
0.598453
0.598453
0.598453
0.598453
0.581173
0.594285
0.594285
0.613315
0.611665
0.611665
0.5978
0.5978
0.5978
0.5978
0.5978
0.5978
0.5978
0.51229
0.521935
0.521935
0.491855
0.491855
0.646151
0.646151
0.52833
0.52833
0.532091
0.506122
0.506122
0.566476
0.566476
0.539682
0.539682
0.597716
0.610823
0.581776
0.602379
0.509185
0.509185
0.571493
0.571493
0.571493
0.571493
0.571493
0.572064
0.65716
0.65716
0.65716
0.65716
0.65716
0.65716
0.65716
0.62264
0.71983
0.645306
0.70977
0.70977
0.695947
0.695947
0.805328
0.555079
0.605174
0.605174
0.605174
0.54587
0.54587
0.54587
0.54587
0.552923
0.552923
0.615922
0.69101
0.69101
0.56918
0.56918
0.580385
0.580385
0.580385
0.702158
0.702158
0.60326
0.54451
0.54451
0.719547
0.761403
0.651507
0.651507
0.669493
0.726618
0.625452
0.625452
0.625452
0.699367
0.59108
0.59108
0.546436
0.546436
0.546436
0.546436
0.546436
0.633781
0.560024
0.560024
0.554741
0.554741
0.611839
0.691982
0.570604
0.570604
0.565322
0.669541
0.669541
0.669541
0.669541
0.717418
0.717418
0.717418
0.724941
0.724941
0.507213
0.529394
0.529394
0.587595
0.587595
0.587595
0.636178
0.636178
0.580526
0.568602
0.638241
0.638241
0.65447
0.657235
0.750482
0.750482
0.715725
0.715725
0.53514
0.53514
0.53514
0.564733
0.564733
0.707901
0.707901
0.707901
0.707901
0.707901
0.707901
0.707901
0.707901
0.685135
0.748794
0.635481
0.706017
0.706017
0.672023
0.585186
0.755639
0.726283
0.726283
0.623864
0.690867
0.690867
0.690867
0.634512
0.634512
0.634512
0.663082
0.658554
0.57479
0.57479
0.57479
0.57479
0.600864
0.600864
0.600864
0.600864
0.563561
0.592577
0.595713
0.595713
0.595713
0.595713
0.595713
0.595713
0.595713
0.561042
0.614804
0.614804
0.621862
0.621862
0.621862
0.61954
0.61954
0.61954
0.61954
0.595929
0.595929
0.592426
0.592426
0.592426
0.592426
0.567425
0.567425
0.567425
0.567425
0.641326
0.615475
0.615475
0.615475
0.615475
0.614172
0.614172
0.732874
0.743183
0.743183
0.662137
0.800281
0.820208
0.820208
0.820208
0.799891
0.799891
0.799891
0.799891
0.799891
0.719627
0.53851
0.53851
0.53851
0.53851
0.53851
0.53851
0.53851
0.550352
0.718939
0.718939
0.810661
0.669791
0.643536
0.627581
0.635529
0.635529
0.635529
0.592596
0.592596
0.636233
0.636233
0.636233
0.636233
0.636233
0.636233
0.636233
0.636233
0.636233
0.684087
0.687972
0.687972
0.62172
0.62172
0.62172
0.62172
0.641738
0.641738
0.641738
0.641738
0.679398
0.679398
0.679398
0.718258
0.807927
0.725486
0.725486
0.773682
0.586316
0.827437
0.827437
0.827437
0.827437
0.827437
0.840344
0.823486
0.932477
0.986713
0.986713
0.986713
0.986713
0.986713
0.986713
0.986713
0.999628
0.962795
0.962795
0.864655
0.876536
0.85143
0.85143
0.81297
0.715385
0.683698
0.683698
0.683698
0.683698
0.662904
0.662904
0.662904
0.662904
0.589029
0.589029
0.589029
0.589029
0.622248
0.622248
0.574017
0.574017
0.574017
0.574017
0.574017
0.574017
0.574017
0.574017
0.574017
0.574017
0.574017
0.574017
0.574017
0.574017
0.574017
0.574017
0.574017
0.574017
0.574017
0.574017
0.574017
0.574017
0.574017
0.574017
0.574017
0.574017
0.580193
0.580193
0.580193
0.580193
0.580193
0.580193
0.580193
0.620528
0.547707
0.547707
0.547707
0.547707
0.547707
0.595012
0.595012
0.595012
0.582819
0.582819
0.582819
0.595014
0.595014
0.595014
0.586743
0.586743
0.586743
0.586743
0.586743
0.586743
0.586743
0.586743
0.586743
0.586743
0.639967
0.639967
0.639967
0.639967
0.681313
0.681313
0.681313
0.681313
0.526231
0.532582
0.532582
0.532582
0.532582
0.532582
0.545265
0.631333
0.715055
0.715055
0.715055
0.648126
0.648126
0.648126
0.594146
0.594146
0.594146
0.594146
0.594146
0.697439
0.697439
0.697439
0.697439
0.697439
0.697439
0.697439
0.697439
0.697439
0.697439
0.697439
0.718022
0.718022
0.613205
0.667213
0.667213
0.563553
0.563553
0.594014
0.594014
0.594014
0.594014
0.594014
0.594014
0.594014
0.661886
0.720375
0.720375
0.720375
0.720375
0.720375
0.720375
0.641947
0.641947
0.641947
0.641947
0.641947
0.641947
0.634132
0.634791
0.634791
0.634791
0.634791
0.646911
0.646911
0.592945
0.592945
0.592945
0.592945
0.592945
0.680648
0.680648
0.680648
0.680648
0.591591
0.591591
0.591591
0.591591
0.591591
0.591591
0.575296
0.575296
0.575296
0.575296
0.575296
0.575296
0.575296
0.575296
0.575296
0.575296
0.618219
0.618219
0.618219
0.600056
0.600056
0.600056
0.600056
0.688729
0.688729
0.688729
0.688729
0.648521
0.738468
0.733615
0.733615
0.733615
0.733615
0.733615
0.733615
0.733615
0.755559
0.755559
0.713003
0.713003
0.713003
0.713003
0.671888
0.671888
0.671888
0.596471
0.596471
0.596471
0.639964
0.639964
0.639964
0.639964
0.639964
0.639964
0.639964
0.636444
0.630023
0.630023
0.630023
0.630023
0.630023
0.630023
0.630023
0.630023
0.630023
0.630023
0.626545
0.626545
0.626545
0.626545
0.626545
0.576269
0.633947
0.633947
0.633947
0.633947
0.633947
0.633947
0.633947
0.633947
0.633947
0.696669
0.701129
0.701129
0.628821
0.681332
0.695264
0.695264
0.695264
0.695264
0.695264
0.754346
0.754346
0.754346
0.732669
0.732669
0.57137
0.701991
0.701991
0.596665
0.596665
0.596665
0.596665
0.596665
0.573544
0.573544
0.573544
0.573544
0.573544
0.667214
0.682884
0.682884
0.682884
0.682884
0.682884
0.682884
0.682884
0.682884
0.626255
0.619692
0.619692
0.619692
0.619692
0.619692
0.619692
0.597172
0.597172
0.597307
0.569377
0.581093
0.640241
0.640241
0.640241
0.640241
0.640241
0.640241
0.640241
0.640241
0.640241
0.640241
0.614464
0.566525
0.566525
0.566525
0.566525
0.679749
0.679749
0.679749
0.679749
0.679749
0.595087
0.595087
0.595087
0.595087
0.595087
0.675577
0.675577
0.675577
0.675577
0.675577
0.675577
0.66122
0.66122
0.66122
0.66122
0.66122
0.66122
0.66122
0.66122
0.56313
0.702794
0.656179
0.656179
0.656179
0.656179
0.656179
0.656179
0.656179
0.651577
0.651577
0.651577
0.651577
0.651577
0.651577
0.651577
0.644706
0.611124
0.611124
0.611124
0.611124
0.611124
0.611124
0.611124
0.611124
0.611124
0.611124
0.611124
0.611124
0.611124
0.611124
0.611124
0.611124
0.611124
0.611124
0.611124
0.602487
0.650155
0.650155
0.650155
0.650155
0.650155
0.635056
0.616998
0.616998
0.616998
0.616998
0.616998
0.616998
0.616269
0.616269
0.616269
0.616269
0.616269
0.616269
0.616269
0.616269
0.621237
0.621237
0.621237
0.621237
0.621237
0.621237
0.553649
0.623672
0.623672
0.623672
0.623672
0.583779
0.583779
0.583779
0.583779
0.579276
0.60006
0.566361
0.566361
0.566361
0.566361
0.54394
0.54394
0.54394
0.54394
0.54394
0.54394
0.65816
0.65816
0.610272
0.610272
0.610272
0.610272
0.610272
0.610272
0.610272
0.610272
0.610272
0.610272
0.610272
0.610272
0.610272
0.603552
0.603552
0.647473
0.647473
0.647473
0.647473
0.647473
0.647473
0.591296
0.591296
0.591296
0.591296
0.591296
0.591296
0.591296
0.591296
0.591296
0.591296
0.591296
0.591296
0.591296
0.591296
0.591296
0.591296
0.64068
0.64068
0.64068
0.62803
0.62803
0.62803
0.62803
0.62803
0.62803
0.62803
0.62803
0.62803
0.62803
0.62803
0.609286
0.609286
0.601236
0.601236
0.624334
0.624334
0.624334
0.624334
0.624334
0.624334
0.624334
0.624334
0.624334
0.61401
0.61401
0.61401
0.61401
0.61401
0.61401
0.61401
0.61401
0.61401
0.61401
0.61401
0.61401
0.61401
0.597513
0.597513
0.597513
0.597513
0.597513
0.606868
0.606868
0.606868
0.606868
0.606868
0.606868
0.606868
0.606868
0.606868
0.606868
0.606868
0.606868
0.606868
0.606868
0.606868
0.606868
0.606868
0.606868
0.606868
0.606868
0.580241
0.580241
0.580241
0.580241
0.580241
0.580241
0.580241
0.580241
0.580241
0.580241
0.580241
0.580241
0.580241
0.580241
0.580241
0.62699
0.62699
0.62699
0.62699
0.62699
0.62699
0.62699
0.62699
0.62699
0.62699
0.62699
0.62699
0.62699
0.62699
0.62699
0.62699
0.62699
0.603094
0.603094
0.65629
0.65629
0.639452
0.639452
0.639452
0.639452
0.639452
0.639452
0.639452
0.639452
0.634522
0.634522
0.617901
0.617901
0.617901
0.617901
0.617901
0.617901
0.617901
0.617901
0.617901
0.617901
0.666479
0.666479
0.676418
0.676418
0.677737
0.677737
0.657832
0.657832
0.657832
0.657832
0.657832
0.657832
0.657832
0.657832
0.657832
0.657832
0.653197
0.653197
0.653197
0.653197
0.636001
0.668039
0.570048
0.570048
0.570048
0.649949
0.649949
0.649949
0.649949
0.649949
0.647943
0.647943
0.647943
0.647943
0.647943
0.647943
0.647943
0.647943
0.647943
0.647943
0.647943
0.647943
0.647943
0.617752
0.617752
0.617752
0.617752
0.627395
0.627395
0.678823
0.678823
0.678823
0.678823
0.59829
0.625932
0.636202
0.636202
0.611137
0.611137
0.611137
0.611137
0.611137
0.611137
0.611137
0.611137
0.611137
0.611137
0.611137
0.611137
0.611137
0.611137
0.611137
0.611137
0.611137
0.611137
0.611137
0.611137
0.611137
0.611137
0.611137
0.611137
0.611137
0.611137
0.611137
0.611137
0.611137
0.611137
0.611137
0.611137
0.611137
0.611137
0.611137
0.611137
0.611137
0.635338
0.635338
0.635338
0.635338
0.635338
0.635338
0.635338
0.635338
0.635338
0.635338
0.635338
0.635338
0.635338
0.635338
0.635338
0.635338
0.635338
0.635338
0.635338
0.635338
0.664572
0.664572
0.664572
0.664572
0.664572
0.614106
0.614106
0.623098
0.581688
0.581688
0.670503
0.670503
0.670503
0.670503
0.670503
0.670503
0.670503
0.670503
0.670503
0.670503
0.670503
0.670503
0.670503
0.670503
0.651648
0.628182
0.628182
0.594594
0.594594
0.594594
0.594594
0.594594
0.594594
0.594594
0.594594
0.594594
0.594594
0.627991
0.627991
0.627991
0.627991
0.627991
0.627991
0.627991
0.627991
0.627991
0.627991
0.627991
0.627991
0.643366
0.643366
0.643366
0.643366
0.643366
0.643366
0.643366
0.643366
0.584172
0.584172
0.584172
0.584172
0.584172
0.584172
0.584172
0.584172
0.584172
0.584172
0.584172
0.584172
0.584172
0.584172
0.584172
0.584172
0.584172
0.584172
0.584172
0.584172
0.584172
0.584172
0.584172
0.584172
0.584172
0.584172
0.584172
0.584172
0.584172
0.584172
0.584172
0.584172
0.584172
0.584172
0.584172
0.584172
0.584172
0.584172
0.584172
0.584172
0.597101
0.597101
0.597101
0.597101
0.597101
0.597101
0.597101
0.597101
0.597101
0.597101
0.597101
0.597101
0.597101
0.597101
0.597101
0.597101
0.597101
0.597101
0.597101
0.597101
0.597101
0.597101
0.597101
0.597101
0.597101
0.597101
0.597101
0.597101
0.597101
0.597101
0.597101
0.597101
0.597101
0.597101
0.597101
0.597101
0.597101
0.597101
0.597101
0.597101
0.597101
0.648756
0.648756
0.648756
0.648756
0.648756
0.648756
0.648756
0.648756
0.648756
0.648756
0.648756
0.648756
0.648756
0.648756
0.648756
0.648756
0.648756
0.648756
0.648756
0.648756
0.648756
0.648756
0.648756
0.647422
0.647422
0.647422
0.647422
0.647422
0.647422
0.647422
0.647422
0.630355
0.630355
0.630355
0.630355
0.630355
0.630355
0.627119
0.617524
0.617524
0.617524
0.617524
0.617524
0.617524
0.617524
0.617524
0.617524
0.617524
0.617524
0.608764
0.608764
0.608764
0.608764
0.608764
0.608764
0.608764
0.608764
0.608764
0.608764
0.608764
0.608764
0.608764
0.608764
0.608764
0.608764
0.610049
0.610049
0.610049
0.610049
0.610049
0.610049
0.610049
0.610049
0.610049
0.610049
0.610049
0.589479
0.589479
0.589479
0.589479
0.589479
0.589479
0.589479
0.589479
0.589479
0.589479
0.589479
0.589479
0.589479
0.589479
0.589479
0.589479
0.589479
0.589479
0.589479
0.589479
0.589479
0.589479
0.589479
0.619316
0.610805
0.610805
0.610805
0.610805
0.610805
0.610805
0.610805
0.634683
0.634683
0.634683
0.634683
0.606641
0.606641
0.606641
0.606641
0.606641
0.606641
0.606641
0.606641
0.606641
0.606641
0.606641
0.606641
0.640798
0.640798
0.640798
0.640798
0.640798
0.640798
0.640798
0.640798
0.640798
0.640798
0.640798
0.640798
0.640798
0.640798
0.640798
0.640798
0.640798
0.640798
0.640798
0.640798
0.640798
0.640798
0.640798
0.640798
0.640798
0.640798
0.640798
0.640798
0.640798
0.640798
0.640798
0.640798
0.640798
0.640798
0.640798
0.640798
0.640798
0.640798
0.640798
0.58633
0.58633
0.58633
0.58633
0.58633
0.58633
0.58633
0.58633
0.58633
0.58633
0.58633
0.58633
0.58633
0.58633
0.58633
0.58633
0.58633
0.58633
0.58633
0.58633
0.58633
0.58633
0.58633
0.58633
0.58633
0.58633
0.58633
0.58633
0.58633
0.58633
0.58633
0.58633
0.58633
0.58633
0.58633
0.58633
0.58633
0.58633
0.58633
0.58633
0.58633
0.58633
0.58633
0.58633
0.58633
0.58633
0.58633
0.58633
0.58633
0.58633
0.58633
0.58633
0.58633
0.58633
0.58633
0.58633
0.58633
0.58633
0.58633
0.58633
0.58633
0.58633
0.58633
0.58633
0.58633
0.58633
0.58633
0.58633
0.58633
0.58633
0.58633
0.58633
0.58633
0.58633
0.58633
0.58633
0.58633
0.58633
0.58633
0.58633
0.58633
0.58633
0.58633
0.58633
0.58633
0.58633
0.58633
0.58633
0.58633
0.58633
0.58633
0.58633
0.58633
0.58633
0.58633
0.58633
0.58633
0.58633
0.58633
0.58633
0.58633
0.58633
0.58633
0.58633
0.58633
0.58633
0.58633
0.58633
0.58633
0.58633
0.58633
0.58633
0.58633
0.58633
0.58633
0.58633
0.58633
0.58633
0.58633
0.58633
0.58633
0.58633
0.58633
0.58633
0.58633
0.58633
0.58633
0.58633
0.58633
0.58633
0.58633
0.58633
0.58633
0.58633
0.58633
0.58633
0.58633
0.58633
0.58633
0.58633
0.58633
0.58633
0.58633
0.58633
0.58633
0.58633
0.58633
0.58633
0.58633
0.58633
0.58633
0.58633
0.58633
0.58633
0.58633
0.58633
0.58633
0.58633
0.58633
0.58633
0.58633
0.58633
0.58633
0.58633
0.58633
0.58633
0.58633
0.58633
0.58633
0.58633
0.58633
0.58633
0.58633
0.58633
0.58633
0.58633
0.58633
0.58633
0.58633
0.58633
0.58633
0.58633
0.58633
0.58633
0.58633
0.58633
0.58633
0.58633
0.58633
0.58633
0.58633
0.58633
0.58633
0.58633
0.58633
0.58633
0.58633
0.58633
0.58633
0.58633
0.58633
0.58633
0.58633
0.58633
0.58633
0.58633
0.58633
0.58633
0.58633
0.58633
0.58633
0.58633
0.58633
0.58633
0.58633
0.58633
0.58633
0.58633
0.58633
0.58633
0.58633
0.58633
0.58633
0.58633
0.58633
0.58633
0.58633
0.58633
0.58633
0.58633
0.58633
0.58633
0.58633
0.58633
0.58633
0.58633
0.58633
0.58633
0.58633
0.58633
0.58633
0.58633
0.58633
0.58633
0.58633
0.58633
0.58633
0.58633
0.58633
0.58633
0.58633
0.58633
0.58633
0.58633
0.58633
0.58633
0.58633
0.58633
0.58633
0.58633
0.58633
0.58633
0.58633
0.58633
0.58633
0.58633
0.58633
0.58633
0.58633
0.58633
0.58633
0.58633
0.58633
0.58633
0.58633
0.58633
0.58633
0.58633
0.58633
0.58633
0.58633
0.58633
0.58633
0.58633
0.58633
0.58633
0.58633
0.58633
0.58633
0.58633
0.58633
0.58633
0.58633
0.58633
0.58633
0.58633
0.58633
0.58633
0.58633
0.58633
0.58633
0.58633
0.58633
0.58633
0.58633
0.58633
0.58633
0.58633
0.58633
0.58633
0.58633
0.58633
0.58633
0.58633
0.58633
0.58633
0.58633
0.58633
0.58633
0.58633
0.58633
0.58633
0.58633
0.58633
0.58633
0.58633
0.58633
0.58633
0.58633
0.58633
0.58633
0.58633
0.58633
0.58633
0.58633
0.58633
0.58633
0.58633
0.58633
0.58633
0.58633
0.58633
0.58633
0.58633
0.58633
0.58633
0.58633
0.58633
0.58633
0.58633
0.58633
0.58633
0.58633
0.58633
0.58633
0.58633
0.58633
0.58633
0.58633
0.58633
0.58633
0.58633
0.58633
0.58633
0.58633
0.58633
0.58633
0.58633
0.58633
0.58633
0.58633
0.58633
0.58633
0.58633
0.58633
0.58633
0.58633
0.58633
0.58633
0.58633
0.58633
0.58633
0.58633
0.58633
0.58633
0.58633
0.58633
0.58633
0.58633
0.58633
0.58633
0.58633
0.58633
0.58633
0.58633
0.58633
0.58633
0.58633
0.58633
0.58633
0.58633
0.58633
0.58633
0.58633
0.58633
0.58633
0.58633
0.58633
0.58633
0.58633
0.58633
0.58633
0.58633
0.58633
0.58633
0.58633
0.58633
0.58633
0.58633
0.58633
0.58633
0.58633
0.58633
0.58633
0.58633
0.58633
0.58633
0.58633
0.58633
0.58633
0.58633
0.58633
0.58633
0.58633
0.58633
0.58633
0.58633
0.58633
0.58633
0.58633
0.58633
0.58633
0.58633
0.58633
0.58633
0.58633
0.58633
0.58633
0.58633
0.58633
0.58633
0.58633
0.58633
0.58633
0.58633
0.58633
0.58633
0.58633
0.58633
0.58633
0.58633
0.58633
0.58633
0.58633
0.58633
0.58633
0.58633
0.58633
0.58633
0.58633
0.58633
0.58633
0.58633
0.58633
0.58633
0.58633
0.58633
0.58633
0.58633
0.58633
0.58633
0.58633
0.58633
0.58633
0.58633
0.58633
0.58633
0.58633
0.58633
0.58633
0.58633
0.58633
0.58633
0.58633
0.58633
0.58633
0.58633
0.58633
0.58633
0.58633
0.58633
0.58633
0.58633
0.58633
0.58633
0.58633
0.58633
0.58633
0.58633
0.58633
0.58633
0.58633
0.58633
0.58633
0.58633
0.58633
0.58633
0.58633
0.58633
0.58633
0.58633
0.58633
0.58633
0.58633
0.58633
0.58633
0.58633
0.58633
0.58633
0.58633
0.58633
0.58633
0.58633
0.58633
0.58633
0.58633
0.58633
0.58633
0.58633
0.58633
0.58633
0.58633
0.58633
0.58633
0.58633
0.58633
0.58633
0.58633
0.58633
0.58633
0.58633
0.58633
0.58633
0.58633
0.58633
0.58633
0.58633
0.58633
0.58633
0.58633
0.58633
0.58633
0.58633
0.58633
0.58633
0.58633
0.58633
0.58633
0.58633
0.58633
0.58633
0.58633
0.58633
0.58633
0.58633
0.58633
0.58633
0.58633
0.58633
0.58633
0.58633
0.58633
0.58633
0.58633
0.58633
0.58633
0.58633
0.58633
0.58633
0.58633
0.58633
0.58633
0.58633
0.58633
0.58633
0.58633
0.58633
0.58633
0.58633
0.58633
0.58633
0.58633
0.58633
0.58633
0.58633
0.58633
0.58633
0.58633
0.58633
0.58633
0.58633
0.58633
0.58633
0.58633
0.58633
0.58633
0.58633
0.58633
0.58633
0.58633
0.58633
0.58633
0.58633
0.58633
0.58633
0.58633
0.58633
0.58633
0.58633
0.58633
0.58633
0.58633
0.58633
0.58633
0.58633
0.58633
0.58633
0.58633
0.58633
0.58633
0.58633
0.58633
0.58633
0.58633
0.58633
0.58633
0.58633
0.58633
0.58633
0.58633
0.58633
0.58633
0.58633
0.58633
0.58633
0.58633
0.58633
0.58633
0.58633
0.58633
0.58633
0.58633
0.58633
0.58633
0.58633
0.58633
0.58633
0.58633
0.58633
0.58633
0.58633
0.58633
0.58633
0.58633
0.58633
0.58633
0.58633
0.58633
0.58633
0.58633
0.58633
0.58633
0.58633
0.58633
0.58633
0.58633
0.58633
0.58633
0.58633
0.58633
0.58633
0.58633
0.58633
0.58633
0.58633
0.58633
0.58633
0.58633
0.58633
0.58633
0.58633
0.58633
0.58633
0.58633
0.58633
0.58633
0.58633
0.58633
0.58633
0.58633
0.58633
0.58633
0.58633
0.58633
0.58633
0.58633
0.58633
0.58633
0.58633
0.58633
0.58633
0.58633
0.58633
0.58633
0.58633
0.58633
0.58633
0.58633
0.58633
0.58633
0.58633
0.58633
0.58633
0.58633
0.58633
0.58633
0.58633
0.58633
0.58633
0.58633
0.58633
0.58633
0.58633
0.58633
0.58633
0.58633
0.58633
0.58633
0.58633
0.58633
0.58633
0.58633
0.58633
0.58633
0.58633
0.58633
0.58633
0.58633
0.58633
0.58633
0.58633
0.58633
0.58633
0.58633
0.58633
0.58633
0.58633
0.58633
0.58633
0.58633
0.58633
0.58633
0.58633
0.58633
0.58633
0.58633
0.58633
0.58633
0.58633
0.58633
0.58633
0.58633
0.58633
0.58633
0.58633
0.58633
0.58633
0.58633
0.58633
0.58633
0.58633
0.58633
0.58633
0.58633
0.58633
0.58633
0.58633
0.58633
0.58633
0.58633
0.58633
0.58633
0.58633
0.58633
0.58633
0.58633
0.58633
0.58633
0.58633
0.58633
0.58633
0.58633
0.58633
0.58633
0.58633
0.58633
0.58633
0.58633
0.58633
0.58633
0.58633
0.58633
0.58633
0.58633
0.58633
0.58633
0.58633
0.58633
0.58633
0.58633
0.58633
0.58633
0.58633
0.58633
0.58633
0.58633
0.58633
0.58633
0.58633
0.58633
0.58633
0.58633
0.58633
0.58633
0.58633
0.58633
0.58633
0.58633
0.58633
0.58633
0.58633
0.58633
0.58633
0.58633
0.58633
0.58633
0.58633
0.58633
0.58633
0.58633
0.58633
0.58633
0.58633
0.58633
0.58633
0.58633
0.58633
0.58633
0.58633
0.58633
0.58633
0.58633
0.58633
0.58633
0.58633
0.58633
0.58633
0.58633
0.58633
0.58633
0.58633
0.58633
0.58633
0.58633
0.58633
0.58633
0.58633
0.58633
0.58633
0.58633
0.58633
0.58633
0.58633
0.58633
0.58633
0.58633
0.58633
0.58633
0.58633
0.58633
0.58633
0.58633
0.58633
0.58633
0.58633
0.58633
0.58633
0.58633
0.58633
0.58633
0.58633
0.58633
0.58633
0.58633
0.58633
0.58633
0.58633
0.58633
0.58633
0.58633
0.58633
0.58633
0.58633
0.58633
0.58633
0.58633
0.58633
0.58633
0.58633
0.58633
0.58633
0.58633
0.58633
0.58633
0.58633
0.58633
0.58633
0.58633
0.58633
0.58633
0.58633
0.58633
0.58633
0.58633
0.58633
0.58633
0.58633
0.58633
0.58633
0.58633
0.58633
0.58633
0.58633
0.58633
0.58633
0.58633
0.58633
0.58633
0.58633
0.58633
0.58633
0.58633
0.58633
0.58633
0.58633
0.58633
0.58633
0.58633
0.58633
0.58633
0.58633
0.58633
0.58633
0.58633
0.58633
0.58633
0.58633
0.58633
0.58633
0.58633
0.58633
0.58633
0.58633
0.58633
0.58633
0.58633
0.58633
0.58633
0.58633
0.58633
0.58633
0.58633
0.58633
0.58633
0.58633
0.58633
0.58633
0.58633
0.58633
0.58633
0.58633
0.58633
0.58633
0.58633
0.58633
0.58633
0.58633
0.58633
0.58633
0.58633
0.58633
0.58633
0.58633
0.58633
0.58633
0.621151
0.621151
0.621151
0.621151
0.621151
0.621151
0.621151
0.621151
0.621151
0.621151
0.621151
0.621151
0.621151
0.621151
0.621151
0.621151
0.621151
0.621151
0.621151
0.621151
0.621151
0.621151
0.621151
0.621151
0.621151
0.621151
0.621151
0.621151
0.621151
0.621151
0.621151
0.621151
0.621151
0.621151
0.621151
0.621151
0.621151
0.621151
0.621151
0.621151
0.621151
0.621151
0.621151
0.621151
0.621151
0.621151
0.621151
0.621151
0.621151
0.621151
0.621151
0.621151
0.621151
0.621151
0.621151
0.621151
0.621151
0.621151
0.621151
0.621151
0.621151
0.621151
0.621151
0.621151
0.621151
0.621151
0.621151
0.621151
0.621151
0.621151
0.621151
0.621151
0.621151
0.621151
0.621151
0.621151
0.621151
0.621151
0.621151
0.621151
0.621151
0.621151
0.621151
0.621151
0.621151
0.621151
0.621151
0.621151
0.621151
0.621151
0.621151
0.621151
0.621151
0.621151
0.621151
0.621151
0.621151
0.621151
0.621151
0.621151
0.621151
0.621151
0.621151
0.621151
0.621151
0.621151
0.621151
0.621151
0.621151
0.621151
0.621151
0.621151
0.621151
0.621151
0.621151
0.621151
0.621151
0.621151
0.621151
0.621151
0.621151
0.621151
0.621151
0.621151
0.621151
0.621151
0.621151
0.621151
0.621151
0.621151
0.621151
0.621151
0.621151
0.621151
0.635692
0.635692
0.635692
0.635692
0.635692
0.635692
0.635692
0.635692
0.635692
0.635692
0.635692
0.635692
0.635692
0.635692
0.635692
0.635692
0.635692
0.635692
0.635692
0.635692
0.635692
0.635692
0.635692
0.635692
0.635692
0.635692
0.635692
0.635692
0.635692
0.635692
0.635692
0.635692
0.635692
0.635692
0.635692
0.635692
0.635692
0.635692
0.635692
0.635692
0.635692
0.635692
0.635692
0.635692
0.635692
0.635692
0.635692
0.635692
0.635692
0.635692
0.635692
0.635692
0.635692
0.635692
0.635692
0.635692
0.635692
0.635692
0.635692
0.635692
0.635692
0.635692
0.635692
0.635692
0.635692
0.635692
0.635692
0.635692
0.635692
0.635692
0.635692
0.635692
0.635692
0.635692
0.635692
0.635692
0.635692
0.635692
0.635692
0.635692
0.635692
0.635692
0.635692
0.635692
0.635692
0.635692
0.635692
0.635692
0.635692
0.635692
0.635692
0.635692
0.635692
0.635692
0.635692
0.635692
0.635692
0.635692
0.635692
0.635692
0.635692
0.635692
0.635692
0.635692
0.635692
0.635692
0.635692
0.635692
0.635692
0.635692
0.635692
0.635692
0.635692
0.635692
0.635692
0.635692
0.635692
0.635692
0.635692
0.635692
0.635692
0.635692
0.635692
0.635692
0.635692
0.635692
0.635692
0.635692
0.635692
0.635692
0.635692
0.635692
0.635692
0.635692
0.635692
0.635692
0.635692
0.635692
0.635692
0.635692
0.635692
0.635692
0.635692
0.635692
0.635692
0.635692
0.635692
0.635692
0.635692
0.635692
0.635692
0.635692
0.635692
0.635692
0.635692
0.635692
0.635692
0.635692
0.635692
0.635692
0.635692
0.635692
0.635692
0.635692
0.635692
0.635692
0.635692
0.635692
0.635692
0.635692
0.635692
0.635692
0.635692
0.635692
0.635692
0.635692
0.635692
0.635692
0.635692
0.635692
0.635692
0.635692
0.635692
0.635692
0.635692
0.635692
0.635692
0.635692
0.635692
0.635692
0.635692
0.635692
0.635692
0.635692
0.635692
0.635692
0.635692
0.635692
0.635692
0.635692
0.635692
0.635692
0.635692
0.635692
0.635692
0.635692
0.635692
0.635692
0.635692
0.635692
0.635692
0.635692
0.635692
0.635692
0.635692
0.635692
0.635692
0.635692
0.635692
0.635692
0.635692
0.635692
0.635692
0.635692
0.635692
0.635692
0.635692
0.635692
0.635692
0.635692
0.635692
0.635692
0.635692
0.635692
0.635692
0.635692
0.635692
0.635692
0.635692
0.635692
0.635692
0.635692
0.635692
0.635692
0.635692
0.635692
0.635692
0.635692
0.635692
0.635692
0.635692
0.635692
0.635692
0.635692
0.635692
0.635692
0.635692
0.635692
0.635692
0.635692
0.635692
0.635692
0.635692
0.635692
0.635692
0.635692
0.635692
0.635692
0.635692
0.635692
0.635692
0.635692
0.635692
0.635692
0.635692
0.635692
0.635692
0.635692
0.635692
0.635692
0.635692
0.635692
0.635692
0.635692
0.635692
0.635692
0.635692
0.635692
0.635692
0.635692
0.635692
0.635692
0.635692
0.635692
0.635692
0.635692
0.635692
0.635692
0.635692
0.635692
0.635692
0.635692
0.635692
0.635692
0.635692
0.635692
0.635692
0.635692
0.635692
0.635692
0.635692
0.635692
0.635692
0.635692
0.635692
0.635692
0.635692
0.635692
0.635692
0.635692
0.635692
0.635692
0.635692
0.635692
0.635692
0.635692
0.635692
0.635692
0.635692
0.635692
0.635692
0.635692
0.635692
0.635692
0.635692
0.635692
0.635692
0.635692
0.635692
0.635692
0.635692
0.635692
0.635692
0.635692
0.635692
0.635692
0.635692
0.635692
0.635692
0.635692
0.635692
0.635692
0.635692
0.635692
0.635692
0.635692
0.635692
0.635692
0.635692
0.635692
0.635692
0.635692
0.635692
0.635692
0.635692
0.635692
0.635692
0.635692
0.635692
0.635692
0.635692
0.635692
0.635692
0.635692
0.635692
0.635692
0.635692
0.635692
0.635692
0.635692
0.635692
0.635692
0.635692
0.635692
0.635692
0.635692
0.635692
0.635692
0.635692
0.635692
0.635692
0.635692
0.635692
0.635692
0.635692
0.635692
0.635692
0.635692
0.635692
0.635692
0.635692
0.635692
0.635692
0.635692
0.635692
0.635692
0.635692
0.635692
0.635692
0.635692
0.635692
0.635692
0.635692
0.635692
0.635692
0.635692
0.635692
0.635692
0.635692
0.635692
0.635692
0.635692
0.635692
0.635692
0.635692
0.635692
0.635692
0.635692
0.635692
0.635692
0.635692
0.635692
0.635692
0.635692
0.635692
0.635692
0.635692
0.635692
0.635692
0.635692
0.635692
0.635692
0.635692
0.635692
0.635692
0.635692
0.635692
0.635692
0.635692
0.635692
0.635692
0.635692
0.635692
0.635692
0.635692
0.635692
0.635692
0.635692
0.635692
0.635692
0.635692
0.635692
0.635692
0.635692
0.635692
0.635692
0.635692
0.635692
0.635692
0.635692
0.635692
0.635692
0.635692
0.635692
0.635692
0.635692
0.635692
0.635692
0.635692
0.635692
0.635692
0.635692
0.635692
0.635692
0.635692
0.635692
0.635692
0.635692
0.635692
0.635692
0.635692
0.635692
0.635692
0.635692
0.635692
0.635692
0.635692
0.635692
0.635692
0.635692
0.635692
0.635692
0.635692
0.635692
0.635692
0.635692
0.635692
0.635692
0.635692
0.635692
0.635692
0.635692
0.635692
0.635692
0.635692
0.635692
0.635692
0.635692
0.635692
0.635692
0.635692
0.635692
0.635692
0.635692
0.635692
0.635692
0.635692
0.635692
0.635692
0.635692
0.635692
0.635692
0.635692
0.635692
0.635692
0.635692
0.635692
0.635692
0.635692
0.635692
0.635692
0.635692
0.635692
0.635692
0.635692
0.635692
0.635692
0.635692
0.635692
0.635692
0.635692
0.635692
0.635692
0.635692
0.635692
0.635692
0.635692
0.635692
0.635692
0.635692
0.635692
0.635692
0.635692
0.635692
0.635692
0.635692
0.635692
0.635692
0.635692
0.635692
0.635692
0.635692
0.635692
0.635692
0.635692
0.635692
0.635692
0.635692
0.635692
0.635692
0.635692
0.635692
0.635692
0.635692
0.635692
0.635692
0.635692
0.635692
0.635692
0.635692
0.635692
0.635692
0.635692
0.635692
0.635692
0.635692
0.635692
0.635692
0.635692
0.635692
0.635692
0.635692
0.635692
0.635692
0.635692
0.635692
0.635692
0.635692
0.635692
0.635692
0.635692
0.635692
0.635692
0.635692
0.635692
0.635692
0.635692
0.635692
0.635692
0.635692
0.635692
0.635692
0.635692
0.635692
0.635692
0.635692
0.635692
0.635692
0.635692
0.635692
0.635692
0.635692
0.635692
0.635692
0.635692
0.635692
0.635692
0.635692
0.635692
0.635692
0.635692
0.635692
0.635692
0.635692
0.635692
0.635692
0.635692
0.635692
0.635692
0.635692
0.635692
0.635692
0.635692
0.635692
0.635692
0.635692
0.635692
0.635692
0.635692
0.635692
0.635692
0.635692
0.635692
0.635692
0.635692
0.635692
0.635692
0.635692
0.635692
0.635692
0.635692
0.635692
0.635692
0.635692
0.635692
0.635692
0.635692
0.635692
0.635692
0.635692
0.635692
0.635692
0.635692
0.635692
0.635692
0.635692
0.635692
0.635692
0.635692
0.635692
0.635692
0.635692
0.635692
0.635692
0.635692
0.635692
0.635692
0.635692
0.635692
0.635692
0.635692
0.635692
0.635692
0.635692
0.635692
0.635692
0.635692
0.635692
0.635692
0.635692
0.635692
0.635692
0.635692
0.635692
0.635692
0.635692
0.635692
0.635692
0.635692
0.635692
0.635692
0.635692
0.635692
0.635692
0.635692
0.635692
0.635692
0.635692
0.635692
0.635692
0.635692
0.635692
0.635692
0.635692
0.635692
0.635692
0.635692
0.635692
0.635692
0.635692
0.635692
0.635692
0.635692
0.635692
0.635692
0.635692
0.635692
0.635692
0.635692
0.635692
0.635692
0.635692
0.635692
0.635692
0.635692
0.635692
0.635692
0.635692
0.635692
0.635692
0.635692
0.635692
0.635692
0.635692
0.635692
0.635692
0.635692
0.635692
0.635692
0.635692
0.635692
0.635692
0.635692
0.635692
0.635692
0.635692
0.635692
0.635692
0.635692
0.635692
0.635692
0.635692
0.635692
0.635692
0.635692
0.635692
0.635692
0.635692
0.635692
0.635692
0.635692
0.635692
0.635692
0.635692
0.635692
0.635692
0.635692
0.635692
0.635692
0.635692
0.635692
0.635692
0.635692
0.635692
0.635692
0.635692
0.635692
0.635692
0.635692
0.635692
0.635692
0.635692
0.635692
0.635692
0.635692
0.635692
0.635692
0.635692
0.635692
0.635692
0.635692
0.635692
0.635692
0.635692
0.635692
0.635692
0.635692
0.635692
0.635692
0.635692
0.635692
0.635692
0.635692
0.635692
0.635692
0.635692
0.635692
0.635692
0.635692
0.635692
0.635692
0.635692
0.635692
0.635692
0.635692
0.635692
0.635692
0.635692
0.635692
0.635692
0.635692
0.635692
0.635692
0.635692
0.635692
0.635692
0.635692
0.635692
0.635692
0.635692
0.635692
0.635692
0.635692
0.635692
0.635692
0.635692
0.635692
0.635692
0.635692
0.635692
0.635692
0.635692
0.635692
0.635692
0.635692
0.635692
0.635692
0.635692
0.635692
0.635692
0.635692
0.635692
0.635692
0.635692
0.635692
0.635692
0.635692
0.635692
0.635692
0.635692
0.635692
0.635692
0.635692
0.635692
0.635692
0.635692
0.635692
0.635692
0.635692
0.635692
0.635692
0.635692
0.635692
0.635692
0.635692
0.635692
0.635692
0.635692
0.635692
0.635692
0.635692
0.635692
0.635692
0.635692
0.635692
0.635692
0.635692
0.635692
0.635692
0.635692
0.635692
0.635692
0.635692
0.635692
0.635692
0.635692
0.635692
0.635692
0.635692
0.635692
0.635692
0.635692
0.635692
0.635692
0.635692
0.635692
0.635692
0.635692
0.635692
0.635692
0.635692
0.635692
0.635692
0.635692
0.635692
0.635692
0.635692
0.635692
0.635692
0.635692
0.635692
0.635692
0.635692
0.635692
0.635692
0.635692
0.635692
0.635692
0.635692
0.635692
0.635692
0.635692
0.635692
0.635692
0.635692
0.635692
0.635692
0.635692
0.635692
0.635692
0.635692
0.635692
0.635692
0.635692
0.635692
0.635692
0.635692
0.635692
0.635692
0.635692
0.635692
0.635692
0.635692
0.635692
0.635692
0.635692
0.635692
0.635692
0.635692
0.635692
0.635692
0.635692
0.635692
0.635692
0.635692
0.635692
0.635692
0.635692
0.635692
0.635692
0.635692
0.635692
0.635692
0.635692
0.635692
0.635692
0.635692
0.635692
0.635692
0.635692
0.635692
0.635692
0.635692
0.635692
0.635692
0.635692
0.635692
0.635692
0.635692
0.635692
0.635692
0.635692
0.635692
0.635692
0.635692
0.635692
0.635692
0.635692
0.635692
0.635692
0.635692
0.635692
0.635692
0.635692
0.635692
0.635692
0.635692
0.635692
0.635692
0.635692
0.635692
0.635692
0.635692
0.635692
0.635692
0.635692
0.635692
0.635692
0.635692
0.635692
0.635692
0.635692
0.635692
0.635692
0.635692
0.635692
0.635692
0.635692
0.635692
0.635692
0.635692
0.635692
0.635692
0.635692
0.635692
0.635692
0.635692
0.635692
0.635692
0.635692
0.635692
0.635692
0.635692
0.635692
0.635692
0.635692
0.635692
0.635692
0.635692
0.635692
0.635692
0.635692
0.635692
0.635692
0.635692
0.635692
0.635692
0.635692
0.635692
0.635692
0.635692
0.635692
0.635692
0.635692
0.635692
0.635692
0.635692
0.635692
0.635692
0.635692
0.635692
0.635692
0.635692
0.635692
0.635692
0.635692
0.635692
0.635692
0.635692
0.635692
0.635692
0.635692
0.635692
0.635692
0.635692
0.635692
0.635692
0.635692
0.635692
0.635692
0.635692
0.635692
0.635692
0.635692
0.635692
0.635692
0.635692
0.635692
0.635692
0.635692
0.635692
0.635692
0.635692
0.635692
0.635692
0.635692
0.635692
0.635692
0.635692
0.635692
0.635692
0.635692
0.635692
0.635692
0.635692
0.635692
0.635692
0.635692
0.635692
0.635692
0.635692
0.635692
0.635692
0.635692
0.635692
0.635692
0.635692
0.635692
0.635692
0.635692
0.635692
0.635692
0.635692
0.635692
0.635692
0.635692
0.635692
0.635692
0.635692
0.635692
0.635692
0.635692
0.635692
0.635692
0.635692
0.635692
0.635692
0.635692
0.635692
0.635692
0.635692
0.635692
0.635692
0.635692
0.635692
0.635692
0.635692
0.635692
0.635692
0.635692
0.635692
0.635692
0.635692
0.635692
0.635692
0.635692
0.635692
0.635692
0.635692
0.635692
0.635692
0.635692
0.635692
0.635692
0.635692
0.635692
0.635692
0.635692
0.635692
0.635692
0.635692
0.635692
0.635692
0.635692
0.635692
0.635692
0.635692
0.635692
0.635692
0.635692
0.635692
0.635692
0.635692
0.635692
0.635692
0.635692
0.635692
0.635692
0.635692
0.635692
0.635692
0.635692
0.635692
0.635692
0.635692
0.635692
0.635692
0.635692
0.635692
0.635692
0.635692
0.635692
0.635692
0.635692
0.635692
0.635692
0.635692
0.635692
0.635692
0.635692
0.635692
0.635692
0.635692
0.635692
0.635692
0.635692
0.635692
0.635692
0.635692
0.635692
0.635692
0.635692
0.635692
0.635692
0.635692
0.635692
0.635692
0.635692
0.635692
0.635692
0.635692
0.635692
0.635692
0.635692
0.635692
0.635692
0.635692
0.635692
0.635692
0.635692
0.635692
0.635692
0.635692
0.635692
0.635692
0.635692
0.635692
0.635692
0.635692
0.635692
0.635692
0.635692
0.635692
0.635692
0.635692
0.635692
0.635692
0.635692
0.635692
0.635692
0.635692
0.635692
0.635692
0.635692
0.635692
0.635692
0.635692
0.635692
0.635692
0.635692
0.635692
0.635692
0.635692
0.635692
0.635692
0.635692
0.635692
0.635692
0.635692
0.635692
0.635692
0.635692
0.635692
0.635692
0.635692
0.635692
0.635692
0.635692
0.635692
0.635692
0.635692
0.635692
0.635692
0.635692
0.635692
0.635692
0.635692
0.635692
0.635692
0.635692
0.635692
0.635692
0.635692
0.635692
0.635692
0.635692
0.635692
0.635692
0.635692
0.635692
0.635692
0.635692
0.635692
0.635692
0.635692
0.635692
0.635692
0.635692
0.635692
0.635692
0.635692
0.635692
0.635692
0.635692
0.635692
0.635692
0.635692
0.635692
0.635692
0.635692
0.635692
0.635692
0.635692
0.635692
0.635692
0.635692
0.635692
0.635692
0.635692
0.635692
0.635692
0.635692
0.635692
0.635692
0.635692
0.635692
0.635692
0.635692
0.635692
0.635692
0.635692
0.635692
0.635692
0.635692
0.635692
0.635692
0.635692
0.635692
0.635692
0.635692
0.635692
0.635692
0.635692
0.635692
0.635692
0.635692
0.635692
0.635692
0.635692
0.635692
0.635692
0.635692
0.635692
0.635692
0.635692
0.635692
0.635692
0.635692
0.635692
0.635692
0.635692
0.635692
0.635692
0.635692
0.635692
0.635692
0.635692
0.635692
0.635692
0.635692
0.635692
0.635692
0.635692
0.635692
0.635692
0.635692
0.635692
0.635692
0.635692
0.635692
0.635692
0.635692
0.635692
0.635692
0.635692
0.635692
0.635692
0.635692
0.635692
0.635692
0.635692
0.635692
0.635692
0.635692
0.635692
0.635692
0.635692
0.635692
0.635692
0.635692
0.635692
0.635692
0.635692
0.635692
0.635692
0.635692
0.635692
0.635692
0.635692
0.635692
0.635692
0.635692
0.635692
0.635692
0.635692
0.635692
0.635692
0.635692
0.635692
0.635692
0.635692
0.635692
0.635692
0.635692
0.635692
0.635692
0.635692
0.635692
0.635692
0.635692
0.635692
0.635692
0.635692
0.635692
0.635692
0.635692
0.635692
0.635692
0.635692
0.635692
0.635692
0.635692
0.635692
0.635692
0.635692
0.635692
0.635692
0.635692
0.635692
0.635692
0.635692
0.635692
0.635692
0.635692
0.635692
0.635692
0.635692
0.635692
0.635692
0.635692
0.635692
0.635692
0.635692
0.635692
0.635692
0.635692
0.635692
0.635692
0.635692
0.635692
0.635692
0.635692
0.635692
0.635692
0.635692
0.635692
0.635692
0.635692
0.635692
0.635692
0.635692
0.635692
0.635692
0.635692
0.635692
0.635692
0.635692
0.635692
0.635692
0.635692
0.635692
0.635692
0.635692
0.635692
0.635692
0.635692
0.635692
0.635692
0.635692
0.635692
0.635692
0.635692
0.635692
0.635692
0.635692
0.635692
0.635692
0.635692
0.635692
0.635692
0.635692
0.635692
0.635692
0.635692
0.635692
0.635692
0.635692
0.635692
0.635692
0.635692
0.635692
0.635692
0.635692
0.635692
0.635692
0.635692
0.635692
0.635692
0.635692
0.635692
0.635692
0.635692
0.635692
0.635692
0.635692
0.635692
0.635692
0.635692
0.635692
0.635692
0.635692
0.635692
0.635692
0.635692
0.635692
0.635692
0.635692
0.635692
0.635692
0.635692
0.635692
0.635692
0.635692
0.635692
0.635692
0.635692
0.635692
0.635692
0.635692
0.635692
0.635692
0.635692
0.635692
0.635692
0.635692
0.635692
0.635692
0.635692
0.635692
0.635692
0.635692
0.635692
0.635692
0.635692
0.635692
0.635692
0.635692
0.635692
0.635692
0.635692
0.635692
0.635692
0.635692
0.635692
0.635692
0.635692
0.635692
0.635692
0.635692
0.635692
0.635692
0.635692
0.635692
0.635692
0.635692
0.635692
0.635692
0.635692
0.635692
0.635692
0.635692
0.635692
0.635692
0.635692
0.635692
0.635692
0.635692
0.635692
0.635692
0.635692
0.635692
0.635692
0.635692
0.635692
0.635692
0.635692
0.635692
0.635692
0.635692
0.635692
0.635692
0.635692
0.635692
0.635692
0.635692
0.635692
0.635692
0.635692
0.635692
0.635692
0.635692
0.635692
0.635692
0.635692
0.635692
0.635692
0.635692
0.635692
0.635692
0.635692
0.635692
0.635692
0.635692
0.635692
0.635692
0.635692
0.635692
0.635692
0.635692
0.635692
0.635692
0.635692
0.635692
0.635692
0.635692
0.635692
0.635692
0.635692
0.635692
0.635692
0.635692
0.635692
0.635692
0.635692
0.635692
0.635692
0.635692
0.635692
0.635692
0.635692
0.635692
0.635692
0.635692
0.635692
0.635692
0.635692
0.635692
0.635692
0.635692
0.635692
0.635692
0.635692
0.635692
0.635692
0.635692
0.635692
0.635692
0.635692
0.635692
0.635692
0.635692
0.635692
0.635692
0.635692
0.635692
0.635692
0.635692
0.635692
0.635692
0.635692
0.635692
0.635692
0.635692
0.635692
0.635692
0.635692
0.635692
0.635692
0.635692
0.635692
0.635692
0.635692
0.635692
0.635692
0.635692
0.635692
0.635692
0.635692
0.635692
0.635692
0.635692
0.635692
0.635692
0.635692
0.635692
0.635692
0.635692
0.635692
0.635692
0.635692
0.635692
0.635692
0.635692
0.635692
0.635692
0.635692
0.635692
0.635692
0.635692
0.635692
0.635692
0.635692
0.635692
0.635692
0.635692
0.635692
0.635692
0.635692
0.635692
0.635692
0.635692
0.635692
0.635692
0.635692
0.635692
0.635692
0.635692
0.635692
0.635692
0.635692
0.635692
0.635692
0.635692
0.635692
0.635692
0.635692
0.635692
0.635692
0.635692
0.635692
0.635692
0.635692
0.635692
0.635692
0.635692
0.635692
0.635692
0.635692
0.635692
0.635692
0.635692
0.635692
0.635692
0.635692
0.635692
0.635692
0.635692
0.635692
0.635692
0.635692
0.635692
0.635692
0.635692
0.635692
0.635692
0.635692
0.635692
0.635692
0.635692
0.635692
0.635692
0.635692
0.635692
0.635692
0.635692
0.635692
0.635692
0.635692
0.635692
0.635692
0.635692
0.635692
0.635692
0.635692
0.635692
0.635692
0.635692
0.635692
0.635692
0.635692
0.635692
0.635692
0.635692
0.635692
0.635692
0.635692
0.635692
0.635692
0.635692
0.635692
0.635692
0.635692
0.635692
0.635692
0.635692
0.635692
0.635692
0.635692
0.635692
0.635692
0.635692
0.635692
0.635692
0.635692
0.635692
0.635692
0.635692
0.635692
0.635692
0.635692
0.635692
0.635692
0.635692
0.635692
0.635692
0.635692
0.635692
0.635692
0.635692
0.635692
0.635692
0.635692
0.635692
0.635692
0.635692
0.635692
0.635692
0.635692
0.635692
0.635692
0.635692
0.635692
0.635692
0.635692
0.635692
0.635692
0.635692
0.635692
0.635692
0.635692
0.635692
0.635692
0.635692
0.635692
0.635692
0.635692
0.635692
0.635692
0.635692
0.635692
0.635692
0.635692
0.635692
0.635692
0.635692
0.635692
0.635692
0.635692
0.635692
0.635692
0.635692
0.635692
0.635692
0.635692
0.635692
0.635692
0.635692
0.635692
0.635692
0.635692
0.635692
0.635692
0.635692
0.635692
0.635692
0.635692
0.635692
0.635692
0.635692
0.635692
0.635692
0.635692
0.635692
0.635692
0.635692
0.635692
0.635692
0.635692
0.635692
0.635692
0.635692
0.635692
0.635692
0.635692
0.635692
0.635692
0.635692
0.635692
0.635692
0.635692
0.635692
0.635692
0.635692
0.635692
0.635692
0.635692
0.635692
0.635692
0.635692
0.635692
0.635692
0.635692
0.635692
0.635692
0.635692
0.635692
0.635692
0.635692
0.635692
0.635692
0.635692
0.635692
0.635692
0.635692
0.635692
0.635692
0.635692
0.635692
0.635692
0.635692
0.635692
0.635692
0.635692
0.635692
0.635692
0.635692
0.635692
0.635692
0.635692
0.635692
0.635692
0.635692
0.635692
0.635692
0.635692
0.635692
0.635692
0.635692
0.635692
0.635692
0.635692
0.635692
0.635692
0.635692
0.635692
0.635692
0.635692
0.635692
0.635692
0.635692
0.635692
0.635692
0.635692
0.635692
0.635692
0.635692
0.635692
0.635692
0.635692
0.635692
0.635692
0.635692
0.635692
0.635692
0.635692
0.635692
0.635692
0.635692
0.635692
0.635692
0.635692
0.635692
0.635692
0.635692
0.635692
0.635692
0.635692
0.635692
0.635692
0.635692
0.635692
0.635692
0.635692
0.635692
0.635692
0.635692
0.635692
0.635692
0.635692
0.635692
0.635692
0.635692
0.635692
0.635692
0.635692
0.635692
0.635692
0.635692
0.635692
0.635692
0.635692
0.635692
0.635692
0.635692
0.635692
0.635692
0.635692
0.635692
0.635692
0.635692
0.635692
0.635692
0.635692
0.635692
0.635692
0.635692
0.635692
0.635692
0.635692
0.635692
0.635692
0.635692
0.635692
0.635692
0.635692
0.635692
0.635692
0.635692
0.635692
0.635692
0.635692
0.635692
0.635692
0.635692
0.635692
0.635692
0.635692
0.635692
0.635692
0.635692
0.635692
0.635692
0.635692
0.635692
0.635692
0.635692
0.635692
0.635692
0.635692
0.635692
0.635692
0.635692
0.635692
0.635692
0.635692
0.635692
0.635692
0.635692
0.635692
0.635692
0.635692
0.635692
0.635692
0.635692
0.635692
0.635692
0.635692
0.635692
0.635692
0.635692
0.635692
0.635692
0.635692
0.635692
0.635692
0.635692
0.635692
0.635692
0.635692
0.635692
0.635692
0.635692
0.635692
0.635692
0.635692
0.635692
0.635692
0.635692
0.635692
0.635692
0.635692
0.635692
0.635692
0.635692
0.635692
0.635692
0.635692
0.635692
0.635692
0.635692
0.635692
0.635692
0.635692
0.635692
0.635692
0.635692
0.635692
0.635692
0.635692
0.635692
0.635692
0.635692
0.635692
0.635692
0.635692
0.635692
0.635692
0.635692
0.635692
0.635692
0.635692
0.635692
0.635692
0.635692
0.635692
0.635692
0.635692
0.635692
0.635692
0.635692
0.635692
0.635692
0.635692
0.635692
0.635692
0.635692
0.635692
0.635692
0.635692
0.635692
0.635692
0.635692
0.635692
0.635692
0.635692
0.635692
0.635692
0.635692
0.635692
0.635692
0.635692
0.635692
0.635692
0.635692
0.635692
0.635692
0.635692
0.635692
0.635692
0.635692
0.635692
0.635692
0.635692
0.635692
0.635692
0.635692
0.635692
0.635692
0.635692
0.635692
0.635692
0.635692
0.635692
0.603646
0.603646
0.603646
0.603646
0.603646
0.603646
0.603646
0.603646
0.603646
0.603646
0.603646
0.603646
0.603646
0.603646
0.603646
0.603646
0.603646
0.603646
0.603646
0.603646
0.603646
0.603646
0.603646
0.603646
0.603646
0.603646
0.603646
0.603646
0.603646
0.603646
0.603646
0.603646
0.603646
0.603646
0.603646
0.603646
0.603646
0.603646
0.603646
0.603646
0.603646
0.603646
0.603646
0.603646
0.603646
0.603646
0.603646
0.603646
0.603646
0.603646
0.603646
0.603646
0.603646
0.603646
0.603646
0.603646
0.603646
0.603646
0.603646
0.603646
0.603646
0.603646
0.603646
0.603646
0.603646
0.603646
0.603646
0.603646
0.603646
0.603646
0.603646
0.603646
0.603646
0.603646
0.603646
0.603646
0.603646
0.603646
0.603646
0.603646
0.603646
0.603646
0.603646
0.603646
0.603646
0.603646
0.603646
0.603646
0.603646
0.603646
0.603646
0.603646
0.603646
0.603646
0.603646
0.603646
0.603646
0.603646
0.603646
0.603646
0.603646
0.603646
0.603646
0.603646
0.603646
0.603646
0.603646
0.603646
0.603646
0.603646
0.603646
0.603646
0.603646
0.603646
0.603646
0.603646
0.603646
0.603646
0.603646
0.603646
0.603646
0.603646
0.603646
0.603646
0.603646
0.603646
0.603646
0.603646
0.603646
0.603646
0.603646
0.603646
0.603646
0.603646
0.603646
0.603646
0.603646
0.603646
0.603646
0.603646
0.603646
0.603646
0.603646
0.603646
0.603646
0.603646
0.603646
0.603646
0.603646
0.603646
0.603646
0.603646
0.603646
0.603646
0.603646
