           1     83.9681     83.9681           0
           2     76.0258     79.9969     2.80802
           3     73.5206     77.8382     2.57124
           4      81.233     78.6869     2.06376
           5     76.8976      78.329     1.68175
           6     77.5836     78.2048     1.40604
           7     75.4025     77.8044     1.26088
           8      78.603     77.9043     1.10721
           9     83.1781     78.4902     1.12865
          10     84.6887     79.1101     1.17371
          11     84.0893     79.5627     1.15099
          12      74.848     79.1698     1.12013
          13     79.7868     79.2173     1.03497
          14     73.8898     78.8368     1.02863
          15     84.5666     79.2188     1.02854
          16     87.2035     79.7178     1.07855
          17     75.4246     79.4653     1.04425
          18     79.2681     79.4543    0.986295
          19      76.644     79.3064    0.945411
          20     78.8319     79.2827    0.898438
           1     50.1384     50.1384           0
           2     39.9645     45.0515     3.59705
           3     38.4744     42.8591     2.99245
           4     41.9248     42.6255     2.25344
           5     44.0938     42.9192     1.82178
           6     44.4412     43.1729     1.53571
           7     43.6072     43.2349     1.31758
           8     41.9534     43.0747     1.16258
           9      48.416     43.6682     1.17516
          10     43.0673     43.6081     1.05918
          11     43.8785     43.6327    0.963175
          12        44.3     43.6883    0.884514
          13     45.3706     43.8177    0.825887
          14     41.4335     43.6474    0.784256
          15     44.1024     43.6777    0.732559
          16     46.6891     43.8659    0.710541
          17     41.2932     43.7146    0.684672
          18     44.5938     43.7634    0.648375
          19     45.7624     43.8687    0.622727
          20     46.5897     44.0047    0.606271
           1      24.547      24.547           0
           2      23.447      23.997    0.388915
           3     21.4571     23.1504    0.738299
           4     24.7226     23.5434    0.649978
           5     23.3646     23.5077    0.520966
           6     25.5792     23.8529    0.536477
           7     24.8061     23.9891    0.476804
           8     23.6124      23.942    0.419522
           9      27.115     24.2946    0.499545
          10     25.6537     24.4305    0.467715
          11     25.0023     24.4825    0.428075
          12     23.7941     24.4251    0.396226
          13     22.5535     24.2811    0.391029
          14     23.6384     24.2352    0.365784
          15     24.0553     24.2232    0.341595
          16     23.9551     24.2065    0.320656
          17     22.2914     24.0938    0.320973
          18     30.4399     24.4464    0.457478
          19     24.6025     24.4546    0.433474
          20     25.9013     24.5269    0.417792
           1     15.3327     15.3327           0
           2     15.1802     15.2564   0.0539169
           3     15.3949     15.3026   0.0520818
           4     15.8164     15.4311    0.117892
           5     15.9769     15.5402    0.135752
           6     15.8906     15.5986    0.125057
           7     15.1124     15.5291    0.125004
           8     16.3265     15.6288     0.14372
           9     14.1516     15.4647    0.200668
          10     14.9925     15.4175    0.186075
          11     15.9756     15.4682    0.175942
          12     14.4791     15.3858    0.179552
          13     14.6947     15.3326    0.173432
          14     15.3754     15.3357    0.161071
          15     15.5937     15.3529    0.151249
          16      14.933     15.3266    0.144054
          17     15.1312     15.3151    0.136038
          18     16.4023     15.3755    0.141254
          19     15.9986     15.4083    0.137573
          20     14.3343     15.3546    0.140786
           1     10.6789     10.6789           0
           2     10.8522     10.7656   0.0612622
           3     9.75463     10.4286    0.278154
           4     10.1847     10.3676    0.215195
           5     10.2063     10.3353    0.174559
           6     10.0981     10.2958    0.149876
           7      10.775     10.3643    0.143248
           8     10.8822      10.429    0.139205
           9     10.2952     10.4141    0.124529
          10     10.3478     10.4075    0.112252
          11     10.3915      10.406    0.102057
          12     10.4804     10.4122   0.0937401
          13     10.9164      10.451   0.0942119
          14     9.41408      10.377    0.112904
          15     9.79777     10.3383    0.111785
          16     9.71241     10.2992    0.111434
          17      10.719     10.3239     0.10758
          18     10.6139       10.34    0.102803
          19     11.0014     10.3748    0.103116
          20     11.1257     10.4124    0.104573
           1      7.4968      7.4968           0
           2      7.2926      7.3947   0.0721956
           3     7.81207     7.53382    0.123369
           4     7.67944     7.57023   0.0977509
           5     7.53259      7.5627     0.07849
           6      7.4781      7.5486   0.0666629
           7     6.99641     7.46972   0.0927294
           8     7.55387     7.48023   0.0817327
           9     7.41302     7.47277   0.0729917
          10     7.55032     7.48052   0.0661033
          11     7.44896     7.47765   0.0601562
          12     7.37937     7.46946   0.0556979
          13     7.21133     7.44961   0.0548388
          14      7.5852     7.45929     0.05177
          15     7.72082     7.47673   0.0511706
          16     7.46927     7.47626   0.0479745
          17     7.27924     7.46467   0.0465314
          18      7.5783     7.47098   0.0443724
          19      7.5615     7.47575    0.042292
          20     7.40646     7.47228   0.0403191
           1     5.85999     5.85999           0
           2      5.8422     5.85109  0.00629068
           3     5.60584     5.76934    0.066881
           4     5.33612     5.66104    0.106366
           5     5.39145     5.60712   0.0978079
           6     5.56324     5.59981   0.0817796
           7     5.72625     5.61787    0.072064
           8     5.50351     5.60357   0.0644581
           9     5.77742     5.62289   0.0601208
          10     5.64943     5.62554   0.0541672
          11     5.55174     5.61883   0.0496568
          12     5.58967      5.6164   0.0455781
          13     5.54152     5.61064   0.0424346
          14     5.74211     5.62003   0.0404292
          15     5.37686     5.60382   0.0408552
          16     5.47095     5.59552   0.0391367
          17     5.61942     5.59692   0.0368598
          18     5.67385      5.6012   0.0350589
          19       5.942     5.61913   0.0375227
          20     5.30628     5.60349   0.0387703
           1     4.47389     4.47389           0
           2     4.29678     4.38533   0.0626178
           3     4.51702     4.42923   0.0550198
           4     4.22729     4.37874   0.0601194
           5     4.31431     4.36586   0.0494573
           6     4.46735     4.38277   0.0440124
           7     4.43085     4.38964   0.0382571
           8     4.55198     4.40993   0.0384825
           9     4.51537     4.42165   0.0359457
          10      4.4582      4.4253   0.0325364
          11     4.48096     4.43036   0.0299694
          12      4.4639     4.43316   0.0276019
          13     4.41024     4.43139   0.0255349
          14     4.47445     4.43447   0.0238954
          15     4.55893     4.44277   0.0236993
          16      4.5923     4.45211   0.0239901
          17     4.38445     4.44813   0.0229068
          18     4.20433     4.43459   0.0253238
          19     4.50108     4.43809   0.0242316
          20     4.33989     4.43318   0.0235122
           1     3.53814     3.53814           0
           2     3.58993     3.56403   0.0183097
           3     3.49322     3.54043    0.022812
           4     3.43246     3.51344   0.0289691
           5      3.5408     3.51891   0.0236867
           6     3.57301     3.52793   0.0213865
           7     3.50257      3.5243   0.0186356
           8     3.72595     3.54951   0.0286672
           9     3.60112     3.55524   0.0260492
          10     3.54811     3.55453    0.023454
          11     3.51815     3.55122   0.0215538
          12     3.47706     3.54504   0.0206247
          13     3.66077     3.55394    0.020871
          14     3.50281     3.55029   0.0196972
          15     3.52582     3.54866   0.0184515
          16     3.53358     3.54772   0.0173223
          17     3.51946     3.54606   0.0163829
          18     3.58267     3.54809   0.0155985
          19     3.53224     3.54726   0.0147998
          20     3.49378     3.54458   0.0142993
           1     2.91221     2.91221           0
           2     2.91724     2.91472  0.00177888
           3     3.00357     2.94434   0.0242094
           4     2.91431     2.93683   0.0192861
           5     2.84888     2.91924    0.022036
           6     2.98599     2.93037   0.0209841
           7     2.90842     2.92723   0.0182191
           8     2.93599     2.92832   0.0159745
           9     2.90328     2.92554   0.0144399
          10     2.96516      2.9295   0.0135285
          11     2.89165     2.92606   0.0127288
          12     2.98825     2.93124    0.012679
          13     2.88727     2.92786   0.0121466
          14     2.81801     2.92002   0.0135789
          15     2.94581     2.92174   0.0127821
          16     2.88793     2.91962   0.0121566
          17     3.01732     2.92537   0.0127277
          18     2.95284      2.9269   0.0121118
          19     2.88114     2.92449   0.0117112
          20     2.99597     2.92806   0.0116584
           1     2.51224     2.51224           0
           2     2.41915     2.46569   0.0329125
           3     2.57925     2.50355   0.0379034
           4     2.53494      2.5114   0.0292288
           5     2.50419     2.50996   0.0234185
           6     2.52995     2.51329   0.0197512
           7     2.56499     2.52067   0.0182583
           8     2.53785     2.52282   0.0161017
           9       2.454     2.51517   0.0160259
          10     2.58855     2.52251   0.0160154
          11     2.49374      2.5199   0.0147716
          12     2.50485     2.51864   0.0135938
          13     2.49951     2.51717   0.0126275
          14     2.55788     2.52008   0.0120556
          15     2.45137      2.5155   0.0120908
          16      2.5471     2.51747   0.0114953
          17     2.53006     2.51821   0.0108429
          18     2.62452     2.52412   0.0117393
          19     2.56319     2.52618   0.0113001
          20     2.50197     2.52497   0.0107997
           1     2.22951     2.22951           0
           2      2.1692     2.19936   0.0213202
           3     2.15193     2.18355   0.0191998
           4     2.18046     2.18278   0.0144154
           5     2.17152     2.18052   0.0117067
           6     2.12413     2.17113    0.012992
           7     2.19415     2.17441   0.0115448
           8     2.23912      2.1825   0.0126207
           9      2.1985     2.18428   0.0113429
          10     2.16389     2.18224   0.0103902
          11     2.12682      2.1772    0.010597
          12     2.22436     2.18113   0.0104171
          13     2.20033     2.18261  0.00971991
          14     2.19667     2.18361  0.00907737
          15     2.13495     2.18037  0.00903332
          16     2.14876     2.17839  0.00868205
          17     2.15295      2.1769  0.00829932
          18     2.16313     2.17613   0.0078734
          19     2.16518     2.17556  0.00748008
          20     2.18638      2.1761  0.00712563
           1     1.93226     1.93226           0
           2     1.86922     1.90074   0.0222872
           3     1.90858     1.90336   0.0150105
           4     1.92709     1.90929    0.012375
           5     1.86227     1.89988   0.0129907
           6       1.812     1.88524   0.0172041
           7     1.91061     1.88886   0.0151235
           8     1.88157     1.88795   0.0132605
           9     1.86522     1.88543   0.0120252
          10     1.91288     1.88817   0.0111317
          11     1.88626       1.888    0.010121
          12     1.92274     1.89089  0.00968291
          13     1.92033     1.89316  0.00919899
          14       1.913     1.89457  0.00865043
          15     1.90473     1.89525  0.00810021
          16     1.88264     1.89446  0.00763217
          17     1.93092     1.89661  0.00747836
          18     1.91498     1.89763  0.00713224
          19     1.93339     1.89951  0.00700078
          20     1.88816     1.89894  0.00667369
           1     1.68873     1.68873           0
           2     1.64764     1.66819   0.0145279
           3     1.74456     1.69364    0.022931
           4      1.7376     1.70463   0.0196555
           5     1.69477     1.70266    0.015823
           6     1.63474     1.69134   0.0167523
           7     1.64452     1.68465   0.0156374
           8     1.68934     1.68524   0.0136936
           9     1.63295     1.67943   0.0133478
          10     1.67446     1.67893   0.0120223
          11     1.67486     1.67856    0.010935
          12     1.72059     1.68206   0.0105697
          13     1.68154     1.68202  0.00975676
          14     1.70644     1.68377  0.00921448
          15     1.65346     1.68175   0.0088189
          16     1.64884     1.67969  0.00850409
          17     1.68571     1.68004  0.00801122
          18     1.66641     1.67929  0.00760189
          19      1.7355     1.68225  0.00775628
          20     1.73848     1.68506  0.00786153
           1     1.48014     1.48014           0
           2     1.47618     1.47816  0.00140007
           3     1.55691     1.50441   0.0214541
           4     1.50935     1.50564   0.0161261
           5     1.48345     1.50121   0.0134977
           6     1.50834      1.5024   0.0113004
           7     1.49689     1.50161  0.00971336
           8     1.52089     1.50402  0.00879302
           9     1.52872     1.50676  0.00823324
          10     1.50122     1.50621  0.00742854
          11     1.49804     1.50547  0.00679026
          12      1.5595     1.50997  0.00757155
          13     1.55153     1.51317   0.0076342
          14     1.49286     1.51172  0.00722532
          15     1.49216     1.51041  0.00686019
          16     1.49951     1.50973   0.0064652
          17     1.49079     1.50862  0.00618015
          18     1.49306     1.50775  0.00589695
          19     1.50548     1.50763   0.0055878
          20     1.50551     1.50753  0.00530942
           1     1.37914     1.37914           0
           2     1.32389     1.35151   0.0195331
           3     1.34333     1.34878   0.0132112
           4     1.36026     1.35165   0.0102152
           5     1.34831     1.35098  0.00819404
           6     1.31676     1.34528  0.00858677
           7     1.40845      1.3543   0.0111344
           8     1.35328     1.35418  0.00974331
           9     1.34318     1.35295  0.00873701
          10     1.36063     1.35372  0.00789692
          11     1.37101     1.35529  0.00733373
          12     1.36869     1.35641  0.00680706
          13     1.37483     1.35783  0.00642919
          14     1.35059     1.35731  0.00599073
          15     1.32876     1.35541  0.00588584
          16     1.37943     1.35691  0.00570635
          17     1.37514     1.35798  0.00547058
          18     1.36071     1.35813  0.00516876
          19     1.35948      1.3582   0.0048972
          20     1.38992     1.35979  0.00490236
           1     70.3421     70.3421           0
           2     72.6761     71.5091    0.825191
           3      74.032     72.3501    0.879826
           4     69.7952     71.7114    0.861038
           5     70.4864     71.4664    0.722846
           6     82.7305     73.3437     1.81656
           7     77.8281     73.9843     1.66619
           8     86.3775     75.5335     2.05557
           9     75.3576     75.5139     1.82727
          10     76.2871     75.5913     1.64618
          11     78.1084     75.8201     1.51235
          12     78.2862     76.0256     1.40021
          13     76.4861      76.061     1.29295
          14     83.7218     76.6082     1.31128
          15      69.798     76.1542     1.30009
          16     83.2719     76.5991      1.2927
          17     81.6507     76.8962     1.25035
          18     74.0282     76.7369     1.19099
          19     78.3982     76.8243     1.13152
          20     81.4962     77.0579     1.09879
           1     49.7288     49.7288           0
           2       39.18     44.4544     3.72956
           3     38.4374     42.4487     2.97722
           4     42.1808     42.3818     2.23367
           5     37.1436     41.3341     2.01771
           6     50.1318     42.8004     2.14915
           7     40.9625     42.5378      1.8581
           8     42.5744     42.5424     1.62584
           9     45.3659     42.8561     1.47515
          10     44.3309     43.0036     1.33498
          11      43.598     43.0576     1.21472
          12      46.554      43.349      1.1479
          13     46.0191     43.5544     1.07782
          14     46.0156     43.7302     1.01507
          15     44.6289     43.7901    0.949162
          16     48.0349     44.0554    0.926175
          17     42.3416     43.9546    0.877164
          18     40.9088     43.7854    0.844596
          19     45.4363     43.8723    0.804601
          20     44.5918     43.9083    0.765175
           1     25.5684     25.5684           0
           2     23.2159     24.3921    0.831719
           3     24.2484     24.3442    0.555859
           4     24.0337     24.2666    0.422279
           5     22.5671     23.9267     0.45448
           6      25.363     24.1661    0.437257
           7     22.3922     23.9127    0.442167
           8      22.193     23.6977    0.436025
           9     25.8493     23.9368    0.448352
          10     27.5767     24.3008    0.531099
          11      25.219     24.3842    0.489333
          12     20.5261     24.0627     0.54402
          13      25.036     24.1376    0.507298
          14     22.3977     24.0133    0.486046
          15      24.033     24.0146    0.453645
          16     25.6124     24.1145    0.436145
          17     24.3835     24.1303    0.410776
          18     22.5314     24.0415    0.397444
          19     27.0492     24.1998    0.406832
          20     21.9491     24.0872    0.401753
           1     14.0609     14.0609           0
           2     14.9759     14.5184    0.323521
           3     14.5713      14.536     0.21616
           4     14.5049     14.5283    0.162261
           5     15.4669      14.716    0.212236
           6     16.1859      14.961     0.28513
           7      15.381      15.021    0.250632
           8     15.0276     15.0218    0.219305
           9      14.268      14.938    0.210325
          10     14.8773      14.932    0.189381
          11     14.9607     14.9346    0.172182
          12     14.5915      14.906     0.16019
          13     13.9837      14.835    0.162823
          14     14.8108     14.8333    0.151202
          15     15.6619     14.8886    0.150875
          16     16.4787     14.9879    0.171076
          17     15.8892      15.041    0.169027
          18     14.5311     15.0126    0.161993
          19     15.6163     15.0444    0.156552
          20     14.2379     15.0041     0.15383
           1     9.77763     9.77763           0
           2      10.129     9.95332    0.124232
           3       9.287     9.73121    0.199365
           4     10.3245     9.87953     0.19712
           5     11.0433     10.1123    0.261161
           6     9.63388     10.0325    0.229484
           7      10.253      10.064     0.19885
           8     10.2173     10.0832    0.174915
           9     11.0277     10.1882    0.184293
          10     10.0832     10.1777    0.166162
          11     9.65711     10.1303    0.157651
          12     9.60027     10.0862    0.150575
          13     9.71395     10.0575    0.141688
          14      10.461     10.0863    0.134466
          15     10.0602     10.0846    0.125513
          16     10.9437     10.1383    0.128642
          17     10.2228     10.1433    0.121171
          18     10.1464     10.1434    0.114439
          19      9.3467     10.1015    0.115844
          20      8.8349     10.0382    0.126181
           1     7.19712     7.19712           0
           2     7.47673     7.33692   0.0988564
           3     7.15737     7.27707   0.0820453
           4     7.18407     7.25382   0.0647446
           5     7.56955     7.31697   0.0766331
           6     7.21027     7.29919   0.0658918
           7     7.36515     7.30861   0.0571485
           8     7.37794     7.31728   0.0506579
           9     7.74102     7.36436   0.0632309
          10     6.66498     7.29442   0.0874106
          11     7.47368     7.31072    0.080969
          12     7.25803     7.30633   0.0743405
          13     7.39009     7.31277   0.0689007
          14     7.54337     7.32924   0.0659187
          15     7.03708     7.30976   0.0643373
          16     7.68156       7.333   0.0643759
          17     7.26454     7.32897   0.0607149
          18     7.08904     7.31564   0.0587869
          19     7.34106     7.31698   0.0557081
          20     6.48813     7.27554   0.0665764
           1     5.70135     5.70135           0
           2     5.76905      5.7352   0.0239362
           3     5.97904     5.81648   0.0682583
           4        5.37     5.70486    0.109385
           5     5.54924     5.67373   0.0918297
           6     5.69178     5.67674    0.076574
           7     5.37947     5.63427   0.0765103
           8     5.45233     5.61153   0.0702452
           9     5.51058     5.60031   0.0633294
          10      5.1721     5.55749   0.0699921
          11     5.56082      5.5578   0.0636298
          12      5.5302      5.5555   0.0583689
          13     5.28536     5.53472   0.0574589
          14     5.57521     5.53761   0.0534274
          15     5.45852     5.53234   0.0501251
          16     5.82493     5.55062   0.0502174
          17     5.63693      5.5557   0.0475194
          18     5.67624      5.5624   0.0453488
          19     5.71003     5.57017   0.0436227
          20     5.42225     5.56277   0.0420638
           1     4.52894     4.52894           0
           2     4.49446      4.5117   0.0121893
           3     4.51963     4.51435  0.00840807
           4     4.34973     4.47319   0.0361939
           5     4.44538     4.46763   0.0293795
           6     4.44493     4.46384   0.0247254
           7      4.2979     4.44014   0.0305097
           8     4.41035     4.43641   0.0269223
           9     4.48092     4.44136   0.0243808
          10     4.09914     4.40714   0.0391859
          11     4.25266     4.39309   0.0380568
          12     4.30126     4.38544   0.0356465
          13     4.30548     4.37929    0.033431
          14      4.3337     4.37603   0.0312012
          15     4.34646     4.37406   0.0291834
          16     4.63823     4.39057   0.0316874
          17      4.4313     4.39297   0.0299138
          18     4.64607     4.40703   0.0313831
          19     4.45256     4.40943   0.0298227
          20     4.23455     4.40068   0.0295857
           1     3.65831     3.65831           0
           2     3.64116     3.64973  0.00606371
           3     3.61636     3.63861  0.00994253
           4     3.55979      3.6189   0.0186224
           5     3.62308     3.61974   0.0149167
           6     3.67425     3.62882    0.014943
           7     3.69532     3.63832   0.0155374
           8     3.60974     3.63475   0.0139999
           9     3.60651     3.63161   0.0127912
          10     3.28265     3.59672     0.03505
          11     3.62095     3.59892   0.0319328
          12     3.48284     3.58925    0.030702
          13     3.58725     3.58909   0.0283407
          14     3.44053     3.57848   0.0282332
          15     3.62207     3.58139   0.0265002
          16     3.80593     3.59542   0.0283172
          17     3.61593     3.59663   0.0266772
          18     3.56705     3.59498   0.0252457
          19     3.47794     3.58882    0.024657
          20     3.52389     3.58558    0.023637
           1     2.97507     2.97507           0
           2     2.94062     2.95784   0.0121794
           3     2.91914     2.94494   0.0133007
           4     2.94869     2.94588   0.0100086
           5     3.02211     2.96113   0.0158131
           6     3.08051     2.98102   0.0224406
           7     3.08203     2.99545   0.0234192
           8     2.99713     2.99566   0.0204927
           9      3.0084     2.99708   0.0182646
          10     2.83551     2.98092   0.0224755
          11     3.04357     2.98662   0.0211415
          12     2.89675     2.97913   0.0206637
          13     2.98095     2.97927   0.0190747
          14     2.85426     2.97034   0.0196915
          15     2.92297     2.96718   0.0186302
          16     3.06145     2.97307   0.0183739
          17     2.93101      2.9706   0.0174589
          18      2.8642     2.96469    0.017461
          19     2.94689     2.96375   0.0165671
          20     2.90627     2.96088   0.0159861
           1     2.51404     2.51404           0
           2     2.44471     2.47938   0.0245102
           3     2.49606     2.48494   0.0169591
           4     2.49643     2.48781   0.0129604
           5      2.5677     2.50379   0.0176559
           6     2.56252     2.51358   0.0172139
           7     2.61833     2.52854   0.0202396
           8     2.52349     2.52791   0.0177195
           9     2.54086     2.52935    0.015809
          10     2.49313     2.52573   0.0146372
          11     2.44155     2.51807   0.0151755
          12     2.43846     2.51144   0.0152926
          13     2.40822      2.5035   0.0160456
          14     2.47633     2.50156   0.0150163
          15     2.45281     2.49831   0.0143627
          16     2.58051     2.50345   0.0143545
          17     2.52499     2.50471   0.0135659
          18     2.41633      2.4998    0.013672
          19      2.4617      2.4978   0.0130986
          20     2.50094     2.49796   0.0124446
           1     2.20237     2.20237           0
           2     2.17552     2.18894  0.00949468
           3     2.16632      2.1814   0.0088318
           4     2.13337     2.16939     0.01233
           5     2.23316     2.18215     0.01508
           6     2.20018     2.18515   0.0128628
           7     2.21496     2.18941   0.0117089
           8     2.15459     2.18506   0.0110247
           9     2.23164     2.19023   0.0109476
          10     2.14801     2.18601    0.010636
          11     2.16791     2.18437  0.00979556
          12     2.13725     2.18044   0.0097344
          13     2.12902     2.17648  0.00975622
          14     2.13406     2.17345  0.00951832
          15     2.10962      2.1692  0.00978911
          16     2.18227     2.17001  0.00921129
          17      2.1924     2.17133  0.00876305
          18     2.07518     2.16599  0.00976957
          19     2.15952     2.16565  0.00926132
          20      2.2156     2.16815  0.00912884
           1     1.91344     1.91344           0
           2     1.92837      1.9209  0.00528084
           3      1.8905     1.91077  0.00899229
           4     1.83437     1.89167   0.0178636
           5     1.91318     1.89597   0.0148001
           6     1.92106     1.90015   0.0129105
           7     1.91601     1.90242   0.0112632
           8     1.87272     1.89871    0.010449
           9     1.95002     1.90441   0.0107314
          10     1.85101     1.89907    0.010906
          11     1.87571     1.89695   0.0101191
          12      1.8562     1.89355  0.00982915
          13     1.86779     1.89157  0.00927064
          14     1.83815     1.88775  0.00936077
          15     1.83604     1.88431  0.00934993
          16     1.94015      1.8878  0.00939446
          17     1.91121     1.88917  0.00894223
          18     1.83788     1.88632  0.00888798
          19     1.87983     1.88598  0.00842676
          20     1.92298     1.88783  0.00820601
           1     1.69847     1.69847           0
           2     1.70401     1.70124  0.00195633
           3     1.69869     1.70039  0.00147695
           4     1.60101     1.67554   0.0215459
           5     1.69194     1.67882   0.0174845
           6     1.69082     1.68082   0.0146843
           7     1.69551     1.68292   0.0127356
           8     1.67273     1.68165   0.0112072
           9     1.69343     1.68296   0.0100381
          10     1.65171     1.67983  0.00950825
          11     1.68034     1.67988  0.00864397
          12     1.65415     1.67773  0.00818528
          13     1.67156     1.67726  0.00756941
          14     1.62203     1.67331  0.00799096
          15     1.63992     1.67109  0.00776219
          16     1.70842     1.67342  0.00761968
          17     1.71604     1.67593  0.00757267
          18      1.6273     1.67323  0.00761871
          19     1.70265     1.67477  0.00737345
          20     1.67586     1.67483  0.00700498
           1     1.52464     1.52464           0
           2     1.49269     1.50867   0.0112966
           3     1.51366     1.51033  0.00765256
           4     1.41688     1.48697   0.0210304
           5     1.49859     1.48929   0.0169521
           6     1.49502     1.49025   0.0141537
           7     1.51504     1.49379    0.012567
           8     1.50172     1.49478   0.0110352
           9     1.51048     1.49652  0.00994599
          10      1.4688     1.49375  0.00932992
          11     1.51327     1.49553  0.00864886
          12     1.46853     1.49328  0.00821557
          13     1.49975     1.49377  0.00759866
          14      1.4742     1.49238  0.00718337
          15     1.48721     1.49203  0.00671273
          16     1.52839      1.4943   0.0066668
          17     1.52603     1.49617  0.00653058
          18     1.45988     1.49415   0.0064715
          19     1.54167     1.49665  0.00659638
          20     1.48473     1.49606  0.00629346
           1      1.3681      1.3681           0
           2     1.33785     1.35298    0.010695
           3     1.35269     1.35288  0.00713044
           4     1.29975      1.3396   0.0126852
           5     1.34611      1.3409   0.0102147
           6     1.35962     1.34402   0.0089761
           7     1.34149     1.34366  0.00770108
           8     1.35806     1.34546  0.00694553
           9     1.35774     1.34682  0.00630651
          10     1.33044     1.34519  0.00588488
          11     1.40163     1.35032   0.0072496
          12     1.33821     1.34931  0.00671534
          13     1.34481     1.34896  0.00620768
          14     1.32631     1.34734  0.00597133
          15     1.33258     1.34636  0.00565377
          16     1.40025     1.34973   0.0062234
          17     1.38552     1.35183  0.00620317
          18     1.30802      1.3494  0.00631803
          19     1.37319     1.35065  0.00610828
          20     1.34021     1.35013  0.00582514
           1     89.5128     89.5128           0
           2     86.9582     88.2355    0.903168
           3     89.0723     88.5144    0.643743
           4     89.9509     88.8735    0.574302
           5     90.2985     89.1585    0.525422
           6     88.0984     88.9818    0.466613
           7     83.8213     88.2446    0.791082
           8     93.6438     88.9195    0.936846
           9     91.0483      89.156    0.862094
          10     87.7188     89.0123    0.787773
          11     90.8001     89.1748     0.73273
          12     89.9946     89.2432    0.674847
          13     91.1548     89.3902    0.638756
          14      88.196     89.3049      0.5988
          15     93.3895     89.5772    0.617701
          16     91.9091      89.723     0.59604
          17     91.6112      89.834    0.571234
          18     91.3192     89.9165    0.545425
          19     90.8088     89.9635    0.518736
          20     91.7422     90.0524    0.500365
           1     50.1761     50.1761           0
           2     51.9959      51.086    0.643408
           3     53.1594     51.7771    0.708824
           4     54.3466     52.4195     0.76948
           5     58.1435     53.5643     1.19474
           6     54.1383       53.66    0.999439
           7     54.7302     53.8129    0.868277
           8     59.1438     54.4792    0.982724
           9     58.3682     54.9113    0.963861
          10      62.797     55.6999      1.1455
          11     53.1523     55.4683     1.06452
          12     54.9475     55.4249    0.976691
          13     50.8592     55.0737    0.962638
          14     54.8328     55.0565    0.894032
          15      52.378     54.8779    0.852076
          16     52.6046     54.7358     0.81058
          17     59.0929     54.9921    0.802395
          18     59.6827     55.2527    0.799012
          19     59.6117     55.4821    0.789209
          20     56.7563     55.5458    0.752315
           1     34.3439     34.3439           0
           2     30.9026     32.6232     1.21665
           3     31.9782     32.4082    0.829886
           4     32.8015     32.5065    0.628212
           5     32.4524     32.4957    0.502663
           6     32.5562     32.5058    0.418986
           7     31.0724      32.301    0.406097
           8     33.2955     32.4253    0.373878
           9     32.5345     32.4375    0.332532
          10     32.7741     32.4711    0.300978
          11     30.2522     32.2694    0.334453
          12     32.4345     32.2832    0.306865
          13     29.6094     32.0775    0.345375
          14     31.3045     32.0223    0.325089
          15     30.5394     31.9234    0.318092
          16      28.339     31.6994    0.368755
          17     31.5596     31.6912    0.347155
          18     33.9022      31.814    0.348925
          19     33.9863     31.9283    0.348789
          20     31.6607      31.915    0.331606
           1     18.3562     18.3562           0
           2     17.8777      18.117    0.169161
           3     18.6376     18.2905    0.181106
           4     19.3947     18.5666    0.274959
           5     19.6579     18.7848    0.294102
           6     19.9319      18.976    0.300875
           7     16.2772     18.5905    0.440367
           8     18.7194     18.6066    0.385616
           9     18.3442     18.5774     0.34387
          10     18.2942     18.5491    0.310647
          11     18.8031     18.5722    0.283263
          12     17.7151     18.5008    0.268513
          13     18.4518      18.497    0.247885
          14     18.5134     18.4982    0.230181
          15     19.1531     18.5418    0.218937
          16      19.926     18.6283    0.221687
          17     19.1491      18.659    0.210753
          18     18.4165     18.6455    0.199474
          19     20.8313     18.7606     0.21966
          20     18.7445     18.7598    0.208678
           1     11.1516     11.1516           0
           2     12.4411     11.7963    0.455891
           3     11.8162      11.803    0.303975
           4     12.1905     11.8999     0.24293
           5     11.5099     11.8219    0.206481
           6     12.6136     11.9538    0.210042
           7     11.6506     11.9105    0.184448
           8     12.3395     11.9641    0.169008
           9     11.7485     11.9402    0.151918
          10     13.0287      12.049    0.171341
          11     12.1784     12.0608    0.156167
          12     11.5679     12.0197    0.148456
          13     12.1933     12.0331    0.137635
          14     11.8571     12.0205    0.128377
          15     11.7242     12.0007    0.121328
          16     11.6793     11.9807    0.115397
          17     11.3658     11.9445    0.114136
          18     11.7026      11.931    0.108584
          19     12.1144     11.9407    0.103297
          20      12.464     11.9669    0.101391
           1     8.03802     8.03802           0
           2     7.78136     7.90969   0.0907444
           3     8.82492     8.21477    0.256335
           4     8.56662     8.30273    0.206794
           5     8.05947     8.25408    0.171062
           6     8.24946     8.25331    0.142554
           7     8.09902     8.23127    0.123881
           8     8.10226     8.21514    0.109441
           9     7.92107     8.18247    0.102042
          10     8.76388     8.24061    0.107128
          11     8.36755     8.25215   0.0980091
          12      7.9754     8.22909   0.0925153
          13     7.79979     8.19606   0.0911019
          14     8.06552     8.18674   0.0850705
          15     8.13184     8.18308   0.0794779
          16     8.90704     8.22833   0.0864361
          17     7.84476     8.20576    0.084245
          18      8.2885     8.21036     0.07969
          19     8.42449     8.22163   0.0762885
          20     8.23913     8.22251   0.0724791
           1      6.0498      6.0498           0
           2     6.40124     6.22552    0.124254
           3     6.08037     6.17713    0.091774
           4     5.98909     6.13012   0.0799693
           5     5.73269     6.05064   0.0956419
           6     6.42811     6.11355   0.0982371
           7     5.92618     6.08678   0.0877742
           8      6.0553     6.08285   0.0768906
           9     6.19554     6.09537   0.0693593
          10     6.12917     6.09875   0.0625057
          11     6.12017      6.1007   0.0568537
          12     6.08576     6.09945   0.0521295
          13     6.30361     6.11516   0.0504296
          14     6.07404     6.11222    0.046913
          15     5.87775     6.09659   0.0463164
          16     5.77374     6.07641   0.0476146
          17     6.11864     6.07889   0.0448784
          18     5.98538      6.0737   0.0426849
          19     5.94338     6.06684   0.0409856
          20     6.18182     6.07259   0.0393375
           1     4.78612     4.78612           0
           2     4.59135     4.68873   0.0688616
           3     4.70909     4.69552   0.0462408
           4     4.60863      4.6738   0.0394543
           5     4.60153     4.65934   0.0341081
           6     4.74356     4.67338   0.0311777
           7     4.41255     4.63612   0.0436374
           8     4.74603     4.64986   0.0402877
           9     4.44446     4.62704   0.0417784
          10     4.66088     4.63042   0.0377374
          11     4.87447     4.65261   0.0403045
          12     4.67114     4.65415   0.0369753
          13     4.71174     4.65858   0.0343954
          14     4.66302      4.6589   0.0319401
          15     4.54913     4.65158   0.0306376
          16     4.87442     4.66551   0.0317309
          17     4.80136      4.6735   0.0308542
          18     4.65002     4.67219   0.0291677
          19     4.60421     4.66862   0.0278511
          20     4.87422      4.6789   0.0282922
           1     3.86316     3.86316           0
           2     3.65062     3.75689   0.0751448
           3     3.83379     3.78252   0.0542929
           4     3.74534     3.77323   0.0415077
           5     3.65373     3.74933   0.0394919
           6     3.79067     3.75622   0.0335056
           7     3.62796     3.73789   0.0333547
           8     3.82131     3.74832    0.030772
           9     3.74413     3.74786   0.0273565
          10     3.82201     3.75527   0.0256062
          11     3.71014     3.75117   0.0236048
          12     3.79734     3.75502   0.0219491
          13      3.7898     3.75769   0.0204231
          14     3.77211     3.75872   0.0189902
          15     3.75425     3.75842   0.0177266
          16     3.64897     3.75158   0.0178901
          17     3.79743     3.75428   0.0170398
          18     3.76459     3.75485   0.0161027
          19     3.65659     3.74968   0.0160643
          20     3.65424     3.74491   0.0159541
           1     3.09248     3.09248           0
           2      3.0328     3.06264   0.0211021
           3     3.24989     3.12506   0.0528702
           4     3.16458     3.13494   0.0405652
           5     2.98681     3.10531    0.041896
           6     3.05398     3.09676   0.0357762
           7     2.95861     3.07702   0.0356963
           8     3.08672     3.07823   0.0312548
           9     3.13164     3.08417   0.0283398
          10     3.13573     3.08932   0.0259707
          11     2.94072     3.07581   0.0268947
          12     3.13059     3.08038   0.0250379
          13     3.09005     3.08112   0.0231229
          14     3.07831     3.08092   0.0214722
          15     3.01501     3.07653   0.0204853
          16     3.03271     3.07379   0.0193872
          17     3.08867     3.07466   0.0182665
          18      2.9714     3.06893   0.0181302
          19      3.2082     3.07626   0.0185989
          20     3.06492     3.07569   0.0176775
           1     2.67793     2.67793           0
           2     2.58548      2.6317   0.0326872
           3     2.73386     2.66575   0.0353247
           4     2.58626     2.64588   0.0315933
           5     2.63367     2.64344   0.0253689
           6      2.6615     2.64645   0.0213187
           7     2.62815     2.64383   0.0184328
           8     2.61232      2.6399   0.0165443
           9     2.65521      2.6416   0.0147933
          10     2.56941     2.63438   0.0149719
          11     2.57027     2.62855   0.0147016
          12     2.60888     2.62691   0.0135675
          13     2.50313     2.61739   0.0155093
          14     2.61949     2.61754   0.0144023
          15     2.55416     2.61331   0.0140483
          16     2.52122     2.60756   0.0143008
          17     2.56507     2.60506   0.0136762
          18     2.62459     2.60614   0.0129594
          19     2.60617     2.60615   0.0122773
          20     2.55151     2.60341   0.0119636
           1     2.23944     2.23944           0
           2     2.15683     2.19814    0.029207
           3     2.27002      2.2221   0.0276017
           4     2.22986     2.22404   0.0207694
           5     2.20932     2.22109   0.0168229
           6     2.20876     2.21904   0.0141441
           7     2.25059     2.22355   0.0128215
           8     2.23231     2.22464   0.0112655
           9     2.14329      2.2156   0.0131494
          10     2.19515     2.21356   0.0119924
          11     2.25697      2.2175   0.0115333
          12     2.24862      2.2201   0.0108598
          13     2.22175     2.22022   0.0100252
          14     2.22476     2.22055  0.00931436
          15     2.20871     2.21976   0.0087268
          16     2.23295     2.22058  0.00822024
          17     2.21394     2.22019  0.00774597
          18     2.27201     2.22307  0.00783223
          19     2.17641     2.22062  0.00779553
          20     2.25282     2.22223  0.00757025
           1     1.94913     1.94913           0
           2     1.94617     1.94765  0.00104818
           3     1.98316     1.95949  0.00968807
           4     2.03522     1.97842    0.017934
           5     1.90823     1.96438   0.0190656
           6     1.89573     1.95294   0.0190134
           7     1.96019     1.95398   0.0163254
           8     1.89056     1.94605   0.0160949
           9      1.9572     1.94729   0.0143542
          10     1.99006     1.95156   0.0135409
          11     1.90965     1.94775   0.0128348
          12     1.93949     1.94707   0.0117837
          13     1.93724     1.94631   0.0109015
          14     1.93121     1.94523    0.010176
          15      1.9088      1.9428  0.00978314
          16     1.84924     1.93696   0.0107787
          17     1.91898      1.9359   0.0101964
          18     1.94751     1.93654   0.0096503
          19     1.91552     1.93544   0.0092056
          20     1.97746     1.93754  0.00898188
           1     1.72931     1.72931           0
           2     1.67037     1.69984   0.0208392
           3     1.73097     1.71022   0.0162733
           4     1.71148     1.71053    0.012208
           5     1.75878     1.72018   0.0130331
           6     1.71152     1.71874   0.0109406
           7     1.71482     1.71818  0.00939195
           8     1.72868     1.71949  0.00830921
           9      1.6815     1.71527  0.00839013
          10     1.67131     1.71087   0.0086262
          11     1.69492     1.70942  0.00796293
          12     1.71966     1.71028  0.00734492
          13     1.67436     1.70751  0.00728106
          14     1.70896     1.70762  0.00676172
          15      1.6959     1.70683  0.00635589
          16     1.73899     1.70884   0.0062683
          17     1.69839     1.70823  0.00592965
          18     1.71778     1.70876  0.00562389
          19     1.70658     1.70865  0.00532906
          20     1.70777      1.7086  0.00506279
           1     1.52466     1.52466           0
           2     1.49252     1.50859   0.0113621
           3     1.56732     1.52817   0.0176876
           4     1.51481     1.52483   0.0135771
           5     1.56808     1.53348   0.0133361
           6     1.53985     1.53454   0.0111556
           7      1.5402     1.53535  0.00959116
           8     1.54584     1.53666   0.0084814
           9     1.52712      1.5356  0.00760504
          10     1.49981     1.53202  0.00764037
          11     1.51146     1.53015  0.00717072
          12     1.54012     1.53098  0.00662112
          13     1.47553     1.52672  0.00735854
          14     1.52788      1.5268   0.0068334
          15     1.55626     1.52876  0.00665411
          16     1.52092     1.52827  0.00625627
          17     1.51756     1.52764   0.0059199
          18     1.52237     1.52735  0.00559827
          19     1.50816     1.52634  0.00539397
          20      1.4985     1.52495  0.00530081
           1     1.35435     1.35435           0
           2     1.37509     1.36472  0.00733411
           3      1.3607     1.36338  0.00501021
           4     1.38367     1.36846  0.00578102
           5     1.38877     1.37252  0.00588128
           6     1.38196     1.37409  0.00510728
           7     1.37843     1.37471  0.00441508
           8     1.38672     1.37621  0.00411056
           9     1.38312     1.37698  0.00372472
          10     1.36841     1.37612  0.00344937
          11     1.39382     1.37773  0.00349096
          12     1.37839     1.37779  0.00320048
          13     1.37805     1.37781  0.00295435
          14     1.37979     1.37795  0.00274671
          15     1.36152     1.37685  0.00277337
          16     1.38902     1.37761  0.00270231
          17      1.4072     1.37935  0.00305282
          18     1.39074     1.37999    0.002948
          19     1.37141     1.37954  0.00282721
          20     1.37564     1.37934  0.00269253
           1     87.3089     87.3089           0
           2     91.2663     89.2876     1.39915
           3     90.7294     89.7682     1.01195
           4     91.3568     90.1653    0.833255
           5     88.7294     89.8782    0.714385
           6     91.4659     90.1428    0.642467
           7     88.9686     89.9751    0.572163
           8     91.8304      90.207    0.545627
           9      89.319     90.1083    0.493842
          10     89.4093     90.0384    0.449378
          11     91.3366     90.1564    0.423739
          12     93.6733     90.4495    0.479178
          13     89.8666     90.4047    0.444411
          14     92.6601     90.5658    0.440903
          15     85.5009     90.2281    0.525121
          16      91.735     90.3223    0.500675
          17      87.169     90.1368    0.504414
          18     80.9895     89.6286    0.686185
          19     89.8743     89.6415    0.650191
          20     88.7373     89.5963    0.619252
           1     59.4548     59.4548           0
           2     62.1337     60.7942    0.947125
           3     56.4272     59.3386     1.34586
           4     55.1601     58.2939     1.35546
           5     55.1335     57.6619      1.2229
           6      58.743      57.842     1.03228
           7     57.5301     57.7975    0.885769
           8     54.8272     57.4262    0.849305
           9     54.5984      57.112    0.810977
          10     53.3722      56.738    0.811541
          11     56.6594     56.7309    0.737796
          12      61.654     57.1411    0.782103
          13     57.2974     57.1531    0.722033
          14     58.1992     57.2279    0.674315
          15     60.0247     57.4143    0.654632
          16     61.1024     57.6448    0.653039
          17      60.283        57.8    0.632796
          18     49.2328     57.3241    0.755726
          19     61.8314     57.5613    0.752264
          20     56.1178     57.4891    0.718104
           1     33.4279     33.4279           0
           2     36.1848     34.8064    0.974722
           3     31.8406     33.8178     1.03624
           4       32.52     33.4933    0.826417
           5     31.9085     33.1764    0.719355
           6     32.6238     33.0843    0.605329
           7     30.1519     32.6654     0.64778
           8     32.4132     32.6338    0.567574
           9     30.7634      32.426    0.541223
          10     32.4038     32.4238    0.487105
          11      33.692     32.5391    0.456263
          12     30.5554     32.3738    0.447185
          13      32.114     32.3538    0.413232
          14     31.8057     32.3146    0.385566
          15     33.9799     32.4257    0.375504
          16     30.4256     32.3007     0.37226
          17     32.9681     32.3399    0.352427
          18     27.9891     32.0982    0.407389
          19     30.9181     32.0361    0.390654
          20     28.7373     31.8712    0.404446
           1     18.1156     18.1156           0
           2     19.9797     19.0476    0.659078
           3     18.9083     19.0012     0.44102
           4     17.9704     18.7435    0.399016
           5     19.1845     18.8317    0.328817
           6     18.8023     18.8268    0.274051
           7     19.0203     18.8544    0.236291
           8     17.9816     18.7453    0.230572
           9     16.9815     18.5493    0.275945
          10     19.9226     18.6867    0.280445
          11     19.3037     18.7428      0.2605
          12     19.3654     18.7946    0.243904
          13     17.3288     18.6819    0.249851
          14     19.2319     18.7212    0.235072
          15     18.1531     18.6833     0.22243
          16     19.1129     18.7102    0.210143
          17      18.664     18.7074    0.197799
          18     17.0118     18.6132    0.208037
          19     18.3732     18.6006    0.197471
          20     16.5413     18.4976    0.212755
           1      11.998      11.998           0
           2     12.3295     12.1637     0.11718
           3     11.4267     11.9181    0.215268
           4     11.6291     11.8458    0.173148
           5     11.7717      11.831    0.139152
           6     11.3042     11.7432    0.140962
           7     12.1882     11.8068    0.134397
           8     11.2335     11.7351    0.135362
           9     12.3808     11.8069    0.138032
          10     12.4915     11.8753    0.140183
          11     10.8395     11.7812     0.15589
          12     11.9327     11.7938    0.143409
          13      11.009     11.7334    0.144527
          14     12.4841      11.787    0.143806
          15     11.6455     11.7776    0.134528
          16     12.2255     11.8056       0.129
          17     11.4989     11.7875    0.122667
          18     11.0609     11.7472    0.122314
          19     11.7258     11.7461    0.115882
          20     10.9402     11.7058    0.116882
           1     8.36556     8.36556           0
           2     8.51818     8.44187   0.0539593
           3     8.01151     8.29841    0.122528
           4     7.95844     8.21342     0.11774
           5     8.43929     8.25859    0.102493
           6     7.96363     8.20943   0.0964831
           7      8.2979     8.22207   0.0835234
           8     8.21736     8.22148   0.0730851
           9     8.24621     8.22423   0.0650161
          10     7.86117     8.18792    0.067899
          11     8.33389     8.20119   0.0630097
          12     8.72426     8.24478   0.0712581
          13     8.23573     8.24409   0.0657801
          14     8.57992     8.26807   0.0653092
          15     7.54588     8.21993    0.076675
          16     8.71532     8.25089   0.0778835
          17     7.76906     8.22255   0.0782898
          18     7.72749     8.19504    0.078623
          19      8.1404     8.19217   0.0745375
          20       7.485     8.15681   0.0787519
           1     6.26105     6.26105           0
           2     6.33725     6.29915   0.0269408
           3     6.24749     6.28193   0.0228106
           4     5.79808     6.16097    0.106146
           5      5.8271     6.09419    0.103816
           6     5.99132     6.07705   0.0879176
           7     6.14561     6.08684   0.0759016
           8     5.92629     6.06678   0.0690162
           9     5.88677     6.04677   0.0641804
          10     5.76436     6.01853   0.0636736
          11     5.90299     6.00803   0.0587452
          12     6.29888     6.03227    0.058637
          13     6.05882     6.03431   0.0541621
          14     6.00315     6.03208    0.050339
          15     5.69941     6.00991   0.0516381
          16     6.38728     6.03349   0.0535268
          17     5.88196     6.02458   0.0511149
          18     5.91905     6.01871   0.0486102
          19     6.20703     6.02863   0.0470514
          20     5.82111     6.01825   0.0458286
           1     4.92685     4.92685           0
           2     4.74982     4.83833   0.0625872
           3      4.5155     4.73072   0.0972692
           4     4.60756     4.69993   0.0776723
           5     4.69709     4.69936   0.0621399
           6     4.61134     4.68469   0.0534872
           7     4.76874      4.6967   0.0471744
           8     4.64324     4.69002   0.0417482
           9     4.73507     4.69502   0.0374084
          10     4.27098     4.65262   0.0524575
          11     4.58114     4.64612   0.0480894
          12     4.69518     4.65021   0.0442554
          13     4.86007     4.66635   0.0436964
          14      4.5576     4.65859     0.04126
          15     4.54602     4.65108   0.0391858
          16     4.91122     4.66734   0.0399676
          17     4.70511     4.66956   0.0376783
          18      4.6202     4.66682   0.0356847
          19     4.69618     4.66836     0.03384
          20     4.44999     4.65745   0.0338637
           1      3.8217      3.8217           0
           2     3.78837     3.80504   0.0117869
           3     3.71853      3.7762   0.0248199
           4     3.71555     3.76104   0.0227799
           5     3.73647     3.75613   0.0187464
           6      3.7727     3.75889   0.0158242
           7      3.8873     3.77723   0.0217348
           8     3.82316     3.78297   0.0197617
           9     3.78431     3.78312   0.0175665
          10     3.46179     3.75099     0.03434
          11     3.75894     3.75171   0.0312258
          12     3.73505     3.75032   0.0286545
          13     3.94932     3.76563   0.0302641
          14     3.60654     3.75427   0.0301606
          15     3.75641     3.75441   0.0281502
          16      3.9513     3.76671   0.0289557
          17     3.79922     3.76863   0.0273155
          18     3.63365     3.76113   0.0268075
          19     3.69965     3.75789   0.0255911
          20     3.66263     3.75313   0.0247508
           1     3.11382     3.11382           0
           2     3.00767     3.06074   0.0375302
           3     2.97742     3.03297   0.0337683
           4      3.0343      3.0333   0.0253279
           5     3.08535     3.04371   0.0222995
           6      3.1422     3.06013   0.0238716
           7     3.21194     3.08181   0.0286679
           8     3.09217     3.08311   0.0251136
           9     3.11052     3.08615   0.0225072
          10     2.87131     3.06467   0.0287358
          11      3.1277      3.0704   0.0266886
          12     2.98223     3.06305   0.0254558
          13     3.16026     3.07053   0.0245714
          14     3.00468     3.06583    0.023262
          15     3.05431     3.06506   0.0217239
          16     3.20509     3.07381   0.0220588
          17     3.08905     3.07471   0.0207795
          18     2.93652     3.06703   0.0209954
          19     3.08029     3.06773   0.0199019
          20     2.99322       3.064   0.0192523
           1     2.58491     2.58491           0
           2     2.56711     2.57601  0.00629514
           3      2.5085     2.55351   0.0188473
           4     2.56664     2.55679   0.0144188
           5     2.61232      2.5679   0.0152227
           6      2.6099      2.5749   0.0142045
           7     2.70331     2.59324   0.0208974
           8     2.59458     2.59341   0.0182859
           9     2.57114     2.59094   0.0164206
          10     2.54594     2.58644   0.0153827
          11     2.57498     2.58539   0.0140195
          12     2.51148     2.57924   0.0141396
          13     2.56898     2.57845    0.013074
          14     2.53303      2.5752   0.0125362
          15     2.51706     2.57133   0.0122851
          16     2.68454      2.5784    0.013401
          17     2.63535     2.58175   0.0130246
          18     2.47546     2.57585   0.0135739
          19     2.56783     2.57542    0.012866
          20     2.56414     2.57486   0.0122351
           1     2.19371     2.19371           0
           2     2.22346     2.20858   0.0105191
           3     2.19388     2.20368  0.00807457
           4     2.18482     2.19897  0.00730476
           5     2.24159     2.20749  0.00960715
           6     2.21024     2.20795  0.00801684
           7     2.28725     2.21928   0.0125387
           8     2.18515     2.21501   0.0116746
           9     2.26052     2.22007   0.0114201
          10      2.2009     2.21815   0.0104378
          11     2.23613     2.21978  0.00961602
          12     2.18787     2.21713  0.00917498
          13     2.22273     2.21756  0.00847934
          14     2.21063     2.21706  0.00788807
          15     2.13626     2.21167  0.00901601
          16      2.2219     2.21231  0.00847513
          17     2.27336      2.2159   0.0087041
          18     2.11298     2.21019  0.00992254
          19       2.221     2.21076   0.0094166
          20      2.2322     2.21183   0.0090066
           1      1.9342      1.9342           0
           2     1.98483     1.95951   0.0178998
           3     1.92229     1.94711   0.0156535
           4     1.88302     1.93108   0.0181761
           5     1.95309     1.93548   0.0150642
           6     1.92644     1.93398   0.0126287
           7     1.96557     1.93849   0.0116032
           8     1.93175     1.93765   0.0101833
           9     1.98812     1.94326    0.010483
          10     1.90831     1.93976   0.0100002
          11     1.91752     1.93774  0.00929337
          12     1.89587     1.93425  0.00915048
          13     1.94244     1.93488  0.00846827
          14     1.90222     1.93255  0.00817844
          15     1.87453     1.92868  0.00849877
          16     1.97679     1.93169  0.00848287
          17      1.9677      1.9338  0.00824414
          18     1.88296     1.93098   0.0082558
          19     1.94472      1.9317  0.00785289
          20     1.93361      1.9318  0.00746082
           1     1.72994     1.72994           0
           2     1.73293     1.73144  0.00105516
           3      1.6882     1.71702   0.0117897
           4     1.62638     1.69436   0.0215257
           5      1.7214     1.69977    0.017887
           6      1.7061     1.70082   0.0149369
           7     1.72882     1.70482   0.0133277
           8     1.69314     1.70336   0.0117416
           9     1.71929     1.70513   0.0105695
          10     1.70434     1.70505   0.0095128
          11     1.69596     1.70423  0.00868388
          12     1.65972     1.70052  0.00871646
          13     1.70788     1.70108  0.00806433
          14     1.66702     1.69865  0.00784667
          15     1.67454     1.69704  0.00748631
          16     1.73304     1.69929  0.00734867
          17     1.74944     1.70224  0.00748516
          18     1.65588     1.69967  0.00749948
          19     1.73556     1.70156  0.00733885
          20     1.68247      1.7006  0.00703367
           1     1.53934     1.53934           0
           2     1.53043     1.53488  0.00315146
           3     1.52232      1.5307  0.00401389
           4      1.4363      1.5071    0.020658
           5     1.51659       1.509   0.0166135
           6     1.51234     1.50955   0.0138539
           7     1.54169     1.51414   0.0126127
           8     1.52859     1.51595   0.0111646
           9     1.53629     1.51821   0.0101503
          10     1.48483     1.51487  0.00966843
          11      1.5277     1.51604   0.0088595
          12     1.48336     1.51332  0.00852941
          13     1.52714     1.51438  0.00793929
          14      1.5058     1.51377  0.00739583
          15     1.50252     1.51302   0.0069407
          16     1.53246     1.51423  0.00661241
          17     1.57491      1.5178  0.00712183
          18     1.46784     1.51502  0.00724678
          19     1.56705     1.51776  0.00736447
          20     1.50297     1.51702  0.00703329
           1     1.37336     1.37336           0
           2     1.36839     1.37087  0.00175716
           3     1.36886      1.3702  0.00129323
           4     1.30748     1.35452   0.0136147
           5     1.35027     1.35367   0.0109183
           6     1.36974     1.35635  0.00942157
           7     1.37104     1.35845    0.008306
           8     1.36746     1.35957  0.00734384
           9     1.37354     1.36113  0.00668976
          10     1.34436     1.35945  0.00622722
          11     1.40075      1.3632  0.00669796
          12     1.34509     1.36169  0.00630752
          13     1.36062     1.36161  0.00582286
          14     1.35129     1.36088  0.00545338
          15     1.35299     1.36035  0.00511512
          16     1.39909     1.36277  0.00533783
          17     1.41896     1.36608   0.0059599
          18     1.32177     1.36361  0.00611599
          19      1.3956      1.3653  0.00602128
          20     1.34435     1.36425  0.00581057
