           1   -0.311296   -0.311296           0
           2     0.14178   -0.084758    0.160187
           3   -0.077472  -0.0823293    0.106809
           4    0.232738  -0.0035625    0.105216
           5   -0.444936  -0.0918372    0.115408
           6   -0.131518  -0.0984507   0.0963624
           7    0.160626  -0.0614397   0.0894219
           8   -0.387558   -0.102205   0.0870413
           9    0.066074  -0.0835069   0.0793529
          10   -0.359316   -0.111088   0.0760599
          11   -0.467762   -0.143513   0.0757422
          12    0.074128   -0.125376   0.0715689
          13    0.055862   -0.111435   0.0674078
          14   -0.341904   -0.127897   0.0645718
          15    0.062506   -0.115203    0.061502
          16    0.652606  -0.0672151   0.0740499
          17   -0.453906  -0.0899616   0.0731042
          18   -0.008538  -0.0854381   0.0691827
          19   -0.224296  -0.0927464   0.0659264
          20   -0.013986  -0.0888084   0.0627476
           1     0.22956     0.22956           0
           2    0.024698    0.127129   0.0724297
           3   -0.105112   0.0497153   0.0795414
           4   -0.061786     0.02184   0.0643554
           5    0.198312   0.0571344    0.060392
           6     0.00784   0.0489187   0.0508824
           7   -0.166352   0.0181657   0.0520843
           8   -0.078356   0.0061005   0.0469504
           9   -0.017912  0.00343244   0.0418094
          10    0.034562   0.0065454   0.0377442
          11   -0.019158  0.00420873   0.0343852
          12    -0.00061  0.00380717   0.0315221
          13   -0.042714 0.000228615   0.0292997
          14    0.133708  0.00976286   0.0287163
          15   -0.064546  0.00480893   0.0272258
          16   -0.017236  0.00343113    0.025559
          17   -0.145026 -0.00530165   0.0255038
          18   -0.001846 -0.00510967   0.0240877
          19    -0.19565  -0.0151381   0.0248198
          20    0.008068  -0.0139778   0.0236059
           1    -0.05107    -0.05107           0
           2    0.036104   -0.007483   0.0308207
           3    0.020096     0.00171   0.0218752
           4   -0.077546   -0.018104   0.0237406
           5    -0.07532  -0.0295472   0.0215748
           6    0.073612   -0.012354   0.0238659
           7   -0.014766  -0.0126986    0.020459
           8   -0.026774   -0.014458   0.0179771
           9    0.068204 -0.00527333   0.0181751
          10   -0.054506  -0.0101966   0.0170113
          11    -0.01782  -0.0108896    0.015479
          12   -0.081874   -0.016805   0.0152776
          13    0.024582  -0.0136214   0.0144303
          14   -0.028936  -0.0147153    0.013441
          15    0.063276 -0.00951587   0.0135132
          16   -0.003112 -0.00911563   0.0126745
          17    0.000866 -0.00852847   0.0119426
          18   -0.027356 -0.00957444   0.0113248
          19   -0.015812 -0.00990274   0.0107335
          20   -0.013274  -0.0100713   0.0101982
           1    0.035448    0.035448           0
           2   -0.038852   -0.001702    0.026269
           3   -0.029948  -0.0111173   0.0191257
           4    0.024212   -0.002285   0.0162563
           5    0.070418   0.0122556   0.0183922
           6     -0.0374  0.00397967   0.0170877
           7   -0.004964    0.002702   0.0146943
           8      0.0033  0.00277675   0.0128577
           9    0.002448  0.00274022   0.0114291
          10     0.05303   0.0077692   0.0113387
          11   -0.005802  0.00653545   0.0103748
          12    0.023338  0.00793567   0.0096043
          13    -0.01597  0.00609677  0.00903984
          14    0.003366  0.00590171  0.00839624
          15   -0.028248  0.00362507   0.0081393
          16    -0.01654  0.00236475  0.00772755
          17    0.027444     0.00384  0.00741247
          18    0.047934  0.00628967  0.00739438
          19   -0.003346  0.00578253  0.00702257
          20    0.070298   0.0090083  0.00737519
           1   -0.043152   -0.043152           0
           2   -0.017678   -0.030415  0.00900642
           3     0.00973  -0.0170333   0.0124672
           4    0.001392   -0.012427   0.0101658
           5    0.010324  -0.0078768  0.00909414
           6    -0.03221  -0.0119323  0.00843439
           7    -0.01402  -0.0122306  0.00723475
           8    0.022706  -0.0078635  0.00753402
           9   -0.035118  -0.0108918  0.00728011
          10   -0.005924   -0.010395  0.00656903
          11    0.026056 -0.00708127  0.00675614
          12    0.018924 -0.00491417  0.00653145
          13   -0.026868 -0.00660292  0.00624354
          14    0.003174 -0.00590457   0.0058365
          15    0.008718 -0.00492973  0.00552821
          16   -0.015586 -0.00559575  0.00522266
          17   -0.032674 -0.00718859  0.00515262
          18    0.014156 -0.00600278  0.00500095
          19    -4.6e-05 -0.00568926  0.00474756
          20    0.027462  -0.0040317  0.00479081
           1    0.006756    0.006756           0
           2    0.015984     0.01137  0.00326259
           3   -0.018634  0.00136867  0.00845076
           4    0.001658    0.001441  0.00633838
           5   -0.019348  -0.0027168  0.00628823
           6    0.030236  0.00277533   0.0072523
           7    -0.02402 -0.00105257  0.00715552
           8    0.010198  0.00035375  0.00639779
           9    -0.00212 7.88889e-05  0.00569282
          10      -1e-05       7e-05  0.00512355
          11    -0.00045 2.27273e-05  0.00465799
          12     0.01098 0.000935833   0.0043584
          13    0.007948  0.00147523  0.00405638
          14    0.002022  0.00151429  0.00376683
          15   -0.012456 0.000582933  0.00362902
          16   -0.013492 -0.00029675   0.0035072
          17    0.007954 0.000188588  0.00333431
          18    -0.01694   -0.000763  0.00328205
          19     0.01964 0.000310842  0.00328028
          20   -0.002906     0.00015  0.00312021
           1    -0.00771    -0.00771           0
           2    0.014356    0.003323  0.00780151
           3    0.001692  0.00277933  0.00521992
           4    0.000512   0.0022125  0.00394559
           5      -0.014    -0.00103  0.00428653
           6    0.005974 0.000137333  0.00372767
           7    0.005736 0.000937143  0.00327983
           8    0.001652   0.0010265  0.00287107
           9   -0.011074   -0.000318  0.00284953
          10    0.008068   0.0005206  0.00268514
          11    0.031768  0.00336127  0.00364616
          12   -0.007152  0.00248517  0.00344597
          13   -0.009726  0.00154585  0.00330644
          14   -0.012384 0.000550857  0.00321649
          15      0.0032 0.000727467   0.0030069
          16   -0.000676  0.00063975  0.00282025
          17   -0.003418 0.000401059  0.00266443
          18    0.005668 0.000693667  0.00253243
          19    0.001504 0.000736316   0.0023995
          20   -0.001258   0.0006366  0.00228159
           1     0.00716     0.00716           0
           2    0.011178    0.009169  0.00142058
           3    0.006726  0.00835467  0.00115715
           4    0.005552    0.007654  0.00105896
           5    0.017918   0.0097068   0.0020221
           6   -0.001176    0.007893  0.00236243
           7   -0.008206  0.00559314  0.00293838
           8    0.000546  0.00496225  0.00263794
           9    0.000958  0.00451733  0.00238206
          10    0.021628   0.0062284  0.00268907
          11    0.003302  0.00596236  0.00245773
          12     9.4e-05  0.00547333  0.00230106
          13    -0.01757  0.00370077  0.00272248
          14   -0.003844  0.00316186  0.00258081
          15    0.002748  0.00313427   0.0024089
          16   -0.004078   0.0026835  0.00230013
          17    0.000432  0.00255106  0.00216864
          18    0.004764    0.002674  0.00205164
          19    -0.00793  0.00211589  0.00201814
          20    0.007214   0.0023708  0.00193327
           1    -0.00835    -0.00835           0
           2    0.005208   -0.001571  0.00479348
           3     0.00072-0.000807333  0.00325591
           4   -0.014116  -0.0041345  0.00377698
           5   -0.004246  -0.0041568  0.00302165
           6    0.008358   -0.002071   0.0031569
           7    0.017696 0.000752857  0.00376257
           8    0.000332  0.00070025  0.00329262
           9    0.005934  0.00128178  0.00297768
          10    0.004566   0.0016102  0.00269797
          11    0.005868  0.00199727  0.00248031
          12   -0.002728   0.0016035  0.00230466
          13     0.00641  0.00197323  0.00215683
          14    -0.01227 0.000955857  0.00222985
          15    0.008162  0.00143627  0.00213231
          16     0.00639  0.00174587   0.0020214
          17    0.000666  0.00168235  0.00190349
          18    -0.00451  0.00133833  0.00182856
          19     0.01371  0.00198947  0.00184462
          20   -0.001464   0.0018168  0.00176045
           1    0.003474    0.003474           0
           2    0.002308    0.002891 0.000412243
           3    -0.00673   -0.000316  0.00263289
           4    0.000416   -0.000133  0.00198102
           5   -0.000536  -0.0002136  0.00158645
           6    0.010062    0.001499  0.00204743
           7    0.004086  0.00186857  0.00178798
           8   -0.009922  0.00039475  0.00208524
           9    0.001492 0.000516667  0.00185711
          10   -0.007768  -0.0003118  0.00184697
          11   -0.003804-0.000629273  0.00170613
          12   -0.007352  -0.0011895  0.00165337
          13   -0.000336 -0.00112385   0.0015275
          14    0.002318   -0.000878  0.00143804
          15     0.00669-0.000373467  0.00142793
          16    0.000634  -0.0003105  0.00134008
          17     0.00061-0.000256353  0.00126234
          18   -0.004914-0.000515111  0.00121844
          19    0.006804-0.000129895  0.00121368
          20   -0.008954  -0.0005711  0.00123058
           1    0.006944    0.006944           0
           2    0.003694    0.005319  0.00114905
           3   -0.008244    0.000798  0.00377003
           4    0.001758    0.001038  0.00283515
           5   -0.002976   0.0002352  0.00237907
           6    0.000582    0.000293  0.00198326
           7    0.000104    0.000266  0.00170012
           8    0.012948  0.00185125  0.00210044
           9    0.010008  0.00275756   0.0020533
          10    0.002632    0.002745  0.00184801
          11   -0.002766    0.002244   0.0017466
          12    -0.01181  0.00107283  0.00195466
          13    0.002676  0.00119615  0.00180818
          14     0.00662  0.00158357  0.00172003
          15    0.000836  0.00153373  0.00160608
          16    0.002414  0.00158875  0.00150665
          17    0.002658  0.00165165  0.00141933
          18    0.002634  0.00170622  0.00134153
          19   -0.002676  0.00147558   0.0012906
          20    0.001384    0.001471  0.00122608
           1     0.00783     0.00783           0
           2    -0.00164    0.003095  0.00334815
           3   -0.000768  0.00180733  0.00246732
           4     0.00158   0.0017505  0.00185114
           5   -0.004836   0.0004332  0.00189244
           6    0.003532 0.000949667    0.001646
           7    0.001516  0.00103057  0.00141284
           8    0.000278   0.0009365  0.00123937
           9   -0.005904 0.000176444  0.00131421
          10    0.002754   0.0004342   0.0012078
          11    0.008472  0.00116491  0.00130039
          12     0.00646  0.00160617  0.00126467
          13    0.003472  0.00174969  0.00117551
          14   -0.000824  0.00156586  0.00110582
          15    0.003006  0.00166187  0.00103626
          16    -0.00471  0.00126363  0.00104522
          17   -0.005626 0.000858353   0.0010594
          18   -0.004342 0.000569444  0.00103919
          19    0.001854 0.000637053 0.000986692
          20   -0.000642   0.0005731 0.000939428
           1   -0.002622   -0.002622           0
           2    0.001584   -0.000519  0.00148705
           3    0.000754-9.46667e-05  0.00105016
           4   -0.000564   -0.000212  0.00079415
           5    0.000956    2.16e-05 0.000668795
           6     0.00028 6.46667e-05 0.000558714
           7   -0.004398-0.000572857 0.000760077
           8    0.005412  0.00017525 0.000965412
           9   -0.003168-0.000196222 0.000926861
          10    -0.00022  -0.0001986 0.000834178
          11   -0.001838-0.000347636 0.000771542
          12    0.003122   -5.85e-05 0.000759494
          13   -0.002078-0.000213846 0.000716783
          14   -0.001126   -0.000279 0.000668539
          15    0.004412 3.37333e-05 0.000693267
          16    0.002164 0.000166875   0.0006626
          17    0.002946 0.000330353 0.000643474
          18    0.008152 0.000764889 0.000740042
          19    -0.00614 0.000401474 0.000785271
          20   -0.001884   0.0002872 0.000754276
           1    0.001242    0.001242           0
           2    0.003292    0.002267 0.000724784
           3    0.001344  0.00195933  0.00054459
           4    0.002196   0.0020185 0.000411644
           5    -0.00086   0.0014428 0.000611222
           6   -0.000692    0.001087 0.000604098
           7   -0.009506-0.000426286  0.00149365
           8     0.00137 -0.00020175  0.00132372
           9   -0.003146-0.000528889  0.00121639
          10    0.000308  -0.0004452  0.00109763
          11    0.008866 0.000401273  0.00128338
          12    0.002776 0.000599167  0.00119159
          13       5e-05 0.000556923  0.00110068
          14    -0.00506 0.000155714  0.00109274
          15    0.006746 0.000595067  0.00110469
          16     0.00514 0.000879125  0.00107154
          17    0.004436  0.00108835  0.00102874
          18    0.004022  0.00125133 0.000984409
          19   -0.000298  0.00116979  0.00093597
          20    -0.00242   0.0009903 0.000906218
           1    0.006502    0.006502           0
           2      -2e-05    0.003241  0.00230588
           3   -0.011376 -0.00163133  0.00426492
           4   -0.004516  -0.0023525  0.00325909
           5    0.001758  -0.0015304  0.00270898
           6    0.006096-0.000259333  0.00253822
           7    0.002268 0.000101714  0.00220115
           8    -0.00897 -0.00103225  0.00219878
           9   -0.001908 -0.00112956  0.00195662
          10    0.000836   -0.000933   0.0017708
          11   -0.000692-0.000911091  0.00160996
          12    0.002168  -0.0006545   0.0014961
          13   -0.004066-0.000916923  0.00140384
          14   -0.000508-0.000887714  0.00130387
          15   -0.004188 -0.00110773  0.00123537
          16   -0.000966 -0.00109887  0.00115819
          17   -0.002194 -0.00116329  0.00109185
          18   -0.003764 -0.00130778  0.00104071
          19   -0.001146 -0.00129926 0.000985972
          20   -0.001294   -0.001299 0.000936674
           1    0.000932    0.000932           0
           2   -0.004868   -0.001968  0.00205061
           3    0.006328 0.000797333   0.0026395
           4    0.001908    0.001075  0.00199417
           5   -0.004082    4.36e-05  0.00184286
           6     0.00602  0.00103967  0.00178472
           7    -0.00233 0.000558286  0.00159336
           8   -0.008916   -0.000626  0.00178072
           9    0.005622 6.82222e-05  0.00171285
          10   -0.002906  -0.0002292  0.00156717
          11   -0.001792-0.000371273  0.00143113
          12   -0.000116    -0.00035  0.00131203
          13     0.00318-7.84615e-05  0.00123888
          14    0.000546-3.38571e-05  0.00115119
          15    0.000968 3.29333e-05  0.00107638
          16     0.00357    0.000254  0.00103156
          17   -0.002172 0.000111294 0.000980701
          18    0.006748     0.00048 0.000993112
          19    0.001764 0.000547579 0.000943139
          20    0.003354   0.0006879 0.000906361
           1     0.14819     0.14819           0
           2    -0.71306   -0.282435    0.304498
           3   -0.490664   -0.351845    0.210761
           4       0.074   -0.245384    0.182994
           5    0.065544   -0.183198    0.156605
           6    0.178118   -0.122979     0.14161
           7    0.370012  -0.0525514    0.137784
           8    0.221632  -0.0182785    0.124751
           9    0.126466 -0.00219578    0.111922
          10   -0.247484  -0.0267246    0.103382
          11   -0.091134    -0.03258   0.0941497
          12    0.601098   0.0202265    0.100023
          13   -0.008454   0.0180203   0.0923529
          14   -0.252074 -0.00127214   0.0877482
          15   -0.214958  -0.0155179   0.0830466
          16     0.44235   0.0130989   0.0826397
          17    0.385512   0.0350055   0.0806299
          18   -0.236952   0.0198968   0.0775531
          19    -0.33486  0.00122537   0.0756856
          20   -0.118588  -0.0047653    0.072138
           1    -0.29863    -0.29863           0
           2   -0.084268   -0.191449   0.0757884
           3   -0.052054   -0.144984   0.0631836
           4   -0.000572   -0.108881   0.0567729
           5    0.193174    -0.04847   0.0705862
           6    0.076356  -0.0276657   0.0618118
           7    0.172272 0.000896857   0.0592141
           8    -0.01634 -0.00125775   0.0518516
           9   -0.120068  -0.0144589   0.0477412
          10   -0.315172  -0.0445302   0.0515754
          11     0.12684  -0.0289511   0.0491834
          12    0.211464  -0.0089165   0.0489957
          13    0.020804 -0.00663031   0.0452801
          14   -0.085284  -0.0122484   0.0423929
          15   -0.069924  -0.0160935   0.0397407
          16    0.162132 -0.00495438   0.0387866
          17     0.16444     0.00501   0.0377633
          18   -0.177218 -0.00511378   0.0369975
          19    0.049532 -0.00223768   0.0351619
          20   -0.245394  -0.0143955   0.0354434
           1     0.01104     0.01104           0
           2    0.002456    0.006748   0.0030349
           3    -0.00234  0.00371867  0.00319555
           4   -0.044808   -0.008413   0.0107762
           5    0.012502    -0.00423  0.00939783
           6   -0.053808   -0.012493   0.0108734
           7    0.015582 -0.00848229   0.0100325
           8     -0.0695  -0.0161095   0.0113121
           9   -0.054168  -0.0203382   0.0108168
          10   -0.148362  -0.0331406   0.0155654
          11    0.077362  -0.0230949   0.0170873
          12   -0.036602  -0.0242205   0.0157004
          13   -0.006458  -0.0228542    0.014552
          14     0.06053  -0.0168981   0.0146809
          15     -0.0013  -0.0158583    0.013739
          16   -0.075018  -0.0195557   0.0133686
          17    0.033258  -0.0164491   0.0129381
          18   -0.050336  -0.0183317   0.0123556
          19   -0.096124   -0.022426    0.012365
          20   -0.089124  -0.0257609   0.0121882
           1     0.00852     0.00852           0
           2   -0.008626    -5.3e-05  0.00606203
           3   -0.017762   -0.005956   0.0062899
           4   -0.058648   -0.019129    0.012345
           5    0.015796   -0.012144   0.0116862
           6    -0.03474    -0.01591   0.0103275
           7    0.026436 -0.00986057   0.0104751
           8    0.019422 -0.00620025  0.00978438
           9    -0.01413 -0.00708133  0.00873681
          10   -0.083414  -0.0147146   0.0106897
          11     0.03075  -0.0105815   0.0104865
          12     0.03606 -0.00669467   0.0103078
          13     0.00589 -0.00572662  0.00956025
          14    0.017814 -0.00404514  0.00902404
          15   -0.022386 -0.00526787  0.00850487
          16   -0.042408 -0.00758913  0.00828403
          17   -0.000648 -0.00718082  0.00780679
          18   -0.045138 -0.00928956  0.00765259
          19   -0.046834  -0.0112656   0.0075006
          20   -0.054914   -0.013448   0.0074363
           1   -0.003228   -0.003228           0
           2     0.05401    0.025391   0.0202367
           3   -0.016152   0.0115433   0.0176025
           4   -0.015522    0.004777   0.0144439
           5     -0.0296  -0.0020984   0.0130896
           6   -0.025132 -0.00593733   0.0114571
           7    0.021778   -0.001978   0.0104822
           8    0.005378  -0.0010585   0.0092122
           9   -0.010074 -0.00206022  0.00824291
          10    0.006778  -0.0011764  0.00746585
          11   -0.003736 -0.00140909  0.00679076
          12    0.016856    0.000113  0.00639317
          13    0.007914 0.000713077  0.00592948
          14   -0.005134 0.000295429  0.00552064
          15   -0.002784 9.01333e-05  0.00515641
          16   -0.033674 -0.00202013  0.00524821
          17   -0.023224 -0.00326741  0.00508555
          18   -0.013034    -0.00381  0.00483188
          19   -0.044184 -0.00593495  0.00502313
          20    0.007144   -0.005281  0.00481436
           1    0.002544    0.002544           0
           2      0.0495    0.026022   0.0166015
           3   -0.003726    0.016106   0.0137129
           4     -0.0153   0.0082545   0.0123292
           5   -0.024802   0.0016432   0.0115001
           6     0.01272  0.00348933  0.00973051
           7     0.00177  0.00324371  0.00834353
           8    0.008796  0.00393775   0.0073294
           9   -0.003384  0.00312422  0.00656002
          10   -0.003912   0.0024206  0.00594163
          11   -0.021554 0.000241091  0.00578744
          12    0.019772  0.00186867  0.00552927
          13    0.016708  0.00301015  0.00522044
          14   -0.011606  0.00196614  0.00495085
          15    0.001804  0.00195533   0.0046208
          16    -0.01261    0.001045  0.00442076
          17   -0.022584-0.000344941  0.00437377
          18   -0.003276-0.000507778  0.00413381
          19   -0.009566-0.000984526  0.00394364
          20   -0.018486  -0.0018596  0.00384232
           1    0.001272    0.001272           0
           2    0.041944    0.021608   0.0143797
           3    -0.01053   0.0108953   0.0129772
           4   -0.008562    0.006031   0.0106055
           5   -0.006176   0.0035896  0.00876087
           6   -0.004772    0.002196  0.00741074
           7    0.012526  0.00367171  0.00649733
           8    0.007824  0.00419075  0.00570586
           9   -0.007376  0.00290556  0.00521461
          10   -0.011528   0.0014622  0.00488882
          11    -0.00145  0.00119745  0.00445154
          12    0.010564    0.001978  0.00414845
          13    0.023616  0.00364246  0.00414984
          14   -0.001126  0.00330186  0.00386737
          15    -0.00908   0.0024764  0.00369659
          16   -0.009716  0.00171438  0.00354323
          17    -0.00741  0.00117765  0.00337521
          18   -0.014998    0.000279  0.00330517
          19   -0.014982-0.000524211  0.00322733
          20   -0.023494  -0.0016727  0.00326393
           1    0.012888    0.012888           0
           2     0.04145    0.027169   0.0100982
           3   -0.013284   0.0136847    0.012905
           4   -0.005326    0.008932   0.0105176
           5   -0.001158    0.006914  0.00860548
           6   -0.014016  0.00342567  0.00784646
           7     0.01091  0.00449486    0.006798
           8    0.017496     0.00612  0.00613943
           9   -0.004626    0.004926  0.00557217
          10   -0.012678   0.0031656  0.00528572
          11    0.006768  0.00349309  0.00481533
          12    0.006442  0.00373883  0.00442032
          13    0.021494  0.00510462  0.00428611
          14    -0.00539    0.004355  0.00404498
          15     0.00561  0.00443867  0.00377618
          16    -4.4e-05   0.0041585  0.00355054
          17   -0.008592  0.00340847  0.00341999
          18   -0.012528  0.00252311  0.00334263
          19   -0.001664  0.00230274  0.00317395
          20   -0.007216   0.0018268  0.00305073
           1    0.005976    0.005976           0
           2    0.026556    0.016266  0.00727613
           3   -0.017176  0.00511867   0.0103137
           4    0.008808    0.006041  0.00777639
           5    0.001262   0.0050852  0.00627957
           6   -0.002148  0.00387967  0.00534744
           7    0.013212  0.00521286  0.00474681
           8     0.00896  0.00568125   0.0041765
           9    -0.01003  0.00393556  0.00406092
          10   -0.011202   0.0024218  0.00392684
          11    0.002658  0.00244327  0.00356992
          12    0.009132  0.00300067  0.00331565
          13    0.014586  0.00389185  0.00317811
          14    0.000292  0.00363471  0.00296149
          15    0.004806   0.0037128  0.00276508
          16   -0.005444   0.0031405  0.00265083
          17     -0.0068  0.00255576  0.00255858
          18   -0.006638    0.002045  0.00246689
          19    0.010408  0.00248516    0.002376
          20   -0.009878    0.001867  0.00233623
           1   -0.005084   -0.005084           0
           2    0.016326    0.005621  0.00756958
           3     -0.0177 -0.00215267   0.0081088
           4   -0.001078   -0.001884  0.00608605
           5    -0.00488  -0.0024832  0.00489825
           6   -0.000734 -0.00219167  0.00409054
           7     0.01398 0.000118571  0.00410707
           8     0.00428  0.00063875  0.00362648
           9   -0.002878    0.000248  0.00324452
          10   -0.011046  -0.0008814  0.00311043
          11    0.007434-0.000125455  0.00291808
          12     0.00437 0.000249167  0.00269885
          13    0.012604  0.00119954   0.0026533
          14    0.001394  0.00121343  0.00246382
          15    0.006286   0.0015516  0.00232266
          16   -0.002466   0.0013005  0.00219102
          17   -0.001092  0.00115976  0.00206665
          18    0.001028  0.00115244  0.00195185
          19     0.00599  0.00140705  0.00186565
          20   -0.013948   0.0006393  0.00192387
           1    -0.00473    -0.00473           0
           2    0.021124    0.008197  0.00914077
           3   -0.012928  0.00115533  0.00837805
           4    0.004562    0.002007  0.00632668
           5   -0.008986  -0.0001916  0.00542994
           6    0.004564    0.000601  0.00458243
           7    0.008072  0.00166829  0.00405018
           8     0.00154  0.00165225  0.00354394
           9    0.000182  0.00148889  0.00315393
          10   -0.007892   0.0005508  0.00297478
          11    0.005316    0.000984  0.00273571
          12    0.004514  0.00127817   0.0025235
          13    0.007474  0.00175477  0.00237396
          14     0.00075    0.001683  0.00220548
          15    0.005842  0.00196027   0.0020758
          16    0.000702  0.00188162  0.00194755
          17    0.003006  0.00194776  0.00183411
          18     0.00687  0.00222122  0.00175249
          19    0.000932  0.00215337  0.00166156
          20   -0.014192   0.0013361  0.00176809
           1   -0.002814   -0.002814           0
           2     0.01507    0.006128  0.00632295
           3   -0.010592 0.000554667  0.00620297
           4    0.003214   0.0012195  0.00468772
           5   -0.001614   0.0006528  0.00378427
           6    0.002518 0.000963667   0.0031663
           7     0.00828  0.00200886  0.00288132
           8    0.000412  0.00180925  0.00252806
           9      -2e-06    0.001608  0.00225516
          10    -0.00951   0.0004962  0.00228735
          11   -0.000154 0.000437091  0.00208017
          12    0.004076 0.000740333   0.0019288
          13    0.003926 0.000985385  0.00179593
          14      0.0011 0.000993571  0.00166767
          15     0.00542  0.00128867  0.00158238
          16     0.00078  0.00125688   0.0014838
          17     0.00291  0.00135412   0.0013997
          18     0.00082  0.00132444  0.00132226
          19    0.003496  0.00143874  0.00125759
          20   -0.016382   0.0005477  0.00147702
           1   -0.003664   -0.003664           0
           2    0.016912    0.006624  0.00727471
           3   -0.012054    0.000398  0.00702586
           4    0.002164   0.0008395  0.00528325
           5   -0.002058     0.00026  0.00425826
           6   -0.001316-2.66667e-06  0.00355664
           7     0.00357 0.000507714  0.00308495
           8     0.00146  0.00062675  0.00270163
           9    0.002326 0.000815556  0.00240804
          10   -0.004182   0.0003158  0.00221849
          11    0.001968    0.000466  0.00202188
          12    0.003938 0.000755333  0.00187398
          13    0.003898 0.000997077  0.00174535
          14    0.002828  0.00112786  0.00162558
          15    0.004526   0.0013544  0.00153291
          16    0.001192  0.00134425  0.00143714
          17    0.002524  0.00141365  0.00135427
          18     0.00053  0.00136456  0.00127992
          19    0.002436  0.00142095   0.0012138
          20   -0.016476   0.0005261  0.00144582
           1   -0.003954   -0.003954           0
           2    0.013474     0.00476  0.00616173
           3   -0.008892 0.000209333  0.00553894
           4    0.003562   0.0010475  0.00421715
           5   -0.002464   0.0003452   0.0034317
           6   -0.001212 8.56667e-05  0.00286955
           7    0.005608 0.000874571  0.00256576
           8     0.00288  0.00112525  0.00225726
           9    0.005112  0.00156822  0.00204945
          10    -0.00314   0.0010974  0.00189782
          11    0.001804  0.00116164  0.00172638
          12    0.002324   0.0012585  0.00158523
          13    0.003456  0.00142754  0.00147227
          14    0.001692  0.00144643  0.00136723
          15    0.004482   0.0016488  0.00129097
          16    0.000858  0.00159937  0.00121123
          17    0.003668  0.00172106  0.00114608
          18    -0.00253  0.00148489  0.00110647
          19    0.002462  0.00153632  0.00104943
          20   -0.010416   0.0009387  0.00115465
           1    -0.00433    -0.00433           0
           2    0.012092    0.003881  0.00580605
           3   -0.008434   -0.000224  0.00512019
           4    0.000254  -0.0001045  0.00384154
           5   -0.006112   -0.001306  0.00325571
           6   -0.004172 -0.00178367  0.00274791
           7    0.007786-0.000416571  0.00267388
           8    0.003412     6.2e-05  0.00238209
           9    0.004992 0.000609778  0.00217948
          10   -0.002908    0.000258  0.00198972
          11    0.000772 0.000304727  0.00180939
          12       0.002    0.000446  0.00166411
          13     0.00349 0.000680154  0.00155249
          14     0.00013 0.000640857  0.00144209
          15     0.00265   0.0007748  0.00135216
          16    0.001694  0.00083225  0.00126887
          17    0.003646 0.000997765  0.00120498
          18   -0.002246 0.000817556  0.00115143
          19    0.003208 0.000943368  0.00109768
          20   -0.010248   0.0003838  0.00117681
           1   -0.004156   -0.004156           0
           2     0.01059    0.003217   0.0052135
           3   -0.007426-0.000330667  0.00452448
           4   -0.000908   -0.000475  0.00339566
           5    -0.00784   -0.001948  0.00301916
           6   -0.004972   -0.002452  0.00255768
           7    0.010386   -0.000618  0.00277295
           8    0.002748 -0.00019725  0.00245804
           9    0.004624 0.000338444  0.00224254
          10   -0.003178   -1.32e-05  0.00204567
          11     -0.0025-0.000239273  0.00187215
          12    0.002222-3.41667e-05  0.00172734
          13    0.003238 0.000217538   0.0016127
          14    0.000722 0.000253571  0.00149791
          15     0.00262 0.000411333  0.00140633
          16    0.001284 0.000465875  0.00131949
          17     0.00428 0.000690235  0.00126081
          18    -0.00399 0.000430222  0.00121728
          19    0.000318 0.000424316  0.00115322
          20   -0.009778   -8.58e-05  0.00120311
           1     0.91743     0.91743           0
           2    0.890338    0.903884  0.00957847
           3     0.77301    0.860259   0.0361873
           4    0.857038    0.859454   0.0271494
           5    0.922246    0.872012   0.0244522
           6    0.784896    0.857493   0.0243083
           7    0.872068    0.859575   0.0209246
           8    0.957248    0.871784    0.021579
           9    0.905276    0.875506   0.0194995
          10    0.896642    0.877619   0.0176638
          11    0.905718    0.880174   0.0162416
          12     0.91692    0.883236   0.0151741
          13    0.928694    0.886733   0.0144041
          14    0.856646    0.884584   0.0135346
          15    0.944268    0.888563   0.0132042
          16    0.940118    0.891785   0.0127661
          17    0.866852    0.890318   0.0120991
          18    0.915604    0.891723   0.0115082
          19    0.919654    0.893193    0.010996
          20    0.939922    0.895529   0.0106915
           1    0.482848    0.482848           0
           2    0.621758    0.552303   0.0491121
           3    0.585326    0.563311   0.0339526
           4     0.58173    0.567915   0.0257748
           5    0.697038     0.59374   0.0309629
           6    0.656502      0.6042   0.0275127
           7    0.665054    0.612894   0.0249179
           8    0.728938    0.627399   0.0256805
           9    0.731606    0.638978    0.025303
          10    0.732378    0.648318   0.0244358
          11     0.59795    0.643739   0.0226393
          12    0.682688    0.646985   0.0209841
          13    0.619938    0.644904   0.0194728
          14    0.688674    0.648031   0.0183311
          15    0.631232    0.646911   0.0171432
          16    0.542412    0.640379   0.0172712
          17    0.701376    0.643968   0.0166237
          18    0.623602    0.642836   0.0157386
          19     0.69683    0.645678   0.0151647
          20      0.7377    0.650279   0.0150883
           1    0.483536    0.483536           0
           2    0.467188    0.475362  0.00577989
           3       0.474    0.474908  0.00387105
           4    0.450548    0.468818  0.00602039
           5     0.51066    0.477186  0.00890062
           6     0.47862    0.477425  0.00742039
           7     0.44437    0.472703  0.00771799
           8    0.415944    0.465608  0.00946845
           9     0.39625    0.457902   0.0111188
          10    0.453654    0.457477    0.010015
          11    0.399384    0.452196   0.0104042
          12    0.484042     0.45485  0.00986987
          13     0.38401      0.4494   0.0105078
          14      0.3973    0.445679   0.0103954
          15    0.407434    0.443129   0.0100101
          16    0.383478    0.439401   0.0100548
          17    0.495356    0.442693  0.00998759
          18    0.425842    0.441756  0.00947649
          19    0.496128    0.444618  0.00939988
          20    0.455258     0.44515  0.00894493
           1    0.305306    0.305306           0
           2     0.25409    0.279698   0.0181076
           3    0.301282    0.286893   0.0134252
           4    0.329646    0.297581   0.0136771
           5    0.337312    0.305527   0.0130474
           6    0.292166      0.3033   0.0110612
           7    0.180012    0.285688   0.0188621
           8    0.307378    0.288399   0.0166981
           9    0.278904    0.287344    0.014876
          10    0.250864    0.283696   0.0138285
          11    0.293886    0.284622   0.0126023
          12     0.25342    0.282022   0.0118173
          13    0.269228    0.281038   0.0109492
          14    0.265192    0.279906   0.0102255
          15    0.276294    0.279665  0.00954661
          16    0.314132     0.28182  0.00918977
          17    0.306836    0.283291  0.00876623
          18     0.26102    0.282054  0.00836608
          19    0.330688    0.284613  0.00830812
          20    0.304246    0.285595  0.00795049
           1    0.175542    0.175542           0
           2    0.199424    0.187483  0.00844356
           3    0.195422    0.190129   0.0060295
           4    0.211536    0.195481  0.00647533
           5    0.199762    0.196337  0.00523656
           6    0.228808    0.201749  0.00659159
           7    0.179146     0.19852  0.00639208
           8     0.21047    0.200014  0.00576497
           9     0.17032    0.196714  0.00599463
          10    0.226516    0.199695  0.00609106
          11    0.231242    0.202563  0.00617571
          12    0.169038    0.199769  0.00626116
          13    0.226514    0.201826  0.00610819
          14    0.182462    0.200443  0.00582639
          15    0.189168    0.199691  0.00548623
          16    0.218414    0.200862  0.00526666
          17    0.181516    0.199724  0.00507831
          18    0.208002    0.200183  0.00481696
          19      0.2014    0.200247  0.00456386
          20    0.231694     0.20182  0.00459855
           1    0.135604    0.135604           0
           2    0.137576     0.13659 0.000697207
           3       0.137    0.136727 0.000478012
           4    0.148804    0.139746  0.00263928
           5     0.14956    0.141709  0.00274594
           6    0.149624    0.143028  0.00258582
           7    0.144472    0.143234  0.00222463
           8    0.138804     0.14268   0.0020143
           9    0.125706    0.140794  0.00252345
          10     0.16514    0.143229  0.00323918
          11    0.146424    0.143519   0.0029577
          12    0.134316    0.142753  0.00280891
          13    0.151204    0.143403  0.00266701
          14     0.13926    0.143107  0.00249287
          15    0.150354     0.14359  0.00237304
          16    0.157368    0.144451  0.00237584
          17     0.14196    0.144304  0.00224059
          18     0.14864    0.144545  0.00212902
          19    0.145788    0.144611  0.00201797
          20    0.155632    0.145162   0.0019909
           1    0.112028    0.112028           0
           2    0.105778    0.108903  0.00220971
           3    0.116942    0.111583  0.00263765
           4    0.118954    0.113425  0.00254174
           5    0.105464    0.111833  0.00248254
           6    0.123154     0.11372  0.00269194
           7    0.099342    0.111666  0.00299002
           8    0.100484    0.110268  0.00292478
           9    0.122564    0.111634  0.00290139
          10    0.104126    0.110884  0.00270667
          11    0.131224    0.112733  0.00302705
          12     0.10377    0.111986  0.00286546
          13     0.13497    0.113754  0.00314351
          14    0.124646    0.114532  0.00301371
          15     0.09632    0.113318  0.00304756
          16    0.108212    0.112999  0.00287375
          17    0.107098    0.112652  0.00272559
          18    0.104366    0.112191  0.00261275
          19    0.100116    0.111556  0.00255136
          20     0.11804     0.11188   0.0024443
           1     0.07864     0.07864           0
           2    0.076586    0.077613 0.000726199
           3    0.085526   0.0802507  0.00220739
           4     0.08925   0.0825005  0.00255678
           5    0.088256   0.0836516  0.00228993
           6    0.097394    0.085942  0.00283075
           7    0.077806   0.0847797  0.00265426
           8    0.085552   0.0848762  0.00232424
           9    0.068578   0.0830653  0.00268018
          10    0.081954   0.0829542  0.00241446
          11    0.083628   0.0830155  0.00219574
          12    0.096542   0.0841427  0.00228384
          13    0.089508   0.0845554  0.00214513
          14    0.073194   0.0837439  0.00213991
          15    0.078746   0.0834107  0.00202303
          16     0.09067   0.0838644   0.0019468
          17    0.089474   0.0841944  0.00186004
          18    0.086706   0.0843339  0.00176193
          19     0.07333   0.0837547  0.00176181
          20     0.09713   0.0844235  0.00179617
           1      0.0817      0.0817           0
           2    0.061464    0.071582  0.00715451
           3    0.066526   0.0698967   0.0049642
           4    0.073372   0.0707655  0.00379842
           5     0.06979   0.0705704  0.00304375
           6    0.084026    0.072813  0.00325955
           7    0.053038    0.069988  0.00382706
           8    0.073624   0.0704425  0.00337556
           9    0.072646   0.0706873  0.00300936
          10    0.073748   0.0709934  0.00272395
          11    0.063448   0.0703075  0.00256123
          12     0.05894   0.0693602  0.00251688
          13    0.079132   0.0701118  0.00243293
          14    0.079346   0.0707714  0.00234686
          15     0.07492    0.071048  0.00220664
          16     0.06686   0.0707862  0.00208419
          17    0.068416   0.0706468  0.00196625
          18    0.073962    0.070831  0.00186562
          19    0.068086   0.0706865  0.00177301
          20    0.059162   0.0701103  0.00177553
           1     0.05967     0.05967           0
           2    0.047082    0.053376  0.00445053
           3     0.05497   0.0539073  0.00299857
           4    0.075184   0.0592265  0.00512619
           5     0.05362   0.0581052  0.00422181
           6    0.062638   0.0588607  0.00358513
           7    0.046788    0.057136  0.00346304
           8    0.064664    0.058077  0.00315542
           9     0.05824   0.0580951  0.00280487
          10    0.064232   0.0587088  0.00259065
          11     0.05813   0.0586562  0.00235567
          12    0.060384   0.0588002  0.00216376
          13    0.054794    0.058492  0.00201914
          14    0.059334   0.0585521  0.00187581
          15     0.05599   0.0583813  0.00175852
          16     0.05263   0.0580219  0.00168495
          17    0.062422   0.0582807  0.00160559
          18    0.058978   0.0583194  0.00151686
          19    0.056748   0.0582367  0.00143928
          20    0.061694   0.0584096  0.00137766
           1     0.04644     0.04644           0
           2     0.04782     0.04713 0.000487904
           3     0.04596     0.04674 0.000455192
           4    0.052822   0.0482605  0.00136033
           5     0.05396   0.0494004  0.00149124
           6    0.050152   0.0495257  0.00124795
           7    0.052186   0.0499057  0.00112606
           8    0.043314   0.0490818  0.00125095
           9    0.055342   0.0497773  0.00129094
          10    0.046994    0.049499  0.00119147
          11    0.055976   0.0500878  0.00122001
          12    0.050328   0.0501078   0.0011185
          13    0.044428   0.0496709  0.00111453
          14    0.052132   0.0498467   0.0010487
          15    0.050762   0.0499077 0.000980557
          16    0.053346   0.0501226 0.000942526
          17    0.050906   0.0501687 0.000888209
          18    0.055682    0.050475  0.00089011
          19    0.047194   0.0503023  0.00085985
          20    0.044642   0.0500193 0.000862177
           1    0.044562    0.044562           0
           2    0.041526    0.043044  0.00107339
           3    0.046158    0.044082  0.00110922
           4     0.05231    0.046139  0.00196609
           5    0.037474    0.044406  0.00220829
           6    0.040406   0.0437393  0.00193827
           7     0.05189   0.0449037  0.00198047
           8     0.03106   0.0431733  0.00237132
           9     0.04679   0.0435751  0.00214162
          10    0.041314    0.043349  0.00193936
          11    0.033968   0.0424962  0.00194153
          12    0.042726   0.0425153  0.00177983
          13    0.039236   0.0422631   0.0016607
          14     0.03886     0.04202  0.00155977
          15    0.040092   0.0418915  0.00146107
          16    0.043334   0.0419816  0.00137253
          17    0.041604   0.0419594  0.00129197
          18     0.05068   0.0424439  0.00130788
          19     0.03838     0.04223  0.00125642
          20    0.042406   0.0422388  0.00119363
           1    0.041344    0.041344           0
           2    0.040388    0.040866 0.000337997
           3    0.036154   0.0392953  0.00130209
           4    0.045714      0.0409   0.0016985
           5    0.043786   0.0414772  0.00145357
           6    0.038426   0.0409687  0.00129722
           7    0.039064   0.0406966  0.00114008
           8    0.039976   0.0406065  0.00100112
           9    0.037718   0.0402856 0.000939924
          10     0.03462    0.039719  0.00100224
          11      0.0347   0.0392627  0.00100966
          12    0.034696   0.0388822  0.00099466
          13    0.046946   0.0395025  0.00109461
          14    0.038496   0.0394306  0.00101878
          15    0.033396   0.0390283  0.00102723
          16    0.035924   0.0388343 0.000981176
          17    0.038268   0.0388009 0.000924025
          18    0.040134    0.038875 0.000875653
          19    0.033832   0.0386096 0.000868861
          20     0.03615   0.0384866 0.000834076
           1    0.040966    0.040966           0
           2    0.036334     0.03865  0.00163766
           3    0.032792   0.0366973  0.00193233
           4    0.038654   0.0371865   0.0015099
           5    0.041214    0.037992  0.00140646
           6    0.033634   0.0372657   0.0013466
           7    0.042802   0.0380566   0.0013669
           8     0.03554    0.037742   0.0012317
           9    0.030282   0.0369131  0.00134514
          10    0.028198   0.0360416  0.00146601
          11     0.02731   0.0352478  0.00153265
          12    0.027054    0.034565  0.00154958
          13    0.036458   0.0347106  0.00143721
          14    0.041464    0.035193  0.00141319
          15    0.032594   0.0350197  0.00132955
          16    0.035666   0.0350601  0.00124707
          17     0.03235   0.0349007  0.00118386
          18    0.035742   0.0349474  0.00111901
          19    0.035286   0.0349653  0.00106026
          20    0.030292   0.0347316  0.00103267
           1    0.029082    0.029082           0
           2      0.0311    0.030091 0.000713471
           3     0.02612   0.0287673  0.00118081
           4     0.03212   0.0296055  0.00114507
           5    0.037268    0.031138  0.00164864
           6    0.032868   0.0314263  0.00139885
           7    0.024376   0.0304191  0.00151893
           8    0.033834    0.030846  0.00138775
           9       0.022   0.0298631  0.00154285
          10    0.020492    0.028926  0.00164878
          11     0.02713   0.0287627  0.00150695
          12    0.027048   0.0286198  0.00138813
          13    0.024944   0.0283371  0.00130983
          14    0.035638   0.0288586    0.001316
          15    0.031896   0.0290611  0.00124375
          16    0.026452    0.028898  0.00117665
          17    0.031048   0.0290245  0.00111422
          18    0.032526    0.029219  0.00106916
          19    0.031512   0.0293397  0.00101968
          20    0.030334   0.0293894 0.000969905
           1    0.024498    0.024498           0
           2    0.025734    0.025116 0.000436992
           3      0.0224   0.0242107 0.000794538
           4    0.034746   0.0268445  0.00235752
           5    0.034934   0.0284624  0.00237721
           6    0.031204   0.0289193  0.00202445
           7     0.02352    0.028148  0.00187644
           8    0.031522   0.0285698  0.00168862
           9    0.027908   0.0284962  0.00150259
          10    0.022804    0.027927  0.00145617
          11    0.025722   0.0277265  0.00133751
          12    0.024776   0.0274807  0.00124845
          13     0.03045   0.0277091  0.00117312
          14    0.028996    0.027801  0.00109292
          15    0.025696   0.0276607  0.00102903
          16    0.027038   0.0276218 0.000965453
          17    0.030598   0.0277968   0.0009244
          18     0.02665   0.0277331 0.000875237
          19    0.032768   0.0279981 0.000868362
          20    0.029636     0.02808 0.000828796
           1    0.909266    0.909266           0
           2     0.93486    0.922063  0.00904885
           3    0.929298    0.924475  0.00634581
           4    0.931936     0.92634  0.00502604
           5    0.917664    0.924605  0.00430997
           6    0.882644    0.917611  0.00732509
           7    0.923458    0.918447  0.00632609
           8    0.740412    0.896192   0.0215404
           9    0.926922    0.899607   0.0194157
          10    0.894476    0.899094   0.0174809
          11    0.937438    0.902579   0.0162356
          12    0.955444    0.906985   0.0154688
          13    0.926462    0.908483   0.0143512
          14    0.948022    0.911307   0.0136012
          15     0.87439    0.908846   0.0129152
          16    0.943418    0.911007   0.0122874
          17     0.89684    0.910174   0.0115929
          18    0.785986    0.903274   0.0128387
          19    0.876614    0.901871   0.0122394
          20    0.910828    0.902319   0.0116356
           1    0.711928    0.711928           0
           2     0.80573    0.758829    0.033164
           3    0.670234    0.729297   0.0327145
           4     0.66402    0.712978   0.0283152
           5    0.719604    0.714303   0.0226831
           6     0.76033    0.721974    0.020158
           7    0.728538    0.722912   0.0173001
           8    0.720432    0.722602   0.0151404
           9    0.603274    0.709343   0.0183679
          10    0.560078    0.694417   0.0217669
          11    0.714642    0.696255   0.0198656
          12    0.753674     0.70104   0.0187776
          13    0.673602     0.69893   0.0174514
          14    0.734568    0.701475   0.0163894
          15    0.693506    0.700944   0.0153054
          16    0.779712    0.705867   0.0151199
          17    0.789496    0.710786   0.0150094
          18    0.559242    0.702367   0.0163674
          19    0.735186    0.704095   0.0155968
          20    0.733298    0.705555   0.0148851
           1    0.496004    0.496004           0
           2    0.551318    0.523661   0.0195565
           3    0.433134    0.493485   0.0278752
           4    0.423858    0.476079   0.0257745
           5    0.480836     0.47703   0.0206372
           6     0.47143    0.476097   0.0172187
           7     0.44917     0.47225   0.0151825
           8    0.511036    0.477098   0.0140375
           9     0.37188    0.465407   0.0166489
          10    0.429866    0.461853   0.0153587
          11    0.497526    0.465096   0.0143007
          12    0.454166    0.464185    0.013138
          13    0.450514    0.463134   0.0121694
          14    0.484646     0.46467   0.0113967
          15    0.395266    0.460043    0.011538
          16     0.33867    0.452458   0.0130749
          17    0.471394    0.453571   0.0123532
          18    0.425014    0.451985   0.0117683
          19    0.355122    0.446887   0.0122033
          20    0.436518    0.446368   0.0116042
           1     0.29663     0.29663           0
           2    0.353504    0.325067    0.020108
           3    0.292366    0.314167   0.0160908
           4    0.248202    0.297676   0.0186978
           5    0.270116    0.292164   0.0157497
           6    0.250404    0.285204   0.0145817
           7     0.32516    0.290912   0.0135699
           8    0.288456    0.290605   0.0118772
           9    0.263642    0.287609   0.0109288
          10    0.314074    0.290255   0.0101513
          11    0.316272    0.292621  0.00949997
          12     0.30891    0.293978  0.00880476
          13    0.290328    0.293697  0.00813195
          14    0.312628    0.295049  0.00766269
          15     0.25827    0.292597  0.00753394
          16    0.229208    0.288636  0.00803754
          17    0.320554    0.290513  0.00778095
          18    0.267276    0.289222    0.007455
          19    0.283972    0.288946  0.00706775
          20     0.25372    0.287185  0.00693035
           1    0.201288    0.201288           0
           2     0.25673    0.229009   0.0196017
           3    0.184176    0.214065   0.0178789
           4    0.177668    0.204966   0.0155532
           5     0.16598    0.197168   0.0142637
           6    0.184728    0.195095   0.0120362
           7    0.227208    0.199683   0.0111568
           8    0.191362    0.198643  0.00981056
           9    0.176628    0.196196  0.00902028
          10    0.212228      0.1978  0.00825949
          11     0.19647    0.197679  0.00750951
          12    0.216632    0.199258  0.00704786
          13    0.211456    0.200196  0.00656788
          14    0.208378    0.200781  0.00612469
          15    0.209502    0.201362   0.0057439
          16    0.156268    0.198544   0.0060369
          17    0.198886    0.198564  0.00568182
          18    0.184956    0.197808  0.00541622
          19    0.182756    0.197016  0.00518877
          20    0.196494     0.19699   0.0049294
           1     0.13637     0.13637           0
           2     0.18806    0.162215   0.0182752
           3     0.13293    0.152453    0.014559
           4    0.132056    0.147354   0.0117784
           5    0.127502    0.143384   0.0100697
           6    0.158146    0.145844  0.00868683
           7    0.156706    0.147396  0.00758318
           8    0.167522    0.149911  0.00704024
           9    0.136804    0.148455  0.00640686
          10    0.152972    0.148907  0.00578207
          11     0.12776    0.146984  0.00556685
          12    0.165668    0.148541  0.00531622
          13    0.183326    0.151217  0.00553988
          14    0.143686    0.150679  0.00517023
          15    0.138446    0.149864  0.00488944
          16    0.128482    0.148527  0.00476297
          17    0.137544    0.147881  0.00452641
          18     0.13996    0.147441  0.00429628
          19    0.141312    0.147119  0.00408225
          20    0.137648    0.146645   0.0039055
           1    0.109512    0.109512           0
           2     0.14419    0.126851   0.0122605
           3    0.091142    0.114948    0.012699
           4    0.102878     0.11193  0.00987622
           5    0.094302    0.108405  0.00850704
           6    0.108652    0.108446   0.0070893
           7    0.131688    0.111766  0.00680983
           8    0.117192    0.112444  0.00599228
           9    0.108712     0.11203   0.0053408
          10    0.109668    0.111794  0.00481194
          11    0.106698     0.11133  0.00439673
          12     0.11756    0.111849  0.00406087
          13     0.13402    0.113555  0.00409096
          14    0.108744    0.113211  0.00381316
          15    0.104116    0.112605  0.00360683
          16    0.096314    0.111587  0.00352219
          17    0.112624    0.111648  0.00331553
          18    0.100544    0.111031   0.0031882
          19    0.113298     0.11115  0.00302264
          20    0.090024    0.110094   0.0030505
           1    0.095112    0.095112           0
           2    0.123746    0.109429   0.0101236
           3    0.064218   0.0943587   0.0140343
           4    0.086582   0.0924145   0.0106595
           5    0.083024   0.0905364  0.00869148
           6     0.07267   0.0875587  0.00773619
           7     0.10675   0.0903003  0.00710022
           8    0.099066    0.091396  0.00629667
           9    0.083198   0.0904851  0.00566254
          10    0.083626   0.0897992  0.00513766
          11    0.096426   0.0904016  0.00470579
          12    0.090122   0.0903783   0.0043137
          13    0.114452   0.0922302  0.00436128
          14     0.07586   0.0910609  0.00420359
          15     0.08983   0.0909788  0.00392415
          16    0.086654   0.0907085  0.00368819
          17    0.093266   0.0908589  0.00347431
          18    0.081796   0.0903554  0.00331757
          19     0.09165   0.0904236  0.00314366
          20     0.07516   0.0896604  0.00307772
           1     0.07398     0.07398           0
           2    0.098806    0.086393  0.00877732
           3    0.049218   0.0740013    0.011688
           4    0.081934   0.0759845  0.00893267
           5    0.073042    0.075396  0.00716549
           6    0.066882    0.073977  0.00611013
           7     0.08911   0.0761389  0.00560668
           8     0.07244   0.0756765  0.00492487
           9    0.065866   0.0745864  0.00449668
          10     0.05904   0.0730318  0.00430738
          11    0.073496    0.073074  0.00391601
          12     0.07799   0.0734837  0.00361104
          13    0.090624   0.0748022  0.00356586
          14    0.070808   0.0745169  0.00332255
          15     0.07255   0.0743857  0.00310363
          16    0.063166   0.0736845  0.00298782
          17    0.065704   0.0732151  0.00284871
          18    0.070866   0.0730846  0.00269343
          19    0.080638   0.0734821  0.00258085
          20    0.058532   0.0727346  0.00255777
           1     0.05446     0.05446           0
           2    0.080246    0.067353  0.00911673
           3    0.041876   0.0588607  0.00922061
           4    0.061106    0.059422  0.00693252
           5    0.053196   0.0581768  0.00565674
           6    0.056746   0.0579383  0.00471898
           7    0.076068   0.0605283  0.00470216
           8    0.061556   0.0606568  0.00411614
           9    0.056036   0.0601433  0.00369068
          10    0.050888   0.0592178   0.0034357
          11    0.063236   0.0595831  0.00314272
          12    0.058588   0.0595002  0.00288192
          13     0.07891   0.0609932  0.00302235
          14    0.058338   0.0608036  0.00281241
          15     0.06484   0.0610727  0.00263776
          16     0.05676   0.0608031  0.00248664
          17    0.058898   0.0606911  0.00234289
          18    0.062616    0.060798  0.00221517
          19    0.064702   0.0610035  0.00210809
          20    0.048752   0.0603909  0.00208979
           1    0.045008    0.045008           0
           2    0.073202    0.059105  0.00996808
           3    0.037694    0.051968   0.0088385
           4    0.054466   0.0525925   0.0066509
           5    0.040648   0.0502036  0.00573372
           6    0.050586   0.0502673  0.00477845
           7    0.060304   0.0517011  0.00430556
           8     0.04757   0.0511848  0.00379821
           9    0.049118   0.0509551  0.00338312
          10    0.042182   0.0500778  0.00315651
          11    0.054522   0.0504818  0.00289529
          12    0.052844   0.0506787   0.0026607
          13    0.058696   0.0512954   0.0025265
          14     0.04905    0.051135  0.00235112
          15    0.053934   0.0513216  0.00220177
          16    0.051286   0.0513194  0.00206416
          17    0.054178   0.0514875  0.00194958
          18    0.058626   0.0518841  0.00188117
          19    0.053716   0.0519805  0.00178463
          20     0.03692   0.0512275  0.00184745
           1    0.036582    0.036582           0
           2     0.06016    0.048371  0.00833608
           3    0.033994   0.0435787  0.00679673
           4    0.047892    0.044657  0.00518238
           5    0.039818   0.0436892  0.00423531
           6    0.041752   0.0433663  0.00354171
           7    0.050898   0.0444423  0.00319501
           8    0.044498   0.0444493  0.00279564
           9    0.045384   0.0445531  0.00248694
          10     0.03436   0.0435338  0.00243821
          11    0.042146   0.0434076  0.00221981
          12    0.045016   0.0435417  0.00203887
          13    0.048986   0.0439605  0.00192456
          14    0.042428    0.043851  0.00179021
          15     0.04942   0.0442223  0.00170892
          16    0.043832   0.0441979  0.00160229
          17    0.046446   0.0443301  0.00151348
          18    0.046352   0.0444424  0.00143356
          19    0.046672   0.0445598  0.00136291
          20    0.027508   0.0437072   0.0015385
           1    0.033962    0.033962           0
           2     0.05416    0.044061  0.00714107
           3     0.02812   0.0387473   0.0064411
           4    0.043564   0.0399515   0.0049421
           5    0.035532   0.0390676  0.00403195
           6     0.03364    0.038163  0.00345995
           7    0.042684   0.0388089  0.00302535
           8    0.037198   0.0386075  0.00265387
           9    0.042868   0.0390809  0.00240085
          10    0.034308   0.0386036   0.0022077
          11    0.039572   0.0386916  0.00200875
          12    0.041926   0.0389612  0.00185935
          13     0.04134   0.0391442   0.0017253
          14    0.039198    0.039148  0.00160207
          15    0.043406   0.0394319  0.00152021
          16    0.040052   0.0394706  0.00142569
          17     0.04102   0.0395618  0.00134473
          18    0.038456   0.0395003  0.00127143
          19     0.04022   0.0395382  0.00120508
          20     0.02691   0.0389068  0.00129976
           1    0.029046    0.029046           0
           2     0.04628    0.037663  0.00609314
           3    0.023768   0.0330313  0.00554997
           4    0.039174    0.034567  0.00436977
           5    0.029752    0.033604  0.00360037
           6    0.031472   0.0332487  0.00301779
           7    0.041426   0.0344169  0.00280368
           8    0.033786    0.034338  0.00245433
           9    0.038048   0.0347502  0.00221597
          10     0.03041   0.0343162  0.00203644
          11    0.035676   0.0344398  0.00185505
          12    0.034564   0.0344502  0.00170049
          13    0.036146   0.0345806  0.00157468
          14    0.035726   0.0346624  0.00146433
          15    0.036634   0.0347939  0.00137259
          16    0.034598   0.0347816  0.00128686
          17    0.037624   0.0349488  0.00122198
          18    0.032052   0.0347879  0.00116464
          19    0.036796   0.0348936  0.00110813
          20    0.023632   0.0343305  0.00118719
           1     0.02605     0.02605           0
           2    0.041498    0.033774  0.00546169
           3    0.021122   0.0295567   0.0050115
           4    0.031868   0.0301345  0.00379179
           5    0.023412     0.02879   0.0032631
           6     0.02536   0.0282183  0.00276888
           7    0.039732   0.0298631  0.00281985
           8    0.032002   0.0301305  0.00248001
           9     0.03539   0.0307149  0.00227227
          10    0.029064   0.0305498  0.00205103
          11    0.030408   0.0305369  0.00186461
          12    0.030394    0.030525  0.00170926
          13    0.033488   0.0307529  0.00159291
          14     0.02997    0.030697  0.00148011
          15    0.032474   0.0308155  0.00138617
          16     0.03097   0.0308251  0.00129957
          17    0.033396   0.0309764  0.00123189
          18    0.026968   0.0307537  0.00118341
          19    0.033198   0.0308823  0.00112809
          20    0.020596    0.030368  0.00118314
           1    0.023512    0.023512           0
           2    0.038638    0.031075  0.00534785
           3     0.01903     0.02706  0.00484331
           4     0.02888    0.027515   0.0036538
           5    0.018548   0.0257216  0.00333424
           6    0.020472   0.0248467  0.00289105
           7     0.03804   0.0267314  0.00303077
           8    0.028176    0.026912   0.0026573
           9    0.032966   0.0275847   0.0024457
          10    0.024288    0.027255  0.00222324
          11    0.024588   0.0270125   0.0020343
          12    0.027606    0.027062  0.00186538
          13    0.032044   0.0274452  0.00176081
          14     0.02739   0.0274413  0.00163505
          15     0.02921   0.0275592  0.00153029
          16    0.028962   0.0276469  0.00143715
          17    0.030482   0.0278136  0.00136226
          18    0.022262   0.0275052  0.00132103
          19    0.029492   0.0276098  0.00125563
          20     0.01976   0.0272173  0.00125269
