0.5  ,  -0.974375  ,  0.000926574   ,   -0.0888084   ,  0.0627476   ,   0.323796   ,   0.00806374  ,   79.2827  ,   0.898438
0.6  ,  -0.934607  ,  0.000852984   ,   -0.0139778   ,  0.0236059   ,   0.423433   ,   0.00397714  ,   44.0047  ,   0.606271
0.7  ,  -0.892183  ,  0.000848714   ,   -0.0100713   ,  0.0101982   ,   0.431597   ,   0.00321747  ,   24.5269  ,   0.417792
0.8  ,  -0.849064  ,  0.000425271   ,   0.0090083   ,  0.00737519   ,   0.444028   ,   0.00261275  ,   15.3546  ,   0.140786
0.9  ,  -0.804834  ,  0.000360044   ,   -0.0040317   ,  0.00479081   ,   0.438812   ,   0.00196118  ,   10.4124  ,   0.104573
1  ,  -0.762118  ,  0.000306195   ,   0.00015   ,  0.00312021   ,   0.420811   ,   0.00134102  ,   7.47228  ,   0.0403191
1.1  ,  -0.720884  ,  0.000336558   ,   0.0006366   ,  0.00228159   ,   0.398069   ,   0.00140503  ,   5.60349  ,   0.0387703
1.2  ,  -0.682917  ,  0.000316871   ,   0.0023708   ,  0.00193327   ,   0.368713   ,   0.00145187  ,   4.43318  ,   0.0235122
1.3  ,  -0.646442  ,  0.000239004   ,   0.0018168   ,  0.00176045   ,   0.34403   ,   0.000741635  ,   3.54458  ,   0.0142993
1.4  ,  -0.61288  ,  0.000342791   ,   -0.0005711   ,  0.00123058   ,   0.316423   ,   0.000944231  ,   2.92806  ,   0.0116584
1.5  ,  -0.582601  ,  0.000265541   ,   0.001471   ,  0.00122608   ,   0.293816   ,   0.00101575  ,   2.52497  ,   0.0107997
1.6  ,  -0.554529  ,  0.000276108   ,   0.0005731   ,  0.000939428   ,   0.270751   ,   0.000703462  ,   2.1761  ,   0.00712563
1.7  ,  -0.528345  ,  0.000339427   ,   0.0002872   ,  0.000754276   ,   0.24846   ,   0.000593619  ,   1.89894  ,   0.00667369
1.8  ,  -0.504675  ,  0.000316148   ,   0.0009903   ,  0.000906218   ,   0.229084   ,   0.000440403  ,   1.68506  ,   0.00786153
1.9  ,  -0.482665  ,  0.000279025   ,   -0.001299   ,  0.000936674   ,   0.212652   ,   0.000538125  ,   1.50753  ,   0.00530942
2  ,  -0.462366  ,  0.000272669   ,   0.0006879   ,  0.000906361   ,   0.196892   ,   0.000394354  ,   1.35979  ,   0.00490236
0.5  ,  -0.971976  ,  0.00110474   ,   -0.0047653   ,  0.072138   ,   0.340705   ,   0.00813218  ,   77.0579  ,   1.09879
0.6  ,  -0.934936  ,  0.00102448   ,   -0.0143955   ,  0.0354434   ,   0.411539   ,   0.00527342  ,   43.9083  ,   0.765175
0.7  ,  -0.891392  ,  0.000780178   ,   -0.0257609   ,  0.0121882   ,   0.425038   ,   0.00475393  ,   24.0872  ,   0.401753
0.8  ,  -0.848001  ,  0.000501015   ,   -0.013448   ,  0.0074363   ,   0.436487   ,   0.00303693  ,   15.0041  ,   0.15383
0.9  ,  -0.804691  ,  0.000410269   ,   -0.005281   ,  0.00481436   ,   0.432314   ,   0.00199599  ,   10.0382  ,   0.126181
1  ,  -0.76167  ,  0.000362415   ,   -0.0018596   ,  0.00384232   ,   0.415884   ,   0.0013236  ,   7.27554  ,   0.0665764
1.1  ,  -0.721333  ,  0.000429891   ,   -0.0016727   ,  0.00326393   ,   0.395086   ,   0.00107668  ,   5.56277  ,   0.0420638
1.2  ,  -0.682863  ,  0.00034841   ,   0.0018268   ,  0.00305073   ,   0.371664   ,   0.00122598  ,   4.40068  ,   0.0295857
1.3  ,  -0.646985  ,  0.000375883   ,   0.001867   ,  0.00233623   ,   0.342932   ,   0.000953095  ,   3.58558  ,   0.023637
1.4  ,  -0.613637  ,  0.000327029   ,   0.0006393   ,  0.00192387   ,   0.316678   ,   0.000870467  ,   2.96088  ,   0.0159861
1.5  ,  -0.582586  ,  0.000319428   ,   0.0013361   ,  0.00176809   ,   0.293528   ,   0.000823388  ,   2.49796  ,   0.0124446
1.6  ,  -0.554547  ,  0.000310395   ,   0.0005477   ,  0.00147702   ,   0.27011   ,   0.000689976  ,   2.16815  ,   0.00912884
1.7  ,  -0.528328  ,  0.000284292   ,   0.0005261   ,  0.00144582   ,   0.249749   ,   0.000853741  ,   1.88783  ,   0.00820601
1.8  ,  -0.504422  ,  0.000265922   ,   0.0009387   ,  0.00115465   ,   0.230276   ,   0.000840285  ,   1.67483  ,   0.00700498
1.9  ,  -0.482432  ,  0.000279397   ,   0.0003838   ,  0.00117681   ,   0.212766   ,   0.000668005  ,   1.49606  ,   0.00629346
2  ,  -0.462024  ,  0.000288071   ,   -8.58e-05   ,  0.00120311   ,   0.197181   ,   0.000603207  ,   1.35013  ,   0.00582514
0.5  ,  -1.00338  ,  0.000697086   ,   0.895529   ,  0.0106915   ,   0.265454   ,   0.00909683  ,   90.0524  ,   0.500365
0.6  ,  -0.962553  ,  0.0011942   ,   0.650279   ,  0.0150883   ,   0.487254   ,   0.00524952  ,   55.5458  ,   0.752315
0.7  ,  -0.912717  ,  0.000780791   ,   0.44515   ,  0.00894493   ,   0.52799   ,   0.00418684  ,   31.915  ,   0.331606
0.8  ,  -0.861886  ,  0.000684445   ,   0.285595   ,  0.00795049   ,   0.501653   ,   0.00395093  ,   18.7598  ,   0.208678
0.9  ,  -0.813521  ,  0.00038217   ,   0.20182   ,  0.00459855   ,   0.470451   ,   0.00213111  ,   11.9669  ,   0.101391
1  ,  -0.767739  ,  0.000392899   ,   0.145162   ,  0.0019909   ,   0.439169   ,   0.00140519  ,   8.22251  ,   0.0724791
1.1  ,  -0.725718  ,  0.000311496   ,   0.11188   ,  0.0024443   ,   0.411324   ,   0.00152751  ,   6.07259  ,   0.0393375
1.2  ,  -0.685686  ,  0.000316186   ,   0.0844235   ,  0.00179617   ,   0.378015   ,   0.000911161  ,   4.6789  ,   0.0282922
1.3  ,  -0.648826  ,  0.00030728   ,   0.0701103   ,  0.00177553   ,   0.349978   ,   0.000994001  ,   3.74491  ,   0.0159541
1.4  ,  -0.615173  ,  0.000314422   ,   0.0584096   ,  0.00137766   ,   0.321607   ,   0.000813174  ,   3.07569  ,   0.0176775
1.5  ,  -0.584377  ,  0.000287153   ,   0.0500193   ,  0.000862177   ,   0.297405   ,   0.000492979  ,   2.60341  ,   0.0119636
1.6  ,  -0.556479  ,  0.000330879   ,   0.0422388   ,  0.00119363   ,   0.273757   ,   0.000662906  ,   2.22223  ,   0.00757025
1.7  ,  -0.530074  ,  0.000320583   ,   0.0384866   ,  0.000834076   ,   0.250272   ,   0.000523823  ,   1.93754  ,   0.00898188
1.8  ,  -0.505998  ,  0.000285613   ,   0.0347316   ,  0.00103267   ,   0.23136   ,   0.000546768  ,   1.7086  ,   0.00506279
1.9  ,  -0.48362  ,  0.000303474   ,   0.0293894   ,  0.000969905   ,   0.213659   ,   0.000418778  ,   1.52495  ,   0.00530081
2  ,  -0.463383  ,  0.000237757   ,   0.02808   ,  0.000828796   ,   0.197936   ,   0.000466879  ,   1.37934  ,   0.00269253
0.5  ,  -1.00247  ,  0.000830516   ,   0.902319   ,  0.0116356   ,   0.27266   ,   0.01116  ,   89.5963  ,   0.619252
0.6  ,  -0.966104  ,  0.00119554   ,   0.705555   ,  0.0148851   ,   0.477564   ,   0.00621392  ,   57.4891  ,   0.718104
0.7  ,  -0.911874  ,  0.000811261   ,   0.446368   ,  0.0116042   ,   0.519447   ,   0.0042504  ,   31.8712  ,   0.404446
0.8  ,  -0.860949  ,  0.000599445   ,   0.287185   ,  0.00693035   ,   0.493614   ,   0.0035066  ,   18.4976  ,   0.212755
0.9  ,  -0.812999  ,  0.000503907   ,   0.19699   ,  0.0049294   ,   0.462897   ,   0.00303302  ,   11.7058  ,   0.116882
1  ,  -0.767431  ,  0.000375943   ,   0.146645   ,  0.0039055   ,   0.436308   ,   0.00195181  ,   8.15681  ,   0.0787519
1.1  ,  -0.725306  ,  0.0003958   ,   0.110094   ,  0.0030505   ,   0.407794   ,   0.00151624  ,   6.01825  ,   0.0458286
1.2  ,  -0.685929  ,  0.000301183   ,   0.0896604   ,  0.00307772   ,   0.379343   ,   0.00142199  ,   4.65745  ,   0.0338637
1.3  ,  -0.649387  ,  0.000349965   ,   0.0727346   ,  0.00255777   ,   0.349497   ,   0.0012186  ,   3.75313  ,   0.0247508
1.4  ,  -0.615257  ,  0.000250056   ,   0.0603909   ,  0.00208979   ,   0.321484   ,   0.000937791  ,   3.064  ,   0.0192523
1.5  ,  -0.584112  ,  0.000266055   ,   0.0512275   ,  0.00184745   ,   0.296811   ,   0.000965714  ,   2.57486  ,   0.0122351
1.6  ,  -0.555745  ,  0.000282688   ,   0.0437072   ,  0.0015385   ,   0.27272   ,   0.000767954  ,   2.21183  ,   0.0090066
1.7  ,  -0.529521  ,  0.000249039   ,   0.0389068   ,  0.00129976   ,   0.25158   ,   0.000830962  ,   1.9318  ,   0.00746082
1.8  ,  -0.505243  ,  0.000260391   ,   0.0343305   ,  0.00118719   ,   0.23223   ,   0.000817075  ,   1.7006  ,   0.00703367
1.9  ,  -0.483283  ,  0.000266103   ,   0.030368   ,  0.00118314   ,   0.214065   ,   0.000675031  ,   1.51702  ,   0.00703329
2  ,  -0.462829  ,  0.000282943   ,   0.0272173   ,  0.00125269   ,   0.197874   ,   0.000677236  ,   1.36425  ,   0.00581057
