32.2167,39.5578
30.7011,34.76
29.0461,32.0003
26.0718,29.9436
25.438,28.1007
24.3864,26.2612
23.3813,24.8957
22.645,23.8718
21.3959,22.9818
19.4924,22.0079
19.3364,20.8679
19.1648,20.0784
18.6754,19.4011
16.5716,19.11
16.3419,18.2089
16.9978,17.4912
15.9686,17.4672
14.7077,17.2912
16.0078,16.7566
15.9675,16.4525
15.0205,16.1234
15.4101,16.2701
15.2324,15.9314
15.85,16.0624
14.665,15.9041
14.766,15.8149
14.9091,15.5135
13.9639,15.743
13.6973,15.2005
13.6973,14.3218
13.6303,13.772
13.7016,14.0621
13.6116,14.2365
13.7016,14.036
13.5691,14.3298
12.6418,13.8405
13.4643,14.2715
13.3843,13.6425
13.1723,13.5424
13.3969,13.6571
13.3069,13.722
13.095,13.5457
13.3069,13.6234
13.005,13.4426
12.1953,13.2053
11.8968,12.852
11.8968,12.5424
11.8911,12.538
11.8911,12.5876
11.8911,11.9688
11.8911,11.9122
11.8911,12.0452
11.8911,12.0764
11.1368,12.0079
11.8911,12.341
11.8911,11.9745
11.8911,12.7034
11.8911,12.0156
11.8911,11.953
11.7031,12.0317
11.8911,12.2089
11.7031,12.2567
11.8911,12.0357
11.8911,12.4432
11.8911,12.4741
11.8911,12.1673
11.8894,12.062
11.8911,12.0639
11.8911,12.1236
11.8911,11.8976
11.8421,12.1339
11.8894,12.0538
11.8911,11.942
11.8911,12.2247
11.7031,12.0133
11.8894,12.2391
11.8894,11.9443
11.7628,12.1544
11.8894,12.2936
11.8894,12.461
11.7013,12.0283
11.7628,12.0874
11.674,12.2393
11.7013,11.9602
11.6997,11.9561
11.7013,11.7416
11.7013,11.908
11.7013,12.062
11.2087,11.9872
11.6997,11.7661
11.5383,11.8861
11.2996,11.9819
11.6758,11.8661
11.6997,12.1237
11.6997,11.7312
11.5383,12.1221
11.6758,11.7774
11.6997,12.2684
11.6997,12.2591
11.6997,11.8272
11.5383,11.9289
11.6997,12.0867
11.6997,12.0093
11.6997,11.8531
11.6997,12.2222
11.6997,11.8254
11.6997,11.8999
11.6997,12.065
11.6997,11.8559
11.6997,12.3475
11.6997,11.8094
11.6997,11.7197
11.5383,11.8797
11.2996,11.8608
11.6758,11.7361
11.6758,12.4439
11.6758,12.044
11.6758,11.7581
11.6758,11.7549
11.6758,12.0097
11.0447,11.802
11.6758,11.7743
11.0447,11.7476
11.6758,12.0728
11.6758,12.1492
11.6758,12.1949
11.6758,11.7897
11.6758,12.4091
11.6758,11.9439
11.6758,11.9439
11.6758,12.0215
11.6758,11.9963
11.6758,11.7035
11.6758,12.0425
11.6758,11.9959
11.6758,11.7758
11.6758,11.9727
11.6758,12.0603
11.6758,11.9306
11.0447,11.932
11.0447,11.634
11.0447,11.1357
11.0447,11.3383
11.0447,11.3174
11.0447,11.4778
11.0447,11.3069
11.0447,11.3789
11.0447,11.1034
11.0447,11.1449
11.0447,11.2558
11.0447,11.2707
11.0447,11.4487
11.0447,11.1778
11.0447,11.605
10.8172,11.1615
11.0447,11.2685
11.0447,11.669
11.0447,11.5468
11.0447,11.4152
11.0447,11.1816
11.0447,11.4378
11.0447,11.2676
11.0447,11.6187
11.0447,11.3399
11.0447,11.1457
11.0447,11.4623
11.0447,11.1247
11.0447,11.4775
11.0447,11.2316
11.0447,11.4425
11.0447,11.1122
11.0447,11.7214
10.8172,11.3257
11.0447,11.4953
11.0447,11.264
11.0447,11.1068
11.0447,11.1787
11.0447,11.2475
11.0447,11.1049
11.0447,11.0453
11.0447,11.3917
11.0447,11.2767
11.0447,11.6052
10.8172,11.4798
11.0447,11.4439
10.8172,11.1503
11.0447,11.1869
11.0447,11.4808
11.0447,11.4794
11.0447,11.3619
11.0447,11.3655
11.0447,11.1492
11.0447,11.2516
11.0447,11.0635
11.0447,11.3228
11.0447,11.4397
11.0447,11.1054
10.8172,11.5768
11.0447,11.3381
11.0447,11.1938
11.0447,11.2341
10.8172,11.5337
11.0447,11.425
10.8172,11.457
11.0447,11.1956
11.0447,11.2836
11.0447,11.2517
11.0447,11.145
11.0447,11.2381
11.0447,11.3277
11.0447,11.0915
11.0447,11.4641
11.0447,11.4064
11.0447,11.2682
11.0447,11.5402
11.0447,11.1862
11.0447,11.0871
11.0447,11.6824
11.0447,11.0715
11.0447,11.3875
11.0447,11.4701
11.0447,11.3331
11.0447,11.291
11.0447,11.64
11.0447,11.2755
11.0447,11.2832
11.0447,11.4545
11.0447,11.5213
11.0447,11.236
11.0447,11.2449
11.0447,11.2374
11.0447,11.7553
10.8172,11.4443
11.0447,11.0506
11.0447,11.269
11.0447,11.2201
10.8172,11.4788
11.0447,11.494
11.0447,11.3377
11.0447,11.3048
11.0447,11.2934
11.0447,11.5461
10.8172,11.2337
11.0447,11.3193
11.0447,11.1812
11.0447,11.1732
11.0447,11.1678
11.0447,11.1897
11.0447,11.2769
11.0447,11.7435
10.8172,11.1959
10.8172,11.2188
11.0447,11.2203
11.0447,11.473
11.0447,11.6396
11.0447,11.123
11.0447,11.244
11.0447,11.2571
11.0447,11.203
11.0447,11.4169
11.0447,11.3424
11.0447,11.1659
11.0447,11.1942
11.0447,11.205
11.0447,11.314
11.0447,11.3939
11.0447,11.195
11.0447,11.1825
11.0447,11.0749
11.0447,11.3877
11.0447,11.2457
11.0447,11.1812
10.8172,11.5342
11.0447,11.4692
11.0447,11.2058
11.0447,11.2779
11.0447,11.4901
11.0447,11.0689
11.0447,11.6064
11.0447,11.5438
11.0447,11.6335
11.0447,11.4913
11.0447,11.0627
11.0447,11.8976
11.0447,11.1453
11.0447,11.1317
10.8172,11.3461
10.8172,11.0969
10.8172,11.1358
10.8172,10.8243
10.8172,10.9452
10.8172,10.9499
10.8172,10.9413
10.8172,11.3793
10.8172,11.0362
10.8172,10.9294
10.8172,10.8227
10.8172,11.0629
10.8172,10.9232
10.8172,11.1988
10.8172,11.1851
10.8172,10.9265
10.8172,11.3096
10.8172,11.2196
10.8172,11.0677
10.8172,10.9511
10.8172,10.9283
10.8172,11.4204
10.8172,10.9878
10.8172,10.9621
10.8172,10.9891
10.8172,10.9466
10.8172,10.9417
10.8172,10.9497
10.8172,11.1462
10.8172,11.5236
10.8172,10.8843
10.8172,11.1353
10.8172,10.8865
10.8172,10.9578
10.8172,11.0432
10.8172,11.0112
10.8172,10.834
10.8172,11.0607
10.8172,11.0077
10.8172,10.998
10.8172,10.934
10.8172,11.0739
10.8172,10.8584
10.8172,11.3715
10.8172,10.8348
10.8172,11.4017
10.8172,11.4289
10.8172,11.0407
10.8172,11.1291
10.8172,11.1086
10.8172,11.0997
10.8172,10.9067
10.8172,10.9621
10.8172,11.0392
10.8172,11.1494
10.8172,11.1077
10.8172,10.9204
10.8172,11.1082
10.8172,11.1518
10.8172,11.0215
10.8172,11.2307
10.8172,11.0196
10.8172,11.5191
10.8172,10.9382
10.8172,11.3427
10.8172,11.1198
10.8172,11.2457
10.8172,11.1729
10.8172,11.1094
10.8172,11.2257
10.8172,11.1116
10.8172,11.0877
10.8172,10.9215
10.8172,10.83
10.8172,10.959
10.8172,10.8876
10.8172,10.971
10.8172,11.0162
10.8172,10.9989
10.8172,11.0222
10.8172,11.0477
10.8172,11.4116
10.8172,11.3749
10.8172,11.3358
10.8172,11.1478
10.8172,10.8985
10.8172,10.9994
10.8172,11.1363
10.8172,11.251
10.8172,11.0651
10.8172,11.0199
10.8172,11.2026
10.8172,11.3136
10.8172,10.94
10.8172,10.9342
10.8172,11.4538
10.8172,11.1971
10.8172,11.0272
10.8172,10.9974
10.8172,11.018
10.8172,11.0663
10.8172,10.8463
10.8172,11.1415
10.8172,11.2295
10.8172,10.9954
10.8172,11.0435
10.8172,10.9958
10.8172,11.0045
10.8172,10.8288
10.8172,11.0303
10.8172,11.3775
10.8172,10.8958
10.8172,11.5336
10.8172,11.1287
10.8172,11.1139
10.8172,11.1198
10.8172,10.9224
10.8172,10.965
10.8172,11.1043
10.8172,11.036
10.8172,11.094
10.8172,10.9433
10.8172,11.2599
10.8172,11.0689
10.8172,11.2504
10.8172,11.0926
10.8172,11.0901
10.8172,11.0338
10.8172,11.2264
10.8172,11.0686
10.8172,10.9279
10.8172,11.0921
10.8172,11.2693
10.8172,10.9312
10.8172,11.0855
10.8172,11.2437
10.8172,11.3683
10.8172,11.0931
10.8172,10.9613
10.8172,11.2108
10.8172,11.1456
10.8172,11.2632
10.8172,11.2145
10.8172,11.2544
10.8172,10.8421
10.8172,11.33
10.8172,11.1071
10.8172,11.1007
10.8172,11.059
10.8172,11.0727
10.8172,10.9382
10.8172,10.863
10.8172,11.2201
10.8172,11.4029
10.8172,11.1499
10.8172,11.0586
10.8172,11.2862
10.8172,11.0825
10.8172,10.9278
10.8172,11.0548
10.8172,10.8763
10.8172,10.9121
10.8172,11.2164
10.8172,11.0602
10.8172,10.8281
10.8172,11.1672
10.8172,10.9703
10.8172,10.9405
10.8172,11.0786
10.8172,11.0763
10.8172,11.2402
10.8172,11.1717
10.8172,10.8513
10.8172,11.0074
10.8172,10.8367
10.8172,10.9537
10.8172,11.5551
10.8172,11.1473
10.8172,11.0688
10.8172,10.9361
10.8172,10.8599
10.8172,11.0005
10.8172,11.0122
10.8172,10.9517
10.8172,11.0281
10.8172,10.9479
10.8172,10.9766
10.8172,11.0524
10.8172,11.0432
10.8172,11.0446
10.8172,11.0377
10.8172,11.2682
10.8172,11.1115
10.8172,11.1825
10.8172,11.2327
10.8172,11.1287
10.8172,11.0438
10.8172,11.3577
10.8172,10.9308
10.8172,10.9024
10.8172,10.9692
10.8172,11.1592
10.8172,11.2444
10.8172,10.9293
10.8172,10.9265
10.8172,10.9854
10.8172,11.388
10.8172,11.0988
10.8172,11.1476
10.8172,10.8864
10.8172,10.8228
10.8172,10.8189
10.8172,11.1988
10.8172,11.2762
10.8172,11.1883
10.8172,10.8686
10.8172,10.8785
10.8172,11.1989
10.8172,10.8819
10.8172,10.9953
10.8172,11.0503
10.8172,11.3626
10.8172,11.1754
10.8172,11.0831
10.8172,11.1296
10.8172,11.22
10.8172,10.9394
10.8172,11.2256
10.8172,10.929
10.8172,11.1756
10.8172,11.0214
10.8172,11.9885
10.8172,11.0003
10.8172,11.3409
10.8172,11.0124
10.8172,11.1113
10.8172,11.1605
10.8172,10.8429
10.8172,11.1479
10.8172,11.0998
10.8172,10.9036
10.8172,11.242
10.8172,10.9163
10.8172,11.514
10.8172,10.8284
10.8172,11.0689
10.8172,11.3847
10.8172,11.29
10.8172,11.0036
10.8172,10.9785
10.8172,10.8525
10.8172,11.1105
10.8172,10.8609
10.8172,11.0993
10.8172,11.0393
10.8172,10.8899
10.8172,10.9081
10.8172,11.0652
10.8172,11.1169
10.8172,11.2168
10.8172,11.1347
10.8172,11.5186
10.8172,11.3704
10.8172,10.9206
10.8172,10.9123
10.8172,11.0029
10.8172,10.8377
10.8172,11.1227
10.8172,11.3314
10.8172,10.9569
10.8172,10.8458
10.8172,11.0364
10.8172,11.7312
10.8172,11.1249
10.8172,11.0633
10.8172,11.3131
10.8172,10.8637
10.8172,11.2987
10.8172,11.2813
10.8172,11.0732
10.8172,11.4201
10.8172,10.885
10.8172,11.5826
10.8172,11.1325
10.8172,10.9592
10.8172,11.0363
10.8172,10.9426
10.8172,10.94
10.8172,10.9772
10.8172,11.1306
10.8172,10.983
10.8172,10.965
10.8172,10.9256
10.8172,10.9373
10.8172,11.1985
10.8172,10.8866
10.8172,11.3142
10.8172,11.5532
10.8172,11.1498
10.8172,11.0553
10.8172,11.5455
10.8172,10.9721
10.8172,11.288
10.8172,10.9778
10.8172,10.9104
10.8172,11.111
10.8172,11.2408
10.8172,11.2188
10.8172,10.8181
10.8172,11.1361
10.8172,11.0321
10.8172,10.9155
10.8172,10.8349
10.8172,11.0228
10.8172,10.8592
10.8172,11.0018
10.8172,11.323
10.8172,11.095
10.8172,11.3903
10.8172,11.1937
10.8172,11.4005
10.8172,10.9571
10.8172,11.0986
10.8172,11.1494
10.8172,11.2285
10.8172,10.9794
10.8172,10.9845
10.8172,11.303
10.8172,10.8772
10.8172,10.9244
10.8172,11.0683
10.8172,10.8425
10.8172,10.8926
10.8172,11.0891
10.8172,11.2562
10.8172,11.0097
10.8172,11.1905
10.8172,10.9746
10.8172,11.1638
10.8172,10.9024
10.8172,11.1192
10.8172,11.1145
10.8172,10.9389
10.8172,11.5643
10.8172,10.9481
10.8172,11.0806
10.8172,11.0768
10.8172,11.0328
10.8172,11.1391
10.8172,11.5101
10.8172,10.9307
10.8172,11.6334
10.8172,11.0114
10.8172,10.8411
10.8172,10.9166
10.8172,10.9589
10.8172,10.8172
10.8172,10.9987
10.8172,10.9239
10.8172,11.0694
10.8172,11.0276
10.8172,10.8251
10.8172,10.9352
10.8172,11.0289
10.8172,11.1785
10.8172,10.9133
10.8172,10.9893
10.8172,11.287
10.8172,11.2418
10.8172,11.0118
10.8172,11.1343
10.8172,11.1891
10.8172,10.9155
10.8172,11.0708
10.8172,11.1752
10.8172,11.3202
10.8172,11.1797
10.8172,11.2799
10.8172,10.847
10.8172,11.4956
10.8172,10.9771
10.8172,11.158
10.8172,11.1497
10.8172,11.3152
10.8172,11.3299
10.8172,10.9245
10.8172,10.8943
10.8172,11.1716
10.8172,11.118
10.8172,11.4014
10.8172,11.0064
10.8172,11.2297
10.8172,11.2618
10.8172,11.5834
10.8172,11.0714
10.8172,11.3608
10.8172,11.5403
10.8172,10.8629
10.8172,11.2179
10.8172,10.9357
10.8172,11.5138
10.8172,11.1749
10.8172,11.1402
10.8172,11.0363
10.8172,10.9925
10.8172,10.9285
10.8172,11.0021
10.8172,11.0726
10.8172,10.9633
10.8172,11.0691
10.8172,11.2076
10.8172,10.8662
10.8172,11.2732
10.8172,10.93
10.8172,10.9802
10.8172,11.1693
10.8172,11.064
10.8172,11.0758
10.8172,11.1259
10.8172,11.4881
10.8172,11.3465
10.8172,11.4538
10.8172,11.1073
10.8172,11.172
10.8172,10.9328
10.8172,11.2718
10.8172,11.1572
10.8172,10.9792
10.8172,10.8562
10.8172,10.9663
10.8172,10.9536
10.8172,11.028
10.8172,11.3283
10.8172,10.8336
10.8172,11.1193
10.8172,11.13
10.8172,10.9455
10.8172,10.9797
10.8172,11.276
10.8172,10.9441
10.8172,10.9191
10.8172,10.8869
10.8172,11.05
10.8172,10.8801
10.8172,11.1188
10.8172,11.2567
10.8172,11.24
10.8172,11.1031
10.8172,10.8543
10.8172,10.9102
10.8172,11.2562
10.8172,10.8541
10.8172,11.0776
10.8172,11.1523
10.8172,11.0493
10.8172,11.3195
10.8172,11.032
10.8172,11.1487
10.8172,10.9076
10.8172,10.9641
10.8172,10.9604
10.8172,11.3413
10.8172,10.8863
10.8172,11.935
10.8172,11.3845
10.8172,10.8188
10.8172,11.1789
10.8172,10.8987
10.8172,11.3209
10.8172,11.231
10.8172,10.844
10.8172,10.9773
10.8172,11.1012
10.8172,10.9066
10.8172,11.0575
10.8172,10.8307
10.8172,10.9113
10.8172,11.5031
10.8172,11.0705
10.8172,11.4
10.8172,11.3133
10.8172,11.2891
10.8172,11.0244
10.8172,11.6586
10.8172,11.1163
10.8172,11.4448
10.8172,10.8703
10.8172,11.0613
10.8172,11.2881
10.8172,11.199
10.8172,11.4501
10.8172,11.2559
10.8172,10.8312
10.8172,11.0058
10.8172,11.0818
10.8172,10.9241
10.8172,11.1613
10.8172,11.0988
10.8172,11.1878
10.8172,11.0051
10.8172,11.1481
10.8172,11.109
10.8172,11.2167
10.8172,11.239
10.8172,11.1218
10.8172,11.2319
10.8172,11.0251
10.8172,11.107
10.8172,10.9133
10.8172,11.2063
10.8172,10.9767
10.8172,11.013
10.8172,11.1083
10.8172,11.0081
10.8172,10.9164
10.8172,11.3235
10.8172,11.1031
10.8172,11.1541
10.8172,11.0537
10.8172,11.2728
10.8172,10.9154
10.8172,11.1021
10.8172,10.8751
10.8172,10.9359
10.8172,11.1581
10.8172,11.0507
10.8172,11.3385
10.8172,10.8463
10.8172,11.164
10.8172,11.1536
10.8172,11.1602
10.8172,10.8742
10.8172,11.6872
10.8172,10.8446
10.8172,11.2917
10.8172,11.196
10.8172,11.0217
10.8172,11.7003
10.8172,11.2274
10.8172,10.9676
10.8172,11.0937
10.8172,11.367
10.8172,10.9986
10.8172,11.2626
10.8172,10.8357
10.8172,11.2653
10.8172,11.0796
10.8172,10.9026
10.8172,11.1422
10.8172,10.8755
10.8172,10.9807
10.8172,10.8442
10.8172,10.9339
10.8172,10.86
10.8172,11.3476
10.8172,10.989
10.8172,11.1381
10.8172,11.2682
10.8172,11.0491
10.8172,11.0298
10.8172,11.3746
10.8172,11.0939
10.8172,11.2969
10.8172,11.0332
10.8172,11.2653
10.8172,11.2269
10.8172,11.314
10.8172,10.916
10.8172,10.9602
10.8172,11.5664
10.8172,10.992
10.8172,10.9233
10.8172,10.8776
10.8172,11.1476
10.8172,11.3313
10.8172,11.1268
10.8172,10.9756
10.8172,11.1275
10.8172,10.9779
10.8172,11.2851
10.8172,11.0765
10.8172,11.2599
10.8172,11.1033
10.8172,11.0857
10.8172,11.0684
10.8172,10.8801
10.8172,11.1655
10.8172,11.0181
10.8172,10.9202
10.8172,10.8716
10.8172,11.1167
10.8172,11.1595
10.8172,10.868
10.8172,11.1626
10.8172,10.8952
10.8172,10.9502
10.8172,10.8868
10.8172,11.0106
10.8172,10.8917
10.8172,11.0279
10.8172,11.0915
10.8172,11.381
10.8172,11.1829
10.8172,10.9054
10.8172,11.4133
10.8172,11.2528
10.8172,11.3798
10.8172,11.3551
10.8172,11.1634
10.8172,10.9076
10.8172,11.0395
10.8172,11.1421
10.8172,11.0718
10.8172,10.8254
10.8172,11.1396
10.8172,11.2826
10.8172,10.9022
10.8172,10.8172
10.8172,11.1491
10.8172,11.2302
10.8172,10.8708
10.8172,10.8397
10.8172,11.0994
10.8172,11.3873
10.8172,11.0855
10.8172,11.0778
10.8172,10.9259
10.8172,11.4621
10.8172,10.9877
10.8172,11.2349
10.8172,11.2777
10.8172,11.0453
10.8172,11.2017
10.8172,11.2606
10.8172,10.9
10.8172,11.5162
10.8172,11.1944
10.8172,10.8172
10.8172,11.332
10.8172,11.0802
10.8172,10.83
10.8172,11.0279
10.8172,11.0527
10.8172,10.8378
10.8172,10.8306
10.8172,11.1203
10.8172,11.3451
10.8172,11.0379
10.8172,10.8172
10.8172,11.0198
10.8172,11.0574
10.8172,11.096
10.8172,11.2894
10.8172,11.3849
10.8172,10.9978
10.8172,11.1233
10.8172,10.9508
10.8172,11.1546
10.8172,11.0507
10.8172,11.4731
10.8172,11.3114
10.8172,11.1815
10.8172,11.1761
10.8172,11.1478
10.8172,11.0557
10.8172,10.9225
10.8172,10.8975
10.8172,11.0224
10.8172,10.9284
10.8172,10.9556
10.8172,11.0013
10.8172,10.8559
10.8172,10.92
10.8172,11.2198
10.8172,10.9703
10.8172,10.9892
10.8172,11.0741
10.8172,11.0394
10.8172,11.0359
10.8172,10.9412
10.8172,11.4027
10.8172,11.018
10.8172,11.1807
10.8172,11.0754
10.8172,11.0562
10.8172,11.1676
10.8172,10.9881
10.8172,10.9977
10.8172,11.0516
10.8172,10.9454
10.8172,10.8901
10.8172,11.3491
10.8172,11.1826
10.8172,10.8418
10.8172,11.6
10.8172,10.8212
10.8172,11.1234
10.8172,11.5838
10.8172,11.0946
10.8172,10.8575
10.8172,10.9071
10.8172,11.0307
10.8172,11.0442
10.8172,11.1463
10.8172,11.2841
10.8172,11.1918
10.8172,10.9811
10.8172,10.9554
10.8172,10.8177
10.8172,11.1659
10.8172,11.2282
10.8172,10.8198
10.8172,11.2217
10.8172,10.9641
10.8172,11.1383
10.8172,10.9001
10.8172,10.9467
10.8172,11.0703
10.8172,10.9377
10.8172,10.8238
10.8172,11.0581
10.8172,11.0427
10.8172,11.4465
10.8172,11.711
10.8172,10.9731
10.8172,11.3167
10.8172,10.9425
10.8172,10.9913
10.8172,11.061
10.8172,10.8435
10.8172,10.9106
10.8172,10.9443
10.8172,10.934
10.8172,11.2218
10.8172,11.0728
10.8172,10.9928
10.8172,10.9118
10.8172,11.0276
10.8172,10.9852
10.8172,10.976
10.8172,10.9787
10.8172,10.985
10.8172,11.2727
10.8172,10.98
10.8172,11.0132
10.8172,10.8622
10.8172,10.828
10.8172,11.0043
10.8172,11.0268
10.8172,10.9391
10.8172,11.7459
10.8172,10.844
10.8172,10.9023
10.8172,10.9144
10.8172,11.0978
10.8172,10.8593
10.8172,11.0094
10.8172,11.3237
10.8172,11.1979
10.8172,11.3588
10.8172,11.207
10.8172,10.8573
10.8172,11.2636
10.8172,10.8926
10.8172,11.0713
10.8172,11.0671
10.8172,10.9606
10.8172,11.0369
10.8172,11.1857
10.8172,10.818
10.8172,10.8689
10.8172,11.0611
10.8172,11.0108
10.8172,10.9059
10.8172,10.8989
10.8172,10.9808
10.8172,11.0399
10.8172,11.0743
10.8172,11.1205
10.8172,11.4153
10.8172,11.0086
10.8172,11.2673
10.8172,11.1166
10.8172,10.96
10.8172,10.8384
10.8172,11.2439
10.8172,11.0321
10.8172,11.1258
10.8172,11.1559
10.8172,11.2156
10.8172,10.9069
10.8172,11.8437
10.8172,10.9561
10.8172,11.2348
10.8172,10.8416
10.8172,10.9279
10.8172,11.0901
10.8172,11.2136
10.8172,10.9434
10.8172,11.1242
10.8172,10.94
10.8172,11.0148
10.8172,11.112
10.8172,10.871
10.8172,10.8889
10.8172,11.0262
10.8172,10.8658
10.8172,11.1972
10.8172,11.0716
10.8172,10.9822
10.8172,10.9978
10.8172,11.1638
10.8172,11.0685
10.8172,10.8733
10.8172,11.2847
10.8172,11.5116
10.8172,11.102
10.8172,11.1512
10.8172,11.0416
10.8172,11.4681
10.8172,11.0927
10.8172,10.9914
10.8172,11.2483
10.8172,11.0789
10.8172,10.8648
10.8172,11.6794
10.8172,10.8816
10.8172,10.8926
10.8172,11.1314
10.8172,11.4559
10.8172,11.2807
10.8172,10.9345
10.8172,11.1614
10.8172,11.2448
10.8172,10.9364
10.8172,11.1878
10.8172,11.0853
10.8172,11.2529
10.8172,11.3391
10.8172,11.3391
10.8172,11.134
10.8172,10.9348
10.8172,10.9076
10.8172,11.4107
10.8172,11.2128
10.8172,10.944
10.8172,11.0854
10.8172,11.0632
10.8172,10.8754
10.8172,11.1006
10.8172,10.9404
10.8172,10.9838
10.8172,11.282
10.2886,11.0753
10.8172,11.1125
10.8172,11.8777
10.8172,10.9712
10.8172,11.3636
10.8172,10.9832
10.8172,11.1898
10.8172,11.134
10.8172,11.089
10.8172,11.0233
10.8172,10.8917
10.8172,10.8939
10.8172,10.8469
10.8172,11.3336
10.8172,11.1128
10.8172,11.3439
10.8172,10.9153
10.8172,10.9893
10.8172,10.8663
10.8172,11.0273
10.8172,11.2006
10.8172,10.9635
10.8172,11.1224
10.8172,10.9127
10.8172,11.0008
10.8172,11.0806
10.8172,11.1278
10.8172,11.0554
10.8172,10.9161
10.8172,10.9232
10.8172,11.4091
10.8172,10.9034
10.8172,11.1015
10.8172,11.1619
10.8172,11.0127
10.8172,11.2554
10.8172,11.1866
10.8172,10.9059
10.8172,11.4888
10.8172,11.3919
10.8172,10.904
10.8172,10.9554
10.8172,10.987
10.8172,11.1563
10.8172,11.1486
10.8172,11.4136
10.8172,11.2111
10.8172,11.0061
10.8172,11.0063
10.8172,10.8701
10.8172,10.9975
10.8172,10.9801
10.8172,11.139
10.8172,11.2848
10.8172,10.9909
10.8172,10.9247
10.8172,10.9209
10.8172,11.1236
10.8172,10.996
10.8172,11.0299
10.8172,11.1877
10.8172,10.8692
10.8172,10.9202
10.8172,11.2021
10.8172,11.0214
10.8172,10.8188
10.8172,11.3455
10.8172,11.0452
10.8172,11.1582
10.8172,11.2532
10.8172,11.2448
10.8172,11.3826
10.8172,10.9301
10.8172,10.89
10.8172,10.838
10.8172,11.0982
10.8172,10.9107
10.8172,11.1996
10.8172,11.0356
10.8172,11.8122
10.8172,11.1544
10.8172,11.2567
10.8172,11.2822
10.8172,11.4926
10.8172,10.9759
10.8172,11.1743
10.8172,11.0034
10.8172,11.2491
10.8172,11.0516
10.8172,11.0599
10.8172,11.569
10.8172,11.5407
10.8172,11.0133
10.8172,11.2151
10.8172,11.3863
10.8172,10.858
10.8172,11.1547
10.8172,11.2511
10.8172,11.3164
10.8172,11.3142
10.8172,10.8556
10.8172,11.0508
10.8172,11.2945
10.8172,10.9574
10.8172,10.8209
10.8172,11.0316
10.8172,11.4925
10.8172,11.6232
10.8172,10.9493
10.8172,10.9385
10.8172,10.8671
10.8172,11.1704
10.8172,11.0844
10.8172,11.0793
10.8172,10.9863
10.8172,11.1691
10.8172,11.3159
10.8172,10.9744
10.8172,10.8887
10.8172,10.8569
10.8172,11.1225
10.8172,10.9874
10.8172,10.9998
10.8172,11.0431
10.8172,11.06
10.8172,11.2227
10.8172,11.0162
10.8172,11.0038
10.8172,11.0147
10.8172,11.1824
10.8172,10.9168
10.8172,11.129
10.8172,11.399
10.8172,11.1072
10.8172,10.9351
10.8172,11.1108
10.8172,11.0456
10.8172,10.8279
10.8172,11.03
10.8172,11.0093
10.8172,10.8993
10.8172,11.0794
10.8172,11.2588
10.8172,11.077
10.8172,10.9557
10.8172,10.8927
10.8172,11.5551
10.8172,10.8521
10.8172,10.9986
10.8172,10.9521
10.8172,10.9582
10.8172,11.0877
10.8172,10.893
10.8172,11.1675
10.8172,11.0486
10.8172,11.5537
10.8172,11.0265
10.8172,10.8525
10.8172,11.2442
10.8172,10.9048
10.8172,11.2093
10.8172,10.9418
10.8172,11.5482
10.8172,10.9504
10.8172,11.1953
10.8172,11.0984
10.8172,11.1049
10.8172,10.9724
10.8172,10.9205
10.8172,11.2357
10.8172,11.1965
10.8172,10.8585
10.8172,11.0186
10.8172,10.9467
10.8172,10.9827
10.8172,10.8418
10.8172,10.9959
10.8172,10.913
10.8172,11.0513
10.8172,10.9537
10.8172,11.1941
10.8172,10.9751
10.8172,11.3855
10.8172,11.3511
10.8172,10.9745
10.8172,11.3362
10.8172,10.9777
10.8172,11.1661
10.8172,10.9566
10.8172,10.9671
10.8172,11.008
10.8172,10.8953
10.8172,11.1189
10.8172,11.002
10.8172,10.9078
10.8172,10.9209
10.8172,11.2712
10.8172,11.2117
10.8172,11.337
10.8172,11.5023
10.8172,11.3278
10.8172,11.2597
10.8172,11.1265
10.8172,11.0163
10.8172,11.2195
10.8172,10.9615
10.8172,11.1901
10.8172,11.0732
10.8172,11.3335
10.8172,10.8536
10.8172,10.928
10.8172,10.9152
10.8172,11.0049
10.8172,11.3438
10.8172,11.034
10.8172,11.1439
10.8172,10.9024
10.8172,11.0512
10.8172,11.1203
10.8172,11.138
10.8172,11.0127
10.8172,10.9644
10.8172,10.8712
10.8172,11.5158
10.8172,11.0468
10.8172,10.8507
10.8172,11.0495
10.8172,10.9093
10.8172,11.1728
10.8172,11.0714
10.8172,11.3918
10.8172,11.7119
10.8172,11.1314
10.8172,11.1211
10.8172,11.4227
10.8172,11.1832
10.8172,11.4868
10.8172,10.8789
10.8172,11.2033
10.8172,10.8555
10.8172,11.2499
10.8172,11.2264
10.8172,11.278
10.8172,11.4746
10.8172,11.0746
10.8172,10.8864
10.8172,11.2606
10.8172,11.0549
10.8172,11.019
10.8172,11.1149
10.8172,11.2223
10.8172,10.8627
10.8172,10.8561
10.8172,11.1241
10.8172,11.2221
10.8172,11.3537
10.8172,11.359
10.8172,11.2561
10.8172,10.8594
10.8172,11.149
10.8172,10.9228
10.8172,11.373
10.8172,10.9633
10.8172,11.0152
10.8172,10.9546
10.8172,11.1716
10.8172,11.0366
10.8172,10.9201
10.8172,11.0225
10.8172,11.3195
10.8172,11.1808
10.8172,10.9065
10.8172,11.2623
10.8172,11.1386
10.8172,11.005
10.8172,11.1023
10.8172,11.0199
10.8172,11.0956
10.8172,11.2441
10.8172,11.1232
10.8172,11.0024
10.8172,10.8249
10.8172,11.4743
10.8172,11.2816
10.8172,10.8217
10.8172,11.2048
10.8172,10.8991
10.8172,11.1842
10.8172,11.1205
10.8172,10.8364
10.8172,11.0754
10.8172,10.9971
10.8172,10.977
10.8172,10.9127
10.8172,11.2306
10.8172,11.1332
10.8172,10.9269
10.8172,11.2746
10.8172,11.0938
10.8172,10.908
10.8172,10.9787
10.8172,11.1666
10.8172,10.837
10.8172,10.9093
10.8172,10.8697
10.8172,11.2409
10.8172,11.5562
10.8172,11.053
10.8172,10.9859
10.8172,10.8899
10.8172,10.8915
10.8172,11.1806
10.8172,10.9526
10.8172,11.3642
10.8172,11.2501
10.8172,11.0263
10.8172,11.0949
10.8172,10.9103
10.8172,11.246
10.8172,11.0336
10.8172,11.1141
10.8172,10.8282
10.8172,11.2697
10.8172,11.1362
10.8172,11.0956
10.8172,10.8562
10.8172,11.0653
10.8172,11.231
10.8172,11.1979
10.8172,11.5797
10.8172,11.337
10.8172,11.1195
10.8172,11.0203
10.8172,11.088
10.8172,11.077
10.8172,10.9194
10.8172,10.9748
10.8172,11.1109
10.8172,10.8333
10.8172,11.2022
10.8172,11.3835
10.8172,10.9095
10.8172,11.0024
10.8172,11.2426
10.8172,11.3078
10.8172,11.3704
10.8172,11.0853
10.8172,11.2031
10.8172,10.8895
10.8172,11.4653
10.8172,11.0804
10.8172,11.0845
10.8172,11.3159
10.8172,11.2905
10.8172,11.0053
10.8172,11.2383
10.8172,10.9312
10.8172,11.0008
10.8172,11.3168
10.8172,11.1714
10.8172,11.5636
10.8172,10.9025
10.8172,11.2439
10.8172,11.4381
10.8172,10.9764
10.8172,10.8875
10.8172,10.9349
10.8172,10.8607
10.8172,11.1336
10.8172,11.0741
10.8172,10.8215
10.8172,10.8924
10.8172,11.1584
10.8172,10.8786
10.8172,11.2169
10.8172,10.8444
10.8172,11.1773
10.8172,10.9904
10.8172,11.1705
10.8172,11.8012
10.8172,10.8172
10.8172,10.9357
10.8172,10.9972
10.8172,10.8469
10.8172,11.1261
10.8172,10.9254
10.8172,11.009
10.8172,10.9023
10.8172,11.2485
10.8172,10.8983
10.8172,11.5407
10.8172,11.0676
10.8172,11.3315
10.8172,11.5088
10.8172,11.2821
10.8172,11.0112
10.8172,11.0924
10.8172,11.2466
10.8172,11.3224
10.8172,11.1649
10.8172,11.1837
10.8172,11.4164
10.8172,10.8286
10.8172,11.2098
10.8172,11.009
10.8172,11.3363
10.8172,10.996
10.8172,11.0419
10.8172,10.9503
10.8172,10.9315
10.8172,11.5539
10.8172,11.2419
10.8172,11.0361
10.8172,10.858
10.8172,11.0895
10.8172,11.1449
10.8172,11.0521
10.8172,11.0399
10.8172,10.9122
10.8172,10.9981
10.8172,10.8172
10.8172,11.1891
10.8172,10.9834
10.8172,10.9752
10.8172,11.169
10.8172,10.8307
10.8172,10.9036
10.8172,10.9276
10.8172,11.1065
10.8172,10.8198
10.8172,11.2448
10.8172,11.004
10.8172,11.0304
10.8172,10.8872
10.8172,10.9064
10.8172,10.8621
10.8172,11.4239
10.8172,11.1927
10.8172,11.1361
10.8172,10.8837
10.8172,10.931
10.8172,10.9619
10.8172,11.0784
10.8172,11.1522
10.8172,11.075
10.8172,10.9444
10.8172,11.0378
10.8172,11.2929
10.8172,11.0728
10.8172,11.3428
10.8172,10.8474
10.8172,10.8328
10.8172,11.0793
10.8172,11.4796
10.8172,11.009
10.8172,11.0966
10.8172,10.9611
10.8172,10.8941
10.8172,11.0559
10.8172,11.398
10.8172,10.8926
10.8172,11.1921
10.8172,11.3035
10.8172,11.0769
10.8172,11.1479
10.8172,10.9008
10.8172,11.5445
10.8172,11.4167
10.8172,11.49
10.8172,11.1696
10.8172,10.9189
10.8172,11.1037
10.8172,11.2496
10.8172,10.949
10.8172,11.1717
10.8172,11.1624
10.8172,11.0773
10.8172,10.9488
10.8172,10.8813
10.8172,11.0963
10.8172,11.0911
10.8172,11.0459
10.8172,11.3715
10.8172,11.1771
10.8172,11.379
10.8172,11.2169
10.8172,10.8548
10.8172,11.3851
10.8172,11.0714
10.8172,10.8758
10.8172,10.9514
10.8172,10.9893
10.8172,11.0341
10.8172,11.0602
10.8172,11.1411
10.8172,11.1832
10.8172,11.0411
10.8172,11.2559
10.8172,10.8711
10.8172,10.8367
10.8172,10.9908
10.8172,10.9394
10.8172,10.861
10.8172,11.492
10.8172,10.8284
10.8172,11.0181
10.8172,11.1578
10.8172,10.9001
10.8172,10.9096
10.8172,11.1538
10.8172,10.8329
10.8172,11.2007
10.8172,11.0644
10.8172,10.8273
10.8172,11.1638
10.8172,10.9007
10.8172,10.9747
10.8172,10.9973
10.8172,11.2027
10.8172,11.2633
10.8172,11.0634
10.8172,11.1556
10.8172,11.2586
10.8172,10.8825
10.8172,10.907
10.8172,10.9967
10.8172,11.0065
10.8172,11.384
10.8172,10.8448
10.8172,11.1739
10.8172,11.1447
10.8172,11.4533
10.8172,11.0836
10.8172,11.3478
10.8172,10.924
10.8172,10.8979
10.8172,10.881
10.8172,10.9397
10.8172,11.286
10.8172,11.302
10.8172,11.4428
10.8172,11.5873
10.8172,10.9777
10.8172,10.8777
10.8172,11.0236
10.8172,10.9267
10.8172,10.9153
10.8172,10.904
10.8172,10.9965
10.8172,11.0746
10.8172,11.0094
10.8172,10.8335
10.8172,11.0515
10.8172,10.9838
10.8172,10.9533
10.8172,11.0258
10.8172,10.8339
10.8172,11.1016
10.8172,10.9247
10.8172,10.8773
10.8172,11.3256
10.8172,11.5515
10.8172,11.2349
10.8172,10.9184
10.8172,10.8727
10.8172,11.0288
10.8172,11.0202
10.8172,11.0374
10.8172,11.2506
10.8172,10.8745
10.8172,11.1666
10.8172,11.0892
10.8172,11.2966
10.8172,11.1256
10.8172,10.8976
10.8172,10.9851
10.8172,10.8741
10.8172,10.8679
10.8172,11.2373
10.8172,10.8928
10.8172,11.0975
10.8172,10.9713
10.8172,11.088
10.8172,11.1498
10.8172,11.1303
10.8172,11.188
10.8172,11.0766
10.8172,10.9898
10.8172,10.9356
10.8172,11.0367
10.8172,11.0833
10.8172,11.0188
10.8172,10.993
10.8172,11.1118
10.8172,10.868
10.8172,11.1432
10.8172,10.8229
10.8172,10.9902
10.8172,10.895
10.8172,11.1714
10.8172,10.8205
10.8172,11.2752
10.8172,11.1157
10.8172,11.2084
10.8172,10.9573
10.8172,10.9124
10.8172,10.8354
10.8172,11.3078
10.8172,10.8482
10.8172,10.9474
10.8172,10.8172
10.8172,11.1286
10.8172,10.943
10.8172,11.1862
10.8172,11.0884
10.8172,11.3634
10.8172,10.9516
10.8172,11.1975
10.8172,10.8367
10.8172,10.9268
10.8172,11.4729
10.8172,11.3755
10.8172,11.2623
10.8172,10.8569
10.8172,11.0869
10.8172,11.2356
10.8172,11.1222
10.8172,11.4962
10.8172,10.9867
10.8172,11.4163
10.8172,11.6491
10.8172,11.0008
10.8172,10.9317
10.8172,10.9197
10.8172,10.847
10.8172,10.9222
10.8172,11.0573
10.8172,11.0122
10.8172,11.2903
10.8172,10.9027
10.8172,11.0452
10.8172,10.9567
10.8172,10.9884
10.8172,11.0891
10.8172,10.8258
10.8172,10.9597
10.8172,11.368
10.8172,10.9988
10.8172,11.3083
10.8172,11.5549
10.8172,10.9819
10.8172,10.9838
10.8172,11.25
10.8172,11.3123
10.8172,11.1896
10.8172,10.8172
10.8172,11.0099
10.8172,11.0509
10.8172,11.0512
10.8172,11.0527
10.8172,11.1421
10.8172,10.8808
10.8172,10.8769
10.8172,11.1027
10.8172,11.0657
10.8172,10.8732
10.8172,10.8831
10.8172,11.4063
10.8172,10.9591
10.8172,11.3049
10.8172,11.2368
10.8172,11.3559
10.8172,11.5277
10.8172,11.0544
10.8172,11.1417
10.8172,11.2662
10.8172,10.9694
10.8172,11.1241
10.8172,11.2237
10.8172,10.8643
10.8172,10.8784
10.8172,10.8654
10.8172,10.9321
10.8172,11.1724
10.8172,11.1512
10.8172,11.2025
10.8172,11.2487
10.8172,11.1849
10.8172,10.9231
10.8172,10.9892
10.8172,11.0327
10.8172,11.1785
10.8172,11.0669
10.8172,11.1454
10.8172,11.0741
10.8172,10.8513
10.8172,10.91
10.8172,11.1014
10.8172,10.8397
10.8172,11.0951
10.8172,11.0202
10.8172,11.1377
10.8172,11.0144
10.8172,10.9964
10.8172,10.8672
10.8172,10.9493
10.8172,11.1362
10.8172,11.5388
10.8172,11.1407
10.8172,11.4523
10.8172,11.2819
10.8172,11.0254
10.8172,10.9891
10.8172,10.876
10.8172,11.1728
10.8172,11.0639
10.8172,11.0352
10.8172,11.3149
10.8172,10.8275
10.8172,10.9042
10.8172,10.9524
10.8172,10.9189
10.8172,11.2695
10.8172,10.9954
10.8172,11.0707
10.8172,11.0769
10.8172,11.5005
10.8172,11.4902
10.8172,10.9032
10.8172,10.9145
10.8172,11.3397
10.8172,11.4178
10.8172,10.8553
10.8172,10.9623
10.8172,11.3345
10.8172,11.4868
10.8172,11.0558
10.8172,10.9998
10.8172,10.977
10.8172,11.315
10.8172,10.9217
10.8172,11.2314
10.8172,11.2192
10.8172,10.9336
10.8172,11.0685
10.8172,10.9746
10.8172,11.1424
10.8172,10.8816
10.8172,10.9686
10.8172,10.9652
10.8172,10.9179
10.8172,11.0535
10.8172,11.02
10.8172,10.8706
10.8172,11.3006
10.8172,11.1006
10.8172,11.1936
10.8172,11.1465
10.8172,10.8952
10.8172,10.939
10.8172,10.8564
10.8172,11.0456
10.8172,10.859
10.8172,11.094
10.8172,11.0679
10.8172,11.0661
10.8172,11.0387
10.8172,10.8844
10.8172,10.9149
10.8172,11.0519
10.8172,10.8651
10.8172,11.1047
10.8172,10.8575
10.8172,11.0105
10.8172,10.9182
10.8172,11.1682
10.8172,11.2165
10.8172,10.9539
10.8172,11.0334
10.8172,11.1499
10.8172,10.983
10.8172,10.8241
10.8172,10.9043
10.8172,10.9034
10.8172,10.9055
10.8172,10.8637
10.8172,11.242
10.8172,10.9881
10.8172,11.3146
10.8172,10.9138
10.8172,11.2814
10.8172,11.123
10.8172,10.9472
10.8172,10.8195
10.8172,11.0279
10.8172,10.9231
10.8172,10.8684
10.8172,10.9174
10.8172,10.9244
10.8172,10.8625
10.8172,11.1735
10.8172,11.3827
10.8172,10.9278
10.8172,11.1157
10.8172,11.0392
10.8172,11.1332
10.8172,11.2023
10.8172,10.8953
10.8172,10.9817
10.8172,10.9794
10.8172,11.1686
10.8172,11.1834
10.8172,11.413
10.8172,10.8544
10.8172,11.3986
10.8172,11.1654
10.8172,10.8757
10.8172,11.0348
10.8172,11.2738
10.8172,11.2008
10.8172,10.8265
10.8172,11.0257
10.8172,11.0655
10.8172,10.9082
10.8172,11.1634
10.8172,11.1948
10.8172,11.1252
10.8172,11.1523
10.8172,10.9878
10.8172,11.4016
10.8172,10.8727
10.8172,11.2537
10.8172,10.9633
10.8172,11.2325
10.8172,11.0443
10.8172,10.9147
10.8172,10.9624
10.8172,11.0204
10.8172,10.916
10.8172,10.8905
10.8172,10.9708
10.8172,11.0098
10.8172,10.9233
10.8172,11.2444
10.8172,11.4479
10.8172,11.6374
10.8172,11.3791
10.8172,11.1045
10.8172,10.94
10.8172,10.8611
10.8172,11.1318
10.8172,11.7078
10.8172,10.9519
10.8172,11.0626
10.8172,11.2208
10.8172,11.373
10.8172,11.2071
10.8172,11.1476
10.8172,10.8555
10.8172,11.074
10.8172,10.8885
