32.8415,39.9324
30.0077,33.284
26.718,30.4303
24.048,27.7875
23.8534,25.9068
21.8069,24.5456
20.835,23.1982
19.6943,21.1286
18.87,20.6212
17.8929,19.9319
18.6618,19.3865
17.8425,19.1351
18.1208,18.6126
17.509,18.468
17.9739,18.4897
17.2571,18.1809
17.3357,18.1037
16.2327,17.8414
16.5282,17.9253
16.1471,17.1213
16.055,16.6606
15.3347,16.3058
15.6856,16.2675
15.5985,16.0431
15.3476,15.6701
15.2543,15.8403
14.4647,15.4405
14.1299,15.0729
14.0495,14.6992
13.8617,14.3578
13.6866,14.2422
13.9688,14.2339
13.7917,14.0322
13.7377,14.1521
13.6328,13.8395
12.77,13.7742
12.7276,13.7176
13.6823,13.9438
13.5996,13.7042
13.6824,13.7198
13.4288,13.7096
13.4998,13.7178
13.3846,13.658
13.3841,13.5326
12.3285,13.3862
12.3988,13.0819
12.3777,12.576
12.2129,12.6442
12.311,12.4005
12.2403,12.4489
11.9788,12.3162
12.2099,12.3228
11.1963,12.2918
12.1889,12.2393
12.1889,12.2872
12.1417,12.2167
12.1889,12.2341
12.0632,12.2457
12.1242,12.3257
12.1247,12.1915
12.1247,12.227
11.1111,12.2855
12.1247,12.1681
12.1247,12.3306
12.1247,12.2736
11.8632,12.3669
11.1111,12.1419
11.7774,12.0685
11.7617,11.8174
11.7789,11.8305
11.7617,12.2148
11.7617,11.8607
11.7747,11.8552
10.733,11.8364
11.6822,11.8295
11.7747,11.815
11.7747,11.9317
11.7747,11.8631
11.649,11.8171
11.7747,11.9133
11.7747,12.0458
11.7747,11.8233
11.7747,11.825
11.7747,11.947
11.6822,11.8841
11.7747,11.803
11.7747,11.8264
11.7747,11.9053
11.7747,11.8775
11.7747,11.9044
11.1784,11.9121
11.6822,11.805
11.6822,11.7322
11.6822,11.8316
11.6822,11.7459
11.6822,11.7425
10.9239,11.7192
11.5565,11.7064
11.5564,11.584
10.5147,11.5678
11.5565,11.6254
11.5565,11.6334
11.5548,11.659
11.5564,11.602
11.5492,11.5696
10.7908,11.5754
10.8444,11.7094
11.5492,11.5815
11.5489,11.5673
11.5492,11.6871
11.1278,11.7797
10.5074,11.6016
10.5071,11.5931
10.5071,11.2267
10.4709,10.6534
10.2383,10.711
10.4709,10.586
10.5071,10.5892
9.82402,10.5674
10.4709,10.5179
10.4709,10.5692
10.4709,10.5227
10.4709,10.7004
10.4709,10.5103
10.4709,10.5038
9.78782,10.5329
10.0712,10.5753
9.66355,10.5338
10.1993,10.3885
10.184,10.3007
10.184,10.2527
9.11008,10.2678
8.98756,9.96598
9.20623,9.4369
9.18145,9.50714
9.20623,9.53048
9.08899,9.27782
9.20623,9.23494
9.18145,9.21455
9.20623,9.44375
9.08899,9.37952
9.08899,9.25258
8.82021,9.17948
9.08899,9.14954
9.08899,9.17283
8.82021,9.13709
9.07982,9.19113
9.07982,9.24171
9.07982,9.14842
9.05405,9.21167
9.07982,9.12917
8.81105,9.12451
9.07982,9.16269
9.07982,9.12516
9.05405,9.13151
7.95316,9.12455
8.81105,9.00791
7.39429,8.86865
7.3943,8.84348
7.65192,9.00494
7.65862,9.03183
8.12189,8.84968
7.36851,9.07551
7.65862,8.89014
8.78527,8.82086
7.65862,8.92476
8.78527,8.83127
8.78527,8.8629
7.65862,8.82358
8.78527,8.92863
8.78527,8.8277
7.65862,8.8292
7.65862,8.96116
7.65862,8.85423
8.78527,8.86451
7.65192,9.04792
8.78527,8.82518
8.78527,8.80048
8.78527,8.86435
8.78527,8.82047
7.36851,8.86888
7.65862,8.82372
8.78527,9.01192
7.65862,8.89924
7.36851,8.80718
7.65862,8.3229
6.52527,7.71173
7.65862,7.68639
7.65862,7.73397
7.65862,7.68605
7.65862,7.69906
6.24186,7.66336
6.99524,7.67963
7.65862,8.15417
7.65862,7.78667
7.65862,7.71314
7.65862,7.72365
7.65862,7.77024
7.65862,7.71354
7.65862,7.76791
7.65862,7.87002
7.65862,7.7552
6.24186,7.70134
7.65862,8.03191
7.65862,7.71065
7.65862,7.71621
7.65862,7.76014
6.24186,7.70472
7.65862,7.72383
7.65862,7.72649
7.65862,7.81936
6.24186,7.9282
6.52527,7.68039
7.65862,7.83458
7.65862,7.73919
7.65862,7.71525
6.24186,7.72767
7.65862,7.87614
7.65862,7.68607
6.24186,7.67304
7.65862,7.72911
6.52527,7.94003
7.65862,7.71412
7.65862,8.04531
7.65862,7.77474
7.65862,7.73984
7.65862,7.83912
7.65862,7.69506
7.65862,7.85027
7.65862,7.70518
7.65862,7.8186
7.65862,7.79364
7.65862,7.72814
7.65862,7.7054
6.24186,7.79733
7.65862,7.80483
6.24186,7.64453
6.24186,7.7136
7.26286,7.6458
7.26286,7.34804
7.26286,7.50093
7.26286,7.46844
7.26286,7.30653
7.26286,7.29908
7.26286,7.67808
7.26286,7.34223
7.26286,7.29687
7.26286,7.29473
7.26286,7.32351
7.26286,7.32868
7.26286,7.29459
7.26286,7.36907
7.26286,7.3064
7.26286,7.31387
7.26286,7.46949
6.24186,7.40745
7.26286,7.48828
6.24186,7.27456
7.26286,7.656
6.24186,7.31624
7.26286,7.47133
7.26286,7.32848
7.26286,7.30804
7.26286,7.33063
7.26286,7.36394
7.26286,7.35092
7.26286,7.32755
6.24186,7.47321
6.24186,7.02056
6.24186,6.36124
6.24186,6.25103
6.24186,6.29732
6.24186,6.48847
6.24186,6.33661
6.24186,6.27902
6.24186,6.34255
6.24186,6.33207
6.24186,6.31799
6.24186,6.28503
6.24186,6.3307
6.24186,6.29747
6.24186,6.4139
6.24186,6.29648
6.24186,6.31576
6.24186,6.32532
6.24186,6.28104
6.24186,6.32482
6.24186,6.28209
6.24186,6.43091
6.24186,6.30662
6.24186,6.42749
6.24186,6.29208
6.24186,6.40356
6.24186,6.27508
6.24186,6.38318
6.24186,6.38528
6.24186,6.3416
6.24186,6.32749
6.24186,6.24186
6.24186,6.3421
6.24186,6.31413
6.24186,6.4556
6.24186,6.53511
6.24186,6.26954
6.24186,6.29324
6.24186,6.27857
6.24186,6.40895
6.24186,6.33239
6.24186,6.3083
6.24186,6.25072
6.24186,6.40523
6.24186,6.28705
6.24186,6.37603
6.24186,6.3135
6.24186,6.27303
6.24186,6.26702
6.24186,6.40865
6.24186,6.44444
6.24186,6.2787
6.24186,6.27129
6.24186,6.28305
6.24186,6.24186
6.24186,6.34983
6.24186,6.2642
6.24186,6.35557
6.24186,6.44861
6.24186,6.27574
6.24186,6.31243
6.24186,6.27272
6.24186,6.26352
6.24186,6.34581
6.24186,6.28638
6.24186,6.31486
6.24186,6.33574
6.24186,6.31385
6.24186,6.2872
6.24186,6.26989
6.24186,6.43878
6.24186,6.26255
6.24186,6.38062
6.24186,6.28847
6.24186,6.26043
6.24186,6.4673
6.24186,6.28916
6.24186,6.27211
6.24186,6.48472
6.24186,6.67334
6.24186,6.27751
6.24186,6.34025
6.24186,6.3132
6.24186,6.30342
6.24186,6.27316
6.24186,6.32481
6.24186,6.57178
6.24186,6.60708
6.24186,6.25756
6.24186,6.29047
6.24186,6.43124
6.24186,6.28429
6.24186,6.2702
6.24186,6.48987
6.24186,6.2737
6.24186,6.34107
6.24186,6.44339
6.24186,6.41501
6.24186,6.31586
6.24186,6.29499
6.24186,6.30396
6.24186,6.39831
6.24186,6.36277
6.24186,6.32489
6.24186,6.36959
6.24186,6.27537
6.24186,6.28212
6.24186,6.72388
6.24186,6.26719
6.24186,6.30171
6.24186,6.31979
6.24186,6.32297
6.24186,6.30171
6.24186,6.32764
6.24186,6.34822
6.24186,6.31367
6.24186,6.28543
6.24186,6.42952
6.24186,6.31567
6.24186,6.39846
6.24186,6.33042
6.24186,6.35138
6.24186,6.27303
6.24186,6.32755
6.24186,6.32707
6.24186,6.25955
6.24186,6.51218
6.24186,6.40395
6.24186,6.3052
6.24186,6.40856
6.24186,6.25786
6.24186,6.28018
6.24186,6.31229
6.24186,6.35108
6.24186,6.38981
6.24186,6.28722
6.24186,6.31442
6.24186,6.30602
6.24186,6.48292
6.24186,6.30559
6.24186,6.29674
6.24186,6.40999
6.24186,6.32543
6.24186,6.41244
6.24186,6.33
6.24186,6.37956
6.24186,6.34255
6.24186,6.41017
6.24186,6.27176
6.24186,6.2931
6.24186,6.25676
6.24186,6.3345
6.24186,6.31736
6.24186,6.32074
6.24186,6.37569
6.24186,6.28266
6.24186,6.27805
6.24186,6.26481
6.24186,6.35492
6.24186,6.28355
6.24186,6.35582
6.24186,6.26571
6.24186,6.30938
6.24186,6.44636
6.24186,6.61525
6.24186,6.33151
6.24186,6.41302
6.24186,6.56519
6.24186,6.27008
6.24186,6.28775
6.24186,6.34785
6.24186,6.5054
6.24186,6.57969
6.24186,6.41793
6.24186,6.32972
6.24186,6.46622
6.24186,6.27384
6.24186,6.44227
6.24186,6.27838
6.24186,6.2699
6.24186,6.28032
6.24186,6.37999
6.24186,6.30479
6.24186,6.29733
6.24186,6.31695
6.24186,6.53346
6.24186,6.35152
6.24186,6.28303
6.24186,6.33647
6.24186,6.40279
6.24186,6.43559
6.24186,6.2787
6.24186,6.31099
6.24186,6.29492
6.24186,6.28217
6.24186,6.3371
6.24186,6.28911
6.24186,6.29014
6.24186,6.26625
6.24186,6.2427
6.24186,6.29742
6.24186,6.31419
6.24186,6.41776
6.24186,6.35789
6.24186,6.35634
6.24186,6.2941
6.24186,6.28137
6.24186,6.34606
6.24186,6.30102
6.24186,6.36012
6.24186,6.26171
6.24186,6.47071
6.24186,6.55217
6.24186,6.28486
6.24186,6.37919
6.24186,6.53876
6.24186,6.35369
6.24186,6.28477
6.24186,6.67666
6.24186,6.28713
6.24186,6.25886
6.24186,6.29333
6.24186,6.28663
6.24186,6.70187
6.24186,6.27665
6.24186,6.4294
6.24186,6.34142
6.24186,6.30196
6.24186,6.27515
6.24186,6.38766
6.24186,6.28822
6.24186,6.31535
6.24186,6.32043
6.24186,6.41224
6.24186,6.32805
6.24186,6.26017
6.24186,6.29518
6.24186,6.4684
6.24186,6.34304
6.24186,6.36544
6.24186,6.30612
6.24186,6.40025
6.24186,6.29867
6.24186,6.38771
6.24186,6.31697
6.24186,6.33307
6.24186,6.28211
6.24186,6.30075
6.24186,6.26933
6.24186,6.27175
6.24186,6.43066
6.24186,6.31846
6.24186,6.29645
6.24186,6.31124
6.24186,6.28348
6.24186,6.3223
6.24186,6.30882
6.24186,6.42109
6.24186,6.29886
6.24186,6.66213
6.24186,6.50166
6.24186,6.36086
6.24186,6.56885
6.24186,6.41818
6.24186,6.39423
6.24186,6.42201
6.24186,6.30971
6.24186,6.27937
6.24186,6.29872
6.24186,6.29346
6.24186,6.29086
6.24186,6.27286
6.24186,6.27184
6.24186,6.34728
6.24186,6.36165
6.24186,6.57103
6.24186,6.42061
6.24186,6.50365
6.24186,6.30629
6.24186,6.34583
6.24186,6.27587
6.24186,6.32197
6.24186,6.45675
6.24186,6.33863
6.24186,6.2743
6.24186,6.56115
6.24186,6.36142
6.24186,6.31109
6.24186,6.28536
6.24186,6.27421
6.24186,6.41699
6.24186,6.4258
6.24186,6.50402
6.24186,6.31101
6.24186,6.54212
6.24186,6.35291
6.24186,6.3583
6.24186,6.28426
6.24186,6.5041
6.24186,6.33361
6.24186,6.34898
6.24186,6.31646
6.24186,6.36293
6.24186,6.27627
6.24186,6.25322
6.24186,6.30169
6.24186,6.28217
6.24186,6.27677
6.24186,6.29085
6.24186,6.27275
6.24186,6.34494
6.24186,6.28509
6.24186,6.26965
6.24186,6.2771
6.24186,6.34879
6.24186,6.29275
6.24186,6.3176
6.24186,6.30788
6.24186,6.56217
6.24186,6.28965
6.24186,6.6145
6.24186,6.28955
6.24186,6.3094
6.24186,6.30445
6.24186,6.35299
6.24186,6.28586
6.24186,6.32677
6.24186,6.33913
6.24186,6.45073
6.24186,6.31516
6.24186,6.29556
6.24186,6.3265
6.24186,6.35723
6.24186,6.46283
6.24186,6.33002
6.24186,6.30841
6.24186,6.37094
6.24186,6.42087
6.24186,6.37662
6.24186,6.3365
6.24186,6.26915
6.24186,6.29605
6.24186,6.25102
6.24186,6.35302
6.24186,6.29946
6.24186,6.26802
6.24186,6.36576
6.24186,6.32355
6.24186,6.29555
6.24186,6.27421
6.24186,6.46277
6.24186,6.31974
6.24186,6.51187
6.24186,6.30847
6.24186,6.33802
6.24186,6.33451
6.24186,6.33064
6.24186,6.41606
6.24186,6.24203
6.24186,6.47699
6.24186,6.55922
6.24186,6.29427
6.24186,6.31074
6.24186,6.32991
6.24186,6.3267
6.24186,6.47398
6.24186,6.30884
6.24186,6.27235
6.24186,6.25925
6.24186,6.54794
6.24186,6.24613
6.24186,6.32683
6.24186,6.48686
6.24186,6.43529
6.24186,6.3552
6.24186,6.28846
6.24186,6.5372
6.24186,6.30054
6.24186,6.26738
6.24186,6.29326
6.24186,6.29008
6.24186,6.46486
6.24186,6.3097
6.24186,6.61261
6.24186,6.56084
6.24186,6.36925
6.24186,6.40227
6.24186,6.31854
6.24186,6.26296
6.24186,6.36067
6.24186,6.36812
6.24186,6.31083
6.24186,6.27514
6.24186,6.33111
6.24186,6.30958
6.24186,6.27933
6.24186,6.34098
6.24186,6.25457
6.24186,6.39411
6.24186,6.44452
6.24186,6.2931
6.24186,6.28298
6.24186,6.35951
6.24186,6.31574
6.24186,6.47031
6.24186,6.24571
6.24186,6.30301
6.24186,6.24743
6.24186,6.3031
6.24186,6.45088
6.24186,6.27489
6.24186,6.67131
6.24186,6.28635
6.24186,6.28027
6.24186,6.3385
6.24186,6.37119
6.24186,6.31433
6.24186,6.35032
6.24186,6.28759
6.24186,6.29442
6.24186,6.39226
6.24186,6.57355
6.24186,6.30068
6.24186,6.34522
6.24186,6.29311
6.24186,6.30437
6.24186,6.38881
6.24186,6.32357
6.24186,6.49512
6.24186,6.33067
6.24186,6.67642
6.24186,6.56184
6.24186,6.62376
6.24186,6.26145
6.24186,6.40936
6.24186,6.26934
6.24186,6.27633
6.24186,6.35076
6.24186,6.32996
6.24186,6.39904
6.24186,6.27833
6.24186,6.34541
6.24186,6.43663
6.24186,6.3447
6.24186,6.28732
6.24186,6.33334
6.24186,6.38448
6.24186,6.26989
6.24186,6.44229
6.24186,6.33376
6.24186,6.3661
6.24186,6.28011
6.24186,6.39028
6.24186,6.40002
6.24186,6.47009
6.24186,6.36392
6.24186,6.29591
6.24186,6.4611
6.24186,6.4605
6.24186,6.29846
6.24186,6.26041
6.24186,6.31542
6.24186,6.41648
6.24186,6.36422
6.24186,6.41848
6.24186,6.27874
6.24186,6.27932
6.24186,6.28125
6.24186,6.32767
6.24186,6.34131
6.24186,6.48896
6.24186,6.30541
6.24186,6.47175
6.24186,6.25694
6.24186,6.3628
6.24186,6.30062
6.24186,6.55802
6.24186,6.29807
6.24186,6.3363
6.24186,6.28657
6.24186,6.45127
6.24186,6.3112
6.24186,6.36607
6.24186,6.48949
6.24186,6.32503
6.24186,6.2894
6.24186,6.2617
6.24186,6.28394
6.24186,6.26937
6.24186,6.31968
6.24186,6.31398
6.24186,6.38437
6.24186,6.30433
6.24186,6.29788
6.24186,6.29798
6.24186,6.29917
6.24186,6.32348
6.24186,6.29962
6.24186,6.36786
6.24186,6.38282
6.24186,6.30223
6.24186,6.3223
6.24186,6.29666
6.24186,6.38869
6.24186,6.30115
6.24186,6.26886
6.24186,6.28845
6.24186,6.37164
6.24186,6.34992
6.24186,6.59616
6.24186,6.39226
6.24186,6.38994
6.24186,6.5559
6.24186,6.41423
6.24186,6.3545
6.24186,6.28343
6.24186,6.2995
6.24186,6.29044
6.24186,6.30392
6.24186,6.55297
6.24186,6.37017
6.24186,6.26802
6.24186,6.50837
6.24186,6.34735
6.24186,6.27311
6.24186,6.35416
6.24186,6.38237
6.24186,6.37811
6.24186,6.39419
6.24186,6.37705
6.24186,6.47196
6.24186,6.28495
6.24186,6.34396
6.24186,6.31339
6.24186,6.40481
6.24186,6.25644
6.24186,6.27734
6.24186,6.30203
6.24186,6.4133
6.24186,6.26878
6.24186,6.32479
6.24186,6.27554
6.24186,6.52673
6.24186,6.35435
6.24186,6.35425
6.24186,6.26547
6.24186,6.39885
6.24186,6.32043
6.24186,6.28797
6.24186,6.3084
6.24186,6.33551
6.24186,6.34943
6.24186,6.30205
6.24186,6.40246
6.24186,6.29434
6.24186,6.31065
6.24186,6.30094
6.24186,6.25429
6.24186,6.57405
6.24186,6.47615
6.24186,6.28941
6.24186,6.28523
6.24186,6.36756
6.24186,6.27281
6.24186,6.35051
6.24186,6.26822
6.24186,6.28489
6.24186,6.41494
6.24186,6.47479
6.24186,6.35175
6.24186,6.32092
6.24186,6.26825
6.24186,6.32138
6.24186,6.30182
6.24186,6.27946
6.24186,6.46561
6.24186,6.29561
6.24186,6.35417
6.24186,6.30973
6.24186,6.27565
6.24186,6.43677
6.24186,6.30726
6.24186,6.33074
6.24186,6.44899
6.24186,6.33095
6.24186,6.32238
6.24186,6.34419
6.24186,6.30113
6.24186,6.49489
6.24186,6.29772
6.24186,6.40314
6.24186,6.326
6.24186,6.27152
6.24186,6.33762
6.24186,6.37215
6.24186,6.35117
6.24186,6.33287
6.24186,6.28738
6.24186,6.67397
6.24186,6.33493
6.24186,6.41068
6.24186,6.69891
6.24186,6.33222
6.24186,6.31775
6.24186,6.3273
6.24186,6.44511
6.24186,6.264
6.24186,6.31674
6.24186,6.39478
6.24186,6.30571
6.24186,6.61848
6.24186,6.31558
6.24186,6.29371
6.24186,6.51689
6.24186,6.29909
6.24186,6.29977
6.24186,6.31
6.24186,6.29357
6.24186,6.3424
6.24186,6.32435
6.24186,6.31948
6.24186,6.31798
6.24186,6.65761
6.24186,6.30819
6.24186,6.38316
6.24186,6.33011
6.24186,6.37623
6.24186,6.29813
6.24186,6.27911
6.24186,6.37717
6.24186,6.31968
6.24186,6.25937
6.24186,6.3027
6.24186,6.29977
6.24186,6.3909
6.24186,6.33804
6.24186,6.29806
6.24186,6.31754
6.24186,6.25096
6.24186,6.3925
6.24186,6.45924
6.24186,6.6408
6.24186,6.43651
6.24186,6.28153
6.24186,6.30373
6.24186,6.4072
6.24186,6.25304
6.24186,6.28604
6.24186,6.28658
6.24186,6.2794
6.24186,6.31052
6.24186,6.43144
6.24186,6.34835
6.24186,6.55185
6.24186,6.2867
6.24186,6.26429
6.24186,6.30065
6.24186,6.33407
6.24186,6.24186
6.24186,6.32856
6.24186,6.28302
6.24186,6.26552
6.24186,6.35171
6.24186,6.2543
6.24186,6.28554
6.24186,6.42381
6.24186,6.378
6.24186,6.36563
6.24186,6.36549
6.24186,6.2952
6.24186,6.32632
6.24186,6.32668
6.24186,6.30707
6.24186,6.38573
6.24186,6.32849
6.24186,6.29576
6.24186,6.41646
6.24186,6.29214
6.24186,6.49444
6.24186,6.38972
6.24186,6.32638
6.24186,6.30458
6.24186,6.28514
6.24186,6.39497
6.24186,6.3299
6.24186,6.4078
6.24186,6.32099
6.24186,6.34482
6.24186,6.27997
6.24186,6.49859
6.24186,6.3217
6.24186,6.30704
6.24186,6.38777
6.24186,6.35719
6.24186,6.26772
6.24186,6.34512
6.24186,6.35802
6.24186,6.2534
6.24186,6.28687
6.24186,6.30895
6.24186,6.36539
6.24186,6.26852
6.24186,6.40558
6.24186,6.2649
6.24186,6.31133
6.24186,6.28738
6.24186,6.25474
6.24186,6.30675
6.24186,6.43661
6.24186,6.27378
6.24186,6.56135
6.24186,6.32888
6.24186,6.51999
6.24186,6.26718
6.24186,6.27655
6.24186,6.30712
6.24186,6.31371
6.24186,6.35297
6.24186,6.27925
6.24186,6.45424
6.24186,6.28564
6.24186,6.35108
6.24186,6.44804
6.24186,6.28237
6.24186,6.40626
6.24186,6.33221
6.24186,6.36286
6.24186,6.27081
6.24186,6.27434
6.24186,6.27521
6.24186,6.30459
6.24186,6.36877
6.24186,6.42617
6.24186,6.34684
6.24186,6.33737
6.24186,6.26989
6.24186,6.40242
6.24186,6.25945
6.24186,6.31927
6.24186,6.34979
6.24186,6.24462
6.24186,6.25815
6.24186,6.3331
6.24186,6.27477
6.24186,6.43573
6.24186,6.51421
6.24186,6.26401
6.24186,6.31325
6.24186,6.27085
6.24186,6.30385
6.24186,6.3193
6.24186,6.25624
6.24186,6.28198
6.24186,6.47709
6.24186,6.27397
6.24186,6.30936
6.24186,6.25862
6.24186,6.43956
6.24186,6.29597
6.24186,6.30614
6.24186,6.31622
6.24186,6.40558
6.24186,6.32543
6.24186,6.2756
6.24186,6.4199
6.24186,6.7214
6.24186,6.27533
6.24186,6.29281
6.24186,6.32004
6.24186,6.28729
6.24186,6.38062
6.24186,6.30497
6.24186,6.30003
6.24186,6.30627
6.24186,6.83945
6.24186,6.27206
6.24186,6.44138
6.24186,6.29095
6.24186,6.57905
6.24186,6.29731
6.24186,6.25274
6.24186,6.38482
6.24186,6.30171
6.24186,6.56991
6.24186,6.27202
6.24186,6.39691
6.24186,6.33707
6.24186,6.27567
6.24186,6.28807
6.24186,6.27215
6.24186,6.28379
6.24186,6.28308
6.24186,6.30202
6.24186,6.30783
6.24186,6.27441
6.24186,6.38747
6.24186,6.29357
6.24186,6.35229
6.24186,6.30478
6.24186,6.39386
6.24186,6.40796
6.24186,6.43633
6.24186,6.35461
6.24186,6.27179
6.24186,6.32536
6.24186,6.36475
6.24186,6.27211
6.24186,6.39722
6.24186,6.64949
6.24186,6.36763
6.24186,6.24343
6.24186,6.31489
6.24186,6.30848
6.24186,6.33023
6.24186,6.3216
6.24186,6.36799
6.24186,6.31372
6.24186,6.29319
6.24186,6.29879
6.24186,6.29088
6.24186,6.26772
6.24186,6.35939
6.24186,6.25476
6.24186,6.34618
6.24186,6.40941
6.24186,6.26761
6.24186,6.36295
6.24186,6.27238
6.24186,6.34056
6.24186,6.289
6.24186,6.30413
6.24186,6.48674
6.24186,6.30092
6.24186,6.27748
6.24186,6.70063
6.24186,6.4673
6.24186,6.29402
6.24186,6.33254
6.24186,6.42992
6.24186,6.33649
6.24186,6.30136
6.24186,6.33364
6.24186,6.33654
6.24186,6.41475
6.24186,6.33167
6.24186,6.471
6.24186,6.25695
6.24186,6.30763
6.24186,6.34718
6.24186,6.25887
6.24186,6.70152
6.24186,6.28345
6.24186,6.32912
6.24186,6.27589
6.24186,6.32948
6.24186,6.35521
6.24186,6.38141
6.24186,6.26341
6.24186,6.27844
6.24186,6.29779
6.24186,6.38808
6.24186,6.32075
6.24186,6.36876
6.24186,6.26364
6.24186,6.48159
6.24186,6.44313
6.24186,6.35346
6.24186,6.41807
6.24186,6.31222
6.24186,6.36809
6.24186,6.27206
6.24186,6.51068
6.24186,6.25892
6.24186,6.42059
6.24186,6.35941
6.24186,6.52736
6.24186,6.65354
6.24186,6.3341
6.24186,6.41565
6.24186,6.33145
6.24186,6.28308
6.24186,6.40556
6.24186,6.37288
6.24186,6.36872
6.24186,6.28362
6.24186,6.30018
6.24186,6.35858
6.24186,6.30959
6.24186,6.40466
6.24186,6.28867
6.24186,6.41281
6.24186,6.33237
6.24186,6.34593
6.24186,6.48654
6.24186,6.31605
6.24186,6.30095
6.24186,6.31066
6.24186,6.40852
6.24186,6.31242
6.24186,6.33085
6.24186,6.29429
6.24186,6.28638
6.24186,6.39654
6.24186,6.24459
6.24186,6.28414
6.24186,6.3001
6.24186,6.37868
6.24186,6.3824
6.24186,6.52155
6.24186,6.29764
6.24186,6.30937
6.24186,6.37403
6.24186,6.30639
6.24186,6.26939
6.24186,6.49272
6.24186,6.34722
6.24186,6.43455
6.24186,6.2828
6.24186,6.26446
6.24186,6.34113
6.24186,6.36132
6.24186,6.32317
6.24186,6.33885
6.24186,6.2621
6.24186,6.3726
6.24186,6.34769
6.24186,6.28331
6.24186,6.35811
6.24186,6.30079
6.24186,6.32143
6.24186,6.25146
6.24186,6.29225
6.24186,6.30815
6.24186,6.51189
6.24186,6.34761
6.24186,6.38688
6.24186,6.34395
6.24186,6.39255
6.24186,6.30038
6.24186,6.5646
6.24186,6.31795
6.24186,6.34624
6.24186,6.32383
6.24186,6.35076
6.24186,6.28687
6.24186,6.25015
6.24186,6.42534
6.24186,6.51682
6.24186,6.34285
6.24186,6.28815
6.24186,6.2931
6.24186,6.27721
6.24186,6.3441
6.24186,6.31319
6.24186,6.28379
6.24186,6.3681
6.24186,6.63248
6.24186,6.28157
6.24186,6.38223
6.24186,6.32918
6.24186,6.48462
6.24186,6.26419
6.24186,6.3461
6.24186,6.33141
6.24186,6.3226
6.24186,6.41788
6.24186,6.29928
6.24186,6.25612
6.24186,6.43921
6.24186,6.33973
6.24186,6.29085
6.24186,6.28666
6.24186,6.54669
6.24186,6.37294
6.24186,6.33611
6.24186,6.3086
6.24186,6.33078
6.24186,6.26669
6.24186,6.2473
6.24186,6.28437
6.24186,6.31573
6.24186,6.32865
6.24186,6.3806
6.24186,6.28237
6.24186,6.35787
6.24186,6.2865
6.24186,6.3585
6.24186,6.34917
6.24186,6.34351
6.24186,6.29349
6.24186,6.38313
6.24186,6.25978
6.24186,6.25778
6.24186,6.2787
6.24186,6.27301
6.24186,6.32385
6.24186,6.37028
6.24186,6.67769
6.24186,6.29191
6.24186,6.29077
6.24186,6.3127
6.24186,6.42032
6.24186,6.3792
6.24186,6.29147
6.24186,6.30321
6.24186,6.26491
6.24186,6.29116
6.24186,6.35759
6.24186,6.2897
6.24186,6.28521
6.24186,6.30154
6.24186,6.33703
6.24186,6.36479
6.24186,6.3797
6.24186,6.31947
6.24186,6.24562
6.24186,6.49739
6.24186,6.29791
6.24186,6.31795
6.24186,6.32743
6.24186,6.35607
6.24186,6.54719
6.24186,6.5376
6.24186,6.31592
6.24186,6.29511
6.24186,6.39809
6.24186,6.28073
6.24186,6.30074
6.24186,6.28121
6.24186,6.30132
6.24186,6.31201
6.24186,6.40143
6.24186,6.28898
6.24186,6.36948
6.24186,6.5275
6.24186,6.43403
6.24186,6.63194
6.24186,6.33976
6.24186,6.43226
6.24186,6.37503
6.24186,6.3277
6.24186,6.31999
6.24186,6.32139
6.24186,6.37681
6.24186,6.2864
6.24186,6.37451
6.24186,6.42464
6.24186,6.40144
6.24186,6.29948
6.24186,6.27117
6.24186,6.27739
6.24186,6.59535
6.24186,6.32952
6.24186,6.30039
6.24186,6.31268
6.24186,6.29983
6.24186,6.30349
6.24186,6.28194
6.24186,6.31051
6.24186,6.39541
6.24186,6.2885
6.24186,6.35362
6.24186,6.26206
6.24186,6.36771
6.24186,6.36282
6.24186,6.31343
6.24186,6.27839
6.24186,6.28516
6.24186,6.72606
6.24186,6.35474
6.24186,6.25331
6.24186,6.31851
6.24186,6.35997
6.24186,6.28146
6.24186,6.32865
6.24186,6.33999
6.24186,6.27624
6.24186,6.25762
6.24186,6.27848
6.24186,6.2896
6.24186,6.38588
6.24186,6.2632
6.24186,6.28323
6.24186,6.39452
6.24186,6.27532
6.24186,6.27475
6.24186,6.31884
6.24186,6.27868
6.24186,6.29169
6.24186,6.27879
6.24186,6.39316
6.24186,6.24933
6.24186,6.30087
6.24186,6.29121
6.24186,6.39433
6.24186,6.37774
6.24186,6.27569
6.24186,6.2872
6.24186,6.3011
6.24186,6.3259
6.24186,6.28046
6.24186,6.27197
6.24186,6.29033
6.24186,6.30128
6.24186,6.34121
6.24186,6.34794
6.24186,6.5194
6.24186,6.53127
6.24186,6.27103
6.24186,6.45882
6.24186,6.31213
6.24186,6.48956
6.24186,6.33716
6.24186,6.29113
6.24186,6.30115
6.24186,6.47671
6.24186,6.30221
6.24186,6.29812
6.24186,6.31996
6.24186,6.33651
6.24186,6.31622
6.24186,6.29641
6.24186,6.30241
6.24186,6.46817
6.24186,6.31242
6.24186,6.36531
6.24186,6.34276
6.24186,6.28594
6.24186,6.2782
6.24186,6.43353
6.24186,6.33706
6.24186,6.25215
6.24186,6.30063
6.24186,6.33855
6.24186,6.26284
6.24186,6.30685
6.24186,6.33967
6.24186,6.29719
6.24186,6.28652
6.24186,6.40444
6.24186,6.34011
6.24186,6.42338
6.24186,6.28186
6.24186,6.25591
6.24186,6.3824
6.24186,6.35263
6.24186,6.33417
6.24186,6.62772
6.24186,6.32897
6.24186,6.29001
6.24186,6.32152
6.24186,6.25476
6.24186,6.33705
6.24186,6.56745
6.24186,6.41932
6.24186,6.27656
6.24186,6.35324
6.24186,6.3193
6.24186,6.3284
6.24186,6.35466
6.24186,6.4667
6.24186,6.70448
6.24186,6.29808
6.24186,6.47465
6.24186,6.30849
6.24186,6.30187
6.24186,6.47658
6.24186,6.29965
6.24186,6.36912
6.24186,6.36685
6.24186,6.27395
6.24186,6.31874
6.24186,6.29638
6.24186,6.49643
6.24186,6.43961
6.24186,6.4073
6.24186,6.26361
6.24186,6.31288
6.24186,6.43842
6.24186,6.40709
6.24186,6.31704
6.24186,6.32844
6.24186,6.32454
6.24186,6.31005
6.24186,6.43843
6.24186,6.58552
6.24186,6.4082
6.24186,6.52482
6.24186,6.27729
6.24186,6.28094
6.24186,6.52918
6.24186,6.28476
6.24186,6.3034
6.24186,6.33992
6.24186,6.30627
6.24186,6.25639
6.24186,6.29353
6.24186,6.28811
6.24186,6.33006
6.24186,6.28322
6.24186,6.38893
6.24186,6.62822
6.24186,6.40909
6.24186,6.29173
6.24186,6.52225
6.24186,6.40419
6.24186,6.36531
6.24186,6.28846
6.24186,6.53983
6.24186,6.37199
6.24186,6.27041
6.24186,6.32135
6.24186,6.35799
6.24186,6.3273
6.24186,6.34653
6.24186,6.29947
6.24186,6.32264
6.24186,6.30493
6.24186,6.26262
6.24186,6.66778
6.24186,6.31115
6.24186,6.34957
6.24186,6.44123
6.24186,6.41171
6.24186,6.34697
6.24186,6.35427
6.24186,6.27478
6.24186,6.4257
6.24186,6.30327
6.24186,6.58158
6.24186,6.75895
6.24186,6.39067
6.24186,6.27829
6.24186,6.38988
6.24186,6.36267
6.24186,6.30286
6.24186,6.2769
6.24186,6.31256
6.24186,6.2924
6.24186,6.29357
6.24186,6.74699
6.24186,6.5328
6.24186,6.28385
6.24186,6.28536
6.24186,6.33981
6.24186,6.29719
6.24186,6.29019
6.24186,6.32174
6.24186,6.29149
6.24186,6.30673
6.24186,6.3349
6.24186,6.59798
6.24186,6.34831
6.24186,6.28731
6.24186,6.34531
6.24186,6.26069
6.24186,6.26833
6.24186,6.36374
6.24186,6.4793
6.24186,6.26842
6.24186,6.31891
6.24186,6.43617
6.24186,6.33264
6.24186,6.50733
6.24186,6.39237
6.24186,6.26072
6.24186,6.38567
6.24186,6.30771
6.24186,6.26835
6.24186,6.28368
6.24186,6.4446
6.24186,6.29196
6.24186,6.32323
6.24186,6.27521
6.24186,6.34472
6.24186,6.27296
6.24186,6.28534
6.24186,6.27788
6.24186,6.30571
6.24186,6.32024
6.24186,6.76763
6.24186,6.44078
6.24186,6.27985
6.24186,6.26824
6.24186,6.27811
6.24186,6.31227
6.24186,6.29231
6.24186,6.5009
6.24186,6.25708
6.24186,6.6896
6.24186,6.28843
6.24186,6.30765
6.24186,6.39097
6.24186,6.31927
6.24186,6.28286
6.24186,6.31589
6.24186,6.25923
6.24186,6.26226
6.24186,6.36729
6.24186,6.28544
6.24186,6.37454
6.24186,6.38067
6.24186,6.38138
6.24186,6.32158
6.24186,6.31875
6.24186,6.31552
6.24186,6.27913
6.24186,6.43735
6.24186,6.32089
6.24186,6.45659
6.24186,6.49473
6.24186,6.41049
6.24186,6.35236
6.24186,6.32143
6.24186,6.28483
6.24186,6.30001
6.24186,6.41411
6.24186,6.30855
6.24186,6.27072
6.24186,6.36978
6.24186,6.29345
6.24186,6.40336
6.24186,6.32883
6.24186,6.46434
6.24186,6.36844
6.24186,6.40175
6.24186,6.29835
6.24186,6.29883
6.24186,6.3341
6.24186,6.34568
6.24186,6.28458
6.24186,6.27076
6.24186,6.30536
6.24186,6.30179
6.24186,6.38207
6.24186,6.28862
6.24186,6.2882
6.24186,6.31325
6.24186,6.34152
6.24186,6.30592
6.24186,6.4556
6.24186,6.35512
6.24186,6.25853
6.24186,6.312
6.24186,6.66835
6.24186,6.40234
6.24186,6.39016
6.24186,6.27517
6.24186,6.30471
6.24186,6.37825
6.24186,6.28065
6.24186,6.32115
6.24186,6.34195
6.24186,6.31203
6.24186,6.28209
6.24186,6.40426
6.24186,6.29963
6.24186,6.31657
6.24186,6.32197
6.24186,6.3593
6.24186,6.48883
6.24186,6.27582
6.24186,6.39115
6.24186,6.37673
6.24186,6.32807
6.24186,6.26801
6.24186,6.34034
6.24186,6.28324
6.24186,6.39122
6.24186,6.48822
6.24186,6.27588
6.24186,6.47065
6.24186,6.30826
6.24186,6.29509
6.24186,6.38923
6.24186,6.34702
6.24186,6.31189
6.24186,6.34262
6.24186,6.31846
6.24186,6.30582
6.24186,6.31425
6.24186,6.2566
6.24186,6.52489
6.24186,6.36493
6.24186,6.26827
6.24186,6.3752
6.24186,6.44014
6.24186,6.32537
6.24186,6.28312
6.24186,6.30606
6.24186,6.41736
6.24186,6.6333
6.24186,6.49036
6.24186,6.55681
6.24186,6.28492
6.24186,6.3805
6.24186,6.39641
6.24186,6.50854
6.24186,6.29902
6.24186,6.31936
6.24186,6.24221
6.24186,6.30486
6.24186,6.4244
6.24186,6.29007
6.24186,6.3309
6.24186,6.41402
6.24186,6.35998
6.24186,6.51146
6.24186,6.26386
6.24186,6.31407
6.24186,6.77655
6.24186,6.39761
6.24186,6.35511
6.24186,6.30367
6.24186,6.30075
6.24186,6.49812
6.24186,6.44032
6.24186,6.54813
6.24186,6.47644
6.24186,6.32008
6.24186,6.30478
6.24186,6.33021
6.24186,6.29454
6.24186,6.38026
6.24186,6.47991
6.24186,6.44182
6.24186,6.33708
6.24186,6.37986
6.24186,6.34357
6.24186,6.35798
6.24186,6.34877
6.24186,6.31574
6.24186,6.30738
6.24186,6.59701
6.24186,6.33417
6.24186,6.3108
6.24186,6.26872
6.24186,6.43615
6.24186,6.29484
6.24186,6.64257
6.24186,6.27707
6.24186,6.41431
6.24186,6.38075
6.24186,6.30829
6.24186,6.29355
6.24186,6.34584
6.24186,6.36577
6.24186,6.29886
6.24186,6.27665
6.24186,6.3881
6.24186,6.3243
6.24186,6.31381
6.24186,6.31632
6.24186,6.49921
6.24186,6.47913
6.24186,6.51478
6.24186,6.39506
6.24186,6.51717
6.24186,6.28246
6.24186,6.28923
6.24186,6.30182
6.24186,6.46789
6.24186,6.30997
6.24186,6.39333
6.24186,6.31418
6.24186,6.39199
6.24186,6.31469
6.24186,6.33728
6.24186,6.42366
6.24186,6.30631
6.24186,6.32202
6.24186,6.46658
6.24186,6.27593
6.24186,6.29117
6.24186,6.31616
6.24186,6.3011
6.24186,6.40257
6.24186,6.30355
6.24186,6.27934
6.24186,6.39073
6.24186,6.36247
6.24186,6.32199
6.24186,6.27281
6.24186,6.30715
6.24186,6.30965
6.24186,6.27331
6.24186,6.44238
6.24186,6.31352
6.24186,6.29528
6.24186,6.3562
6.24186,6.29363
6.24186,6.34597
6.24186,6.42499
6.24186,6.3858
6.24186,6.44554
6.24186,6.25074
6.24186,6.50243
6.24186,6.28159
6.24186,6.33078
6.24186,6.31203
6.24186,6.27799
6.24186,6.32205
6.24186,6.31501
6.24186,6.76068
6.24186,6.47618
6.24186,6.34502
6.24186,6.28235
6.24186,6.40759
6.24186,6.31313
6.24186,6.35611
6.24186,6.24203
6.24186,6.29881
6.24186,6.29701
6.24186,6.4775
6.24186,6.40021
6.24186,6.30039
6.24186,6.27561
6.24186,6.42448
6.24186,6.31034
6.24186,6.28489
6.24186,6.3124
6.24186,6.31562
6.24186,6.29311
6.24186,6.35907
6.24186,6.27044
6.24186,6.28024
6.24186,6.3613
6.24186,6.33655
6.24186,6.30888
6.24186,6.43447
6.24186,6.36536
6.24186,6.37219
6.24186,6.32862
6.24186,6.28086
6.24186,6.32642
6.24186,6.38164
6.24186,6.26664
6.24186,6.2803
6.24186,6.29368
6.24186,6.30075
6.24186,6.26247
6.24186,6.34524
6.24186,6.28745
6.24186,6.40776
6.24186,6.27859
6.24186,6.30672
6.24186,6.29551
6.24186,6.26736
6.24186,6.32511
6.24186,6.31084
6.24186,6.32845
6.24186,6.27159
6.24186,6.34054
6.24186,6.28372
6.24186,6.26821
6.24186,6.2994
6.24186,6.28587
6.24186,6.29092
6.24186,6.27303
6.24186,6.4454
6.24186,6.299
6.24186,6.33764
6.24186,6.30683
6.24186,6.30506
6.24186,6.39491
6.24186,6.35806
6.24186,6.28129
6.24186,6.35841
6.24186,6.26035
6.24186,6.31392
6.24186,6.38819
6.24186,6.38214
6.24186,6.29311
6.24186,6.28225
6.24186,6.36987
6.24186,6.34326
6.24186,6.33423
6.24186,6.46245
6.24186,6.39163
6.24186,6.39022
6.24186,6.2755
6.24186,6.33425
6.24186,6.3392
6.24186,6.34659
6.24186,6.41358
6.24186,6.43884
6.24186,6.29913
6.24186,6.42547
6.24186,6.32255
6.24186,6.41665
6.24186,6.31907
6.24186,6.28653
6.24186,6.28767
6.24186,6.27816
6.24186,6.40996
6.24186,6.2887
6.24186,6.30814
6.24186,6.25842
6.24186,6.42132
6.24186,6.28287
6.24186,6.33213
6.24186,6.282
6.24186,6.28342
6.24186,6.29845
6.24186,6.33994
6.24186,6.31744
6.24186,6.3107
6.24186,6.32263
6.24186,6.49097
6.24186,6.28513
6.24186,6.35094
6.24186,6.55204
6.24186,6.2714
6.24186,6.37489
6.24186,6.35131
6.24186,6.28387
6.24186,6.33825
6.24186,6.32163
6.24186,6.25192
6.24186,6.41415
6.24186,6.33309
6.24186,6.30547
6.24186,6.36928
6.24186,6.36943
6.24186,6.31247
6.24186,6.29498
6.24186,6.27586
6.24186,6.28728
6.24186,6.49995
6.24186,6.38301
6.24186,6.31572
6.24186,6.29513
6.24186,6.49523
6.24186,6.28095
6.24186,6.54
6.24186,6.42601
6.24186,6.56438
6.24186,6.30066
6.24186,6.28206
6.24186,6.30833
6.24186,6.2983
6.24186,6.29482
6.24186,6.31358
6.24186,6.30104
6.24186,6.46245
6.24186,6.26176
6.24186,6.36409
6.24186,6.30855
6.24186,6.35495
6.24186,6.49171
6.24186,6.29928
6.24186,6.36029
6.24186,6.32579
6.24186,6.2787
6.24186,6.38274
6.24186,6.31908
6.24186,6.36681
6.24186,6.48006
6.24186,6.45752
6.24186,6.39156
6.24186,6.41137
6.24186,6.31274
6.24186,6.28936
6.24186,6.338
6.24186,6.28474
6.24186,6.3452
6.24186,6.33448
6.24186,6.30654
6.24186,6.27009
6.24186,6.49961
6.24186,6.3193
6.24186,6.39985
6.24186,6.29913
6.24186,6.40388
6.24186,6.26635
6.24186,6.31296
6.24186,6.3367
6.24186,6.40902
6.24186,6.2955
6.24186,6.24186
6.24186,6.48532
6.24186,6.49355
6.24186,6.71587
6.24186,6.29753
6.24186,6.35697
6.24186,6.31218
6.24186,6.24367
6.24186,6.30676
6.24186,6.30431
6.24186,6.44922
6.24186,6.35229
6.24186,6.36807
6.24186,6.28476
6.24186,6.36984
6.24186,6.28181
6.24186,6.2885
6.24186,6.29771
6.24186,6.54633
6.24186,6.3108
6.24186,6.37486
6.24186,6.29593
6.24186,6.63647
6.24186,6.24844
6.24186,6.28856
6.24186,6.35992
6.24186,6.35631
6.24186,6.29661
6.24186,6.3174
6.24186,6.27177
6.24186,6.34543
6.24186,6.27925
6.24186,6.42356
6.24186,6.3077
6.24186,6.38804
6.24186,6.3988
6.24186,6.31394
6.24186,6.63597
6.24186,6.28787
6.24186,6.37947
6.24186,6.27969
6.24186,6.43251
6.24186,6.3176
6.24186,6.33584
6.24186,6.25543
6.24186,6.28718
6.24186,6.31733
6.24186,6.41628
6.24186,6.54086
6.24186,6.48536
6.24186,6.30701
6.24186,6.44329
6.24186,6.35305
6.24186,6.28446
