33.3915,39.6059
31.3729,34.3586
27.3463,31.8886
28.2794,30.5208
25.0904,28.4867
24.0468,25.9386
22.9555,24.5366
21.5133,23.2784
19.4282,21.942
18.3733,20.414
18.1009,18.9619
17.312,18.343
17.006,18.2752
17.0562,17.3296
16.4701,17.0986
16.2035,17.0071
16.3101,16.8368
15.7731,16.5277
15.4985,16.2781
14.4681,15.8989
14.4312,15.6244
13.047,14.7749
13.2849,14.3677
12.8648,13.808
12.5916,13.3813
12.2609,13.2077
12.2609,13.1884
12.7495,12.9526
12.1187,13.1847
12.1802,12.8942
12.621,12.8639
12.621,12.7395
12.621,12.787
12.0335,12.7951
11.9809,12.713
12.0118,12.9443
11.9736,12.4188
12.0107,12.0467
12.0107,12.3543
12.0107,12.3443
11.99,12.7207
12.0011,12.4044
11.9862,12.087
11.9787,12.1866
11.8431,12.0115
11.8431,12.1623
11.9787,12.043
11.9787,12.0755
11.9787,12.344
11.9108,12.1637
11.8282,12.1336
11.9042,12.1147
11.7724,12.164
11.7724,12.1688
11.6803,12.3953
11.6803,12.8785
11.6803,12.0096
11.7794,12.4432
11.9042,12.0671
11.9042,12.2142
11.9042,11.9376
11.9042,12.2776
11.7745,12.6388
11.6263,12.2699
11.6021,12.1383
11.6018,12.0554
11.5768,12.2198
11.2469,11.7142
11.455,11.9196
11.466,11.9933
11.466,11.6285
11.4446,11.746
11.466,11.7791
11.466,11.9965
11.2905,11.6852
11.2905,11.7534
11.1561,11.5278
11.3751,11.7083
11.3745,11.4589
11.2421,11.5586
11.3751,11.4879
11.3751,11.6202
11.3751,11.5468
11.3751,11.4687
11.2742,11.3847
11.3745,11.7878
11.3745,11.3745
11.3745,11.7358
11.3745,11.8786
11.3745,11.5879
11.3745,11.4596
11.3745,11.5588
11.2583,11.7187
11.3508,11.8073
11.0579,11.4218
11.3496,11.3611
11.1838,11.5202
11.0676,11.5073
10.9358,11.3712
11.2762,11.7919
11.2762,11.8242
11.0039,11.5132
11.1608,11.4673
11.1606,11.6894
10.8344,11.3903
11.1608,11.5656
11.1605,11.1735
11.0995,11.3604
11.1608,11.4005
11.1606,11.5556
11.1608,11.2412
10.8664,11.2791
10.8344,11.1964
10.9914,11.498
11.0229,11.3175
11.0063,11.2014
11.0229,11.3832
11.0059,11.1251
11.0229,11.5032
11.0229,11.4282
10.9708,11.043
10.9583,11.443
10.7161,11.1649
10.4224,10.966
10.3576,10.824
10.6981,10.969
10.715,11.1577
10.715,10.7287
10.715,10.8299
10.715,10.7642
10.715,11.0322
10.715,10.7367
10.715,10.8747
10.715,10.7897
10.7128,11.2053
10.715,11.3593
10.715,10.9971
10.715,10.9861
10.715,11.0692
10.715,10.9529
10.715,10.8317
10.715,11.0411
10.715,10.9581
10.715,10.8173
10.3576,11.2993
10.3576,11.1411
10.3576,10.5782
10.3576,10.6942
10.3576,10.8158
10.3406,10.4732
10.1866,10.3561
10.3576,10.5324
10.1866,10.7169
10.3576,10.6428
10.3576,10.903
10.3576,10.8285
10.3406,10.5437
10.3406,10.5808
10.3406,10.7584
10.3406,10.4888
10.3406,10.5345
10.3406,10.635
10.3406,10.636
10.3406,10.6769
10.1696,10.5765
10.3152,10.5941
10.3372,10.4789
10.3372,10.6978
10.3372,10.8594
10.3372,10.5272
10.3152,10.5259
10.3372,10.7977
10.1879,10.5805
10.1879,10.4097
10.1659,10.3887
10.1659,10.4052
10.1879,10.5791
10.1879,10.1902
10.1879,10.5676
10.1659,10.5518
10.1879,10.4604
10.1879,10.2116
10.1659,10.6849
10.1879,10.5104
10.1879,10.2757
10.1659,10.3431
10.1879,10.4148
10.1659,10.2104
10.1879,10.3114
10.1879,10.5285
10.1659,10.2419
10.1879,10.3995
10.1879,10.4706
10.1879,10.3267
10.1659,10.461
10.1879,10.2083
10.1659,10.2108
10.1879,10.505
10.1879,10.2231
10.1879,10.2688
10.1879,10.4883
10.1879,10.7614
10.1879,10.5253
10.1659,10.4953
10.1879,10.5041
10.1659,10.5752
10.1659,10.2461
10.1879,10.5766
10.1879,10.4019
10.1879,10.5878
10.1659,10.3206
10.1659,10.3889
10.1879,10.2505
10.1879,10.2704
10.1879,10.5452
10.1879,10.5441
10.1879,10.4029
10.1879,10.5784
10.1879,10.8363
10.1879,10.3671
10.1879,10.2581
10.1879,10.3917
10.1879,10.5733
10.1879,10.3171
10.1659,10.2066
10.1879,10.4893
10.1879,10.6721
10.1879,10.6121
10.1879,10.3981
10.1879,10.4408
10.1879,10.5267
10.1879,10.8855
10.1879,10.3288
10.1879,10.5029
10.1879,10.5784
10.1879,10.5104
10.1879,10.2953
10.1879,10.5859
10.1879,10.3927
10.1879,10.5683
10.1879,10.665
10.1879,10.6066
10.1879,10.3554
10.1879,10.3419
10.1879,10.8183
10.1879,10.3671
10.1879,10.6147
10.1879,10.2097
10.1879,10.4862
10.1879,10.3763
10.1879,10.3033
10.1879,10.4009
10.1879,10.5067
10.1659,10.2271
10.1879,10.4971
10.1659,10.5295
10.1879,10.2456
10.1879,10.495
10.1879,10.6587
10.1879,10.7744
10.1659,10.3321
10.1879,10.6918
10.1879,10.3466
10.1659,10.7114
10.1879,10.5463
10.1879,10.6906
10.1879,10.7323
10.1879,10.5724
10.1879,10.4051
10.1879,10.44
10.1879,10.5972
10.1879,10.659
10.1659,10.6134
10.1879,10.4305
10.1879,10.3159
10.1879,10.2537
10.1879,10.3244
10.1879,10.2744
10.1879,10.3408
10.1879,10.5378
10.1879,10.7566
10.1879,10.5499
10.1879,10.627
10.1879,10.7587
10.1879,10.4146
10.1879,10.6017
10.1659,10.5607
10.1879,10.3671
10.1659,10.5636
10.1879,10.2322
10.1879,10.2338
10.1879,10.3381
10.1879,10.4771
10.1879,10.2892
10.1659,10.4202
10.1659,10.2743
10.1879,10.6909
10.1659,10.4693
10.1659,10.6593
10.1879,10.2805
10.1879,10.5397
10.1879,10.4701
10.1879,10.3667
10.1879,10.2451
10.1879,10.391
10.1879,10.5032
10.1879,10.335
10.1879,10.6223
10.1879,10.2573
10.1879,10.2156
10.1879,10.6123
10.1879,10.334
10.1879,10.4397
10.1879,10.6921
10.1879,10.4871
10.1879,10.5656
10.1879,10.5815
10.1879,10.3316
10.1879,10.3767
10.1879,10.3215
10.1879,10.333
10.1879,10.6305
10.1879,10.6435
10.1879,10.5721
10.1879,10.6139
10.1659,10.5934
10.1879,10.5842
10.1659,10.188
10.1879,10.3756
10.1879,10.8688
10.1879,10.5105
10.1879,10.513
10.1879,10.3596
10.1659,10.312
10.1879,10.5511
10.1879,10.4903
10.1659,10.4334
10.1879,10.6364
10.1879,10.635
10.1879,10.6572
10.1879,10.4624
10.1879,10.2017
10.1659,10.4462
10.1879,10.4579
10.1879,10.3718
10.1879,10.3918
10.1879,10.5268
10.1879,10.4794
10.1879,10.529
10.1879,10.5039
10.1879,10.5275
10.1659,10.2748
10.1879,10.7803
10.1879,10.4771
10.1659,10.339
10.1879,10.3874
10.1879,10.6375
10.1879,10.6223
10.1879,10.5556
10.1879,10.3007
10.1879,10.3994
10.1879,10.5926
10.1879,10.2776
10.1879,10.2189
10.1879,10.4815
10.1879,10.5606
10.1879,10.4529
10.1879,10.4315
10.1879,10.4759
10.1879,10.6646
10.1879,10.3281
10.1879,10.1944
10.1659,10.3602
10.1879,10.3276
10.1659,10.4032
10.1879,10.3638
10.1879,10.4038
10.1659,10.3009
10.1659,10.4437
10.1879,10.2813
10.1879,10.6058
10.1879,10.8082
10.1879,10.4169
10.1879,10.5064
10.1659,10.5143
10.1879,10.5039
10.1879,10.4166
10.1879,10.2342
10.1879,10.5338
10.1879,10.6738
10.1879,10.2568
10.1879,10.3199
10.1879,10.3992
10.1879,10.3181
10.1879,10.1905
10.1879,10.7364
10.1659,10.4985
10.1879,10.627
10.1879,10.5297
10.1879,10.4021
10.1879,10.2878
10.1879,10.2043
10.1879,10.4737
10.1879,10.281
10.1879,10.3232
10.1879,10.3769
10.1879,10.2703
10.1879,10.3955
10.1879,10.4889
10.1879,10.6473
10.1879,10.3859
10.1659,10.3352
10.1659,10.3621
10.1879,10.2395
10.1879,10.2485
10.1879,10.5506
10.1879,10.446
10.1879,10.5167
10.1879,10.6199
10.1879,10.3038
10.1879,10.5704
10.1879,10.281
10.1879,10.3166
10.1879,10.7036
10.1879,10.3676
10.1659,10.3609
10.1659,10.4099
10.1879,10.2951
10.1879,10.2098
10.1659,10.3703
10.1659,10.4769
10.1879,10.3949
10.1879,10.5292
10.1879,10.2747
10.1879,10.3383
10.1879,10.7952
10.1879,10.6316
10.1879,10.2073
10.1879,10.3396
10.1659,10.2506
10.1879,10.4189
10.1879,10.4845
10.1879,10.449
10.1879,10.4942
10.1879,10.2458
10.1879,10.4411
10.1879,10.3812
10.1879,10.7101
10.1879,10.5498
10.1659,10.2086
10.1879,10.3753
10.1879,10.6212
10.1879,10.4971
10.1659,10.5942
10.1879,10.3268
10.1659,10.6709
10.1879,10.679
10.1659,10.5174
10.1879,10.3371
10.1879,10.6093
10.1879,10.4759
10.1879,10.404
10.1879,10.2565
10.1879,10.4992
10.1879,10.5269
10.1879,10.3295
10.1659,10.3367
10.1659,10.6386
10.1879,10.6461
10.1879,10.7867
10.1879,10.5369
10.1879,10.457
10.1879,10.7101
10.1879,10.3759
10.1879,10.75
10.1879,10.6344
10.1879,10.2291
10.1659,10.3393
10.1879,10.4426
10.1879,10.3543
10.1879,10.6084
10.1879,10.4597
10.1879,10.533
10.1879,10.3434
10.1879,10.1961
10.1659,10.5475
10.1659,10.5591
10.1879,10.6965
10.1879,10.3293
10.1879,10.3767
10.1879,10.7751
10.1879,10.3378
10.1879,10.4403
10.1879,10.7012
10.1879,10.4803
10.1659,10.4822
10.1879,10.28
10.1879,10.3834
10.1879,10.3877
10.1659,10.4497
10.1879,10.6772
10.1659,10.4151
10.1879,10.4214
10.1879,10.5728
10.1879,10.3836
10.1659,10.5512
10.1659,10.5725
10.1879,10.2419
10.1879,10.3597
10.1879,10.2869
10.1659,10.2981
10.1659,10.8042
10.1879,10.2036
10.1879,10.3821
10.1879,10.5317
10.1879,10.5351
10.1879,10.5064
10.1879,10.3902
10.1879,10.3217
10.1879,10.3309
10.1879,10.7646
10.1659,10.5326
10.1879,10.3332
10.1879,10.3736
10.1879,10.5977
10.1879,10.5457
10.1879,10.4907
10.1879,10.7332
10.1659,10.8893
10.1879,10.683
10.1879,10.4661
10.1879,10.5798
10.1879,10.7985
10.1879,10.5531
10.1879,10.7671
10.1879,10.5742
10.1659,10.589
10.1879,10.5011
10.1879,10.1934
10.1879,10.2314
10.1879,10.3164
10.1879,10.5986
10.1879,10.4339
10.1879,10.5782
10.1879,10.3983
10.1879,10.5449
10.1879,10.713
10.1879,10.5483
10.1879,10.4379
10.1659,10.5875
10.1659,10.4399
10.1879,10.7239
10.1659,10.5421
10.1879,10.3688
10.1879,10.3107
10.1879,10.2107
10.1879,10.3646
10.1879,10.383
10.1879,10.9091
10.1879,10.3036
10.1879,10.4132
10.1879,10.6491
10.1879,10.8042
10.1659,10.2635
10.1659,10.3501
10.1879,10.2159
10.1879,10.4953
10.1879,10.6552
10.1879,10.5771
10.1879,10.319
10.1879,10.3332
10.1879,10.5551
10.1879,10.5631
10.1659,10.6434
10.1659,10.5261
10.1879,10.4292
10.1879,10.1897
10.1879,10.7351
10.1879,10.4449
10.1879,10.3918
10.1879,10.5057
10.1659,10.4719
10.1879,10.2299
10.1879,10.565
10.1879,10.3329
10.1879,10.5593
10.1879,10.3278
10.1879,10.4173
10.1879,10.2971
10.1879,10.1959
10.1879,10.188
10.1879,10.3469
10.1879,10.4104
10.1879,10.5347
10.1879,10.5228
10.1879,10.1881
10.1879,10.7306
10.1879,10.559
10.1879,10.4889
10.1879,10.6027
10.1659,10.2192
10.1879,10.7787
10.1879,10.4306
10.1879,10.3279
10.1879,10.3392
10.1879,10.7179
10.1879,10.7943
10.1879,10.4574
10.1879,10.5677
10.1659,10.441
10.1879,10.4975
10.1659,10.353
10.1879,10.3414
10.1879,10.6123
10.1879,10.4156
10.1879,10.6062
10.1879,10.4982
10.1659,10.525
10.1659,10.2808
10.1879,10.1962
10.1879,10.4183
10.1659,10.4896
10.1879,10.4768
10.1879,10.2252
10.1879,10.2648
10.1879,10.5073
10.1879,10.8357
10.1879,10.3435
10.1879,10.5904
10.1879,10.1879
10.1879,10.3664
10.1879,10.5218
10.1879,10.5901
10.1879,10.4003
10.1659,10.619
10.1879,10.3339
10.1879,10.436
10.1879,10.7279
10.1879,10.189
10.1879,10.3205
10.1879,10.4841
10.1879,10.3026
10.1879,10.4973
10.1659,10.844
10.1659,10.4191
10.1879,10.3674
10.1879,10.5753
10.1879,10.5962
10.1879,10.6222
10.1879,10.4352
10.1879,10.5951
10.1879,10.5099
10.1659,10.7193
10.1879,10.2373
10.1879,10.5635
10.1879,10.8297
10.1879,10.2671
10.1879,10.2207
10.1879,10.616
10.1879,10.2944
10.1879,10.3598
10.1879,10.384
10.1659,10.3501
10.1879,10.6779
10.1879,10.457
10.1659,10.2907
10.1659,10.5567
10.1879,10.3267
10.1879,10.4914
10.1659,10.5834
10.1879,10.3317
10.1879,10.2779
10.1659,10.5368
10.1659,10.6996
10.1659,10.394
10.1659,10.227
10.1659,10.5292
10.1659,10.4042
10.1659,10.3062
10.1659,10.7365
10.1659,10.5909
10.1659,10.2632
10.1659,10.502
10.1659,10.2478
10.1659,10.3612
10.1659,10.3154
10.1659,10.5391
10.1659,10.2306
10.1659,10.8321
10.1659,10.3249
10.1659,10.6482
10.1659,10.3582
10.1659,10.3505
10.1659,10.3176
10.1659,10.5669
10.1659,10.3329
10.1659,10.2729
10.1659,10.3932
10.1659,10.5917
10.1659,10.5609
10.1659,10.4315
10.1659,10.4906
10.1659,10.6575
10.1659,10.4895
10.1659,10.6354
10.1659,10.3458
10.1659,10.2851
10.1659,10.3054
10.1659,10.5257
10.1659,10.6478
10.1659,10.3594
10.1659,10.3405
10.1659,10.2997
10.1659,10.5935
10.1659,10.429
10.1659,10.3571
10.1659,10.381
10.1659,10.3282
10.1659,10.2328
10.1659,10.9068
10.1659,10.3757
10.1659,10.4409
10.1659,10.2399
10.1659,10.393
10.1659,10.1659
10.1659,10.4986
10.1659,10.2466
10.1659,10.6945
10.1659,10.7442
10.1659,10.5122
10.1659,10.6293
10.1659,10.3087
10.1659,10.2092
10.1659,10.5085
10.1659,10.6128
10.1659,10.1869
10.1659,10.3856
10.1659,10.2806
10.1659,10.4699
10.1659,10.1659
10.1659,10.2065
10.1659,10.4047
10.1659,10.4283
10.1659,10.7089
10.1659,10.601
10.1659,10.183
10.1659,10.2902
10.1659,10.3245
10.1659,10.6077
10.1659,10.5559
10.1659,10.3234
10.1659,10.6291
10.1659,10.3395
10.1659,10.4556
10.1659,10.4238
10.1659,10.6194
10.1659,10.4644
10.1659,10.1801
10.1659,10.8233
10.1659,10.4965
10.1659,10.5936
10.1659,10.6206
10.1659,10.452
10.1659,10.4727
10.1659,10.2465
10.1659,10.6146
10.1659,10.3411
10.1659,10.2576
10.1659,10.5853
10.1659,10.5448
10.1659,10.3118
10.1659,10.5462
10.1659,10.6923
10.1659,10.6298
10.1659,10.225
10.1659,10.1659
10.1659,10.5203
10.1659,10.3907
10.1659,10.3178
10.1659,10.3151
10.1659,10.5053
10.1659,10.5512
10.1659,10.3615
10.1659,10.4189
10.1659,10.4223
10.1659,10.4264
10.1659,10.3791
10.1659,10.308
10.1659,10.6687
10.1659,10.2884
10.1659,10.2529
10.1659,10.4818
10.1659,10.2019
10.1659,10.5533
10.1659,10.6176
10.1659,10.4835
10.1659,10.4344
10.1659,10.2961
10.1659,10.8972
10.1659,10.4283
10.1659,10.543
10.1659,10.584
10.1659,10.4005
10.1659,10.4585
10.1659,10.6195
10.1659,10.5193
10.1659,10.6104
10.1659,10.5154
10.1659,10.6093
10.1659,10.4079
10.1659,10.5674
10.1659,10.2882
10.1659,10.2708
10.1659,10.4963
10.1659,10.3942
10.1659,10.4656
10.1659,10.5475
10.1659,10.2044
10.1659,10.7304
10.1659,10.4298
10.1659,10.3702
10.1659,10.3193
10.1659,10.5232
10.1659,10.7211
10.1659,10.609
10.1659,10.4028
10.1659,10.4601
10.1659,10.7452
10.1659,10.2336
10.1659,10.3771
10.1659,10.2842
10.1659,10.3395
10.1659,10.4095
10.1659,10.6707
10.1659,10.321
10.1659,10.5174
10.1659,10.6454
10.1659,10.4244
10.1659,10.3998
10.1659,10.4938
10.1659,10.515
10.1659,10.3916
10.1659,10.631
10.1659,10.3299
10.1659,10.4153
10.1659,10.3685
10.1659,10.357
10.1659,10.653
10.1659,10.718
10.1659,10.5548
10.1659,10.2424
10.1659,10.3335
10.1659,10.5178
10.1659,10.384
10.1659,10.3866
10.1659,10.7242
10.1659,10.3157
10.1659,10.6002
10.1659,10.8552
10.1659,10.3327
10.1659,10.2434
10.1659,10.4183
10.1659,10.5631
10.1659,10.5212
10.1659,10.2042
10.1659,10.2299
10.1659,10.6023
10.1659,10.2738
10.1659,10.2434
10.1659,10.5902
10.1659,10.4656
10.1659,10.4848
10.1659,10.5419
10.1659,10.5523
10.1659,10.1695
10.1659,10.3019
10.1659,10.4317
10.1659,10.4332
10.1659,10.6774
10.1659,10.3692
10.1659,10.2398
10.1659,10.3542
10.1659,10.2651
10.1659,10.4694
10.1659,10.324
10.1659,10.3466
10.1659,10.4191
10.1659,10.5766
10.1659,10.4619
10.1659,10.1873
10.1659,10.1794
10.1659,10.6593
10.1659,10.3328
10.1659,10.4259
10.1659,10.6109
10.1659,10.2432
10.1659,10.6196
10.1659,10.8063
10.1659,10.456
10.1659,10.6373
10.1659,10.6482
10.1659,10.182
10.1659,10.3142
10.1659,10.38
10.1659,10.2205
10.1659,10.3452
10.1659,10.2251
10.1659,10.3919
10.1659,10.5249
10.1659,10.399
10.1659,10.6197
10.1659,10.6912
10.1659,10.7802
10.1659,10.5892
10.1659,10.2009
10.1659,10.2372
10.1659,10.5511
10.1659,10.4883
10.1659,10.5421
10.1659,10.7593
10.1659,10.6123
10.1659,10.7802
10.1659,10.4434
10.1659,10.2207
10.1659,10.371
10.1659,10.4929
10.1659,10.9485
10.1659,10.3695
10.1659,10.3635
10.1659,10.3446
10.1659,10.4301
10.1659,10.5032
10.1659,10.3071
10.1659,10.3472
10.1659,10.5457
10.1659,10.2186
10.1659,10.3633
10.1659,10.2001
10.1659,10.3756
10.1659,10.5521
10.1659,10.2977
10.1659,10.636
10.1659,10.4729
10.1659,10.2368
10.1659,10.8308
10.1659,10.5225
10.1659,10.2626
10.1659,10.3562
10.1659,10.3999
10.1659,10.2885
10.1659,10.6319
10.1659,10.5855
10.1659,10.677
10.1659,10.5255
10.1659,10.4056
10.1659,10.2211
10.1659,10.4668
10.1659,10.4876
10.1659,10.2169
10.1659,10.6302
10.1659,10.5018
10.1659,10.2197
10.1659,10.6297
10.1659,10.2314
10.1659,10.6244
10.1659,10.2437
10.1659,10.5757
10.1659,10.4906
10.1659,10.5681
10.1659,10.3239
10.1659,10.3201
10.1659,10.5131
10.1659,10.81
10.1659,10.5521
10.1659,10.586
10.1659,10.5491
10.1659,10.3895
10.1659,10.4297
10.1659,10.2947
10.1659,10.291
10.1659,10.2418
10.1659,10.5745
10.1659,10.2692
10.1659,10.4034
10.1659,10.3264
10.1659,10.2547
10.1659,10.493
10.1659,10.3578
10.1659,10.4946
10.1659,10.6308
10.1659,10.4378
10.1659,10.3318
10.1659,10.4601
10.1659,10.6147
10.1659,10.7049
10.1659,10.1853
10.1659,10.2275
10.1659,10.3576
10.1659,10.5968
10.1659,10.5077
10.1659,10.5391
10.1659,10.5408
10.1659,10.3085
10.1659,10.2672
10.1659,10.4403
10.1659,10.2715
10.1659,10.6022
10.1659,10.4648
10.1659,10.1659
10.1659,10.4165
10.1659,10.346
10.1659,10.7082
10.1659,10.473
10.1659,10.4445
10.1659,10.6533
10.1659,10.4751
10.1659,10.4178
10.1659,10.5142
10.1659,10.4865
10.1659,10.4158
10.1659,10.3476
10.1659,10.3669
10.1659,10.2544
10.1659,10.2924
10.1659,10.766
10.1659,10.589
10.1659,10.4105
10.1659,10.1882
10.1659,10.3602
10.1659,10.5784
10.1659,10.5674
10.1659,10.4071
10.1659,10.5708
10.1659,10.178
10.1659,10.8803
10.1659,10.4369
10.1659,10.4552
10.1659,10.3002
10.1659,10.5101
10.1659,10.2149
10.1659,10.3435
10.1659,10.4313
10.1659,10.1935
10.1659,10.4367
10.1659,10.4869
10.1659,10.3449
10.1659,10.4719
10.1659,10.3325
10.1659,10.3977
10.1659,10.4892
10.1659,10.2504
10.1659,10.3387
10.1659,10.4146
10.1659,10.4362
10.1659,10.3773
10.1659,10.3212
10.1659,10.8518
10.1659,10.6038
10.1659,10.547
10.1659,10.3987
10.1659,10.5707
10.1659,10.5711
10.1659,10.6405
10.1659,10.615
10.1659,10.4555
10.1659,10.3123
10.1659,10.4928
10.1659,10.6962
10.1659,10.6474
10.1659,10.4395
10.1659,10.4225
10.1659,10.7888
10.1659,10.4351
10.1659,10.3528
10.1659,10.3292
10.1659,10.3746
10.1659,10.9677
10.1659,10.3811
10.1659,10.4922
10.1659,10.3937
10.1659,10.3428
10.1659,10.8364
10.1659,10.2397
10.1659,10.6546
10.1659,10.5282
10.1659,10.3918
10.1659,10.4155
10.1659,10.3646
10.1659,10.2377
10.1659,10.4708
10.1659,10.3126
10.1659,10.2819
10.1659,10.599
10.1659,10.4838
10.1659,10.9601
10.1659,10.2446
10.1659,10.4746
10.1659,10.1725
10.1659,10.3737
10.1659,10.6497
10.1659,10.3934
10.1659,10.2355
10.1659,10.2098
10.1659,10.1786
10.1659,10.5764
10.1659,10.212
10.1659,10.4199
10.1659,10.4587
10.1659,10.3559
10.1659,10.3741
10.1659,10.7343
10.1659,10.4882
10.1659,10.4417
10.1659,10.2322
10.1659,10.3021
10.1659,10.7027
10.1659,10.4826
10.1659,10.2878
10.1659,10.2955
10.1659,10.3365
10.1659,10.4822
10.1659,10.6475
10.1659,10.5643
10.1659,10.3376
10.1659,10.2199
10.1659,10.4588
10.1659,10.5634
10.1659,10.515
10.1659,10.375
10.1659,10.21
10.1659,10.2142
10.1659,10.3168
10.1659,10.2949
10.1659,10.4054
10.1659,10.6146
10.1659,10.4034
10.1659,10.7309
10.1659,10.594
10.1659,10.5275
10.1659,10.4355
10.1659,10.518
10.1659,10.4947
10.1659,10.2665
10.1659,10.6082
10.1659,10.2925
10.1659,10.2469
10.1659,10.2612
10.1659,10.2773
10.1659,10.7652
10.1659,10.7488
10.1659,10.6402
10.1659,10.5455
10.1659,10.9936
10.1659,10.5951
10.1659,10.5991
10.1659,10.2279
10.1659,10.3905
10.1659,10.332
10.1659,10.2383
10.1659,10.1795
10.1659,10.4892
10.1659,10.3203
10.1659,10.4435
10.1659,10.5958
10.1659,10.5097
10.1659,10.6402
10.1659,10.7384
10.1659,10.6288
10.1659,10.4902
10.1659,10.3608
10.1659,10.5645
10.1659,10.4476
10.1659,10.3326
10.1659,10.5867
10.1659,10.6449
10.1659,10.3406
10.1659,10.5632
10.1659,10.1659
10.1659,10.3189
10.1659,10.5573
10.1659,10.6471
10.1659,10.1763
10.1659,10.5251
10.1659,10.4746
10.1659,10.2516
10.1659,10.5828
10.1659,10.4115
10.1659,10.2697
10.1659,10.677
10.1659,10.1823
10.1659,10.4566
10.1659,10.3645
10.1659,10.2113
10.1659,10.4983
10.1659,10.4197
10.1659,10.8163
10.1659,10.4381
10.1659,10.2368
10.1659,10.3753
10.1659,10.5568
10.1659,10.435
10.1659,10.4999
10.1659,10.2833
10.1659,10.1831
10.1659,10.2969
10.1659,10.1806
10.1659,10.2312
10.1659,10.5983
10.1659,10.5753
10.1659,10.4431
10.1659,10.4202
10.1659,10.2748
10.1659,10.2924
10.1659,10.4559
10.1659,10.3221
10.1659,10.4764
10.1659,10.5054
10.1659,10.3624
10.1659,10.5459
10.1659,10.256
10.1659,10.1661
10.1659,10.2068
10.1659,10.5035
10.1659,10.6343
10.1659,10.8081
10.1659,10.5061
10.1659,10.4301
10.1659,10.5175
10.1659,10.6495
10.1659,10.283
10.1659,10.5418
10.1659,10.314
10.1659,10.5528
10.1659,10.1795
10.1659,10.2298
10.1659,10.443
10.1659,10.3829
10.1659,10.3577
10.1659,10.3069
10.1659,10.378
10.1659,10.5696
10.1659,10.4482
10.1659,10.2547
10.1659,10.7603
10.1659,10.3534
10.1659,10.5184
10.1659,10.4385
10.1659,10.1664
10.1659,10.3653
10.1659,10.3231
10.1659,10.4101
10.1659,10.7392
10.1659,10.4509
10.1659,10.4063
10.1659,10.2195
10.1659,10.2903
10.1659,10.1989
10.1659,10.3648
10.1659,10.5778
10.1659,10.2646
10.1659,10.4488
10.1659,10.1732
10.1659,10.5194
10.1659,10.2118
10.1659,10.6299
10.1659,10.5141
10.1659,10.2081
10.1659,10.4235
10.1659,10.4613
10.1659,10.283
10.1659,10.4868
10.1659,10.348
10.1659,10.6646
10.1659,10.2843
10.1659,10.2987
10.1659,10.4493
10.1659,10.2334
10.1659,10.794
10.1659,10.3532
10.1659,10.3653
10.1659,10.4231
10.1659,10.5218
10.1659,10.5467
10.1659,10.2652
10.1659,10.5453
10.1659,10.577
10.1659,10.2895
10.1659,10.1777
10.1659,10.5485
10.1659,10.2718
10.1659,10.5413
10.1659,10.6783
10.1659,10.4059
10.1659,10.2193
10.1659,10.4739
10.1659,10.431
10.1659,10.3854
10.1659,10.3701
10.1659,10.1828
10.1659,10.3192
10.1659,10.4392
10.1659,10.1659
10.1659,10.3651
10.1659,10.564
10.1659,10.4205
10.1659,10.4151
10.1659,10.4851
10.1659,10.5428
10.1659,10.5807
10.1659,10.3046
10.1659,10.3731
10.1659,10.5391
10.1659,10.4046
10.1659,10.3584
10.1659,10.2371
10.1659,10.338
10.1659,10.241
10.1659,10.3784
10.1659,10.4282
10.1659,10.2894
10.1659,10.5713
10.1659,10.2741
10.1659,10.2923
10.1659,10.2763
10.1659,10.2319
10.1659,10.2406
10.1659,10.4586
10.1659,10.4524
10.1659,10.3898
10.1659,10.1793
10.1659,10.7784
10.1659,10.5788
10.1659,10.4662
10.1659,10.3439
10.1659,10.5403
10.1659,10.2637
10.1659,10.6524
10.1659,10.5259
10.1659,10.5729
10.1659,10.2272
10.1659,10.4951
10.1659,10.2699
10.1659,10.3015
10.1659,10.3031
10.1659,10.3306
10.1659,10.2425
10.1659,10.1771
10.1659,10.1735
10.1659,10.7346
10.1659,10.3853
10.1659,10.6641
10.1659,10.6694
10.1659,10.1778
10.1659,10.7695
10.1659,10.412
10.1659,10.3622
10.1659,10.7845
10.1659,10.3826
10.1659,10.5637
10.1659,10.2135
10.1659,10.6439
10.1659,10.4486
10.1659,10.4533
10.1659,10.5304
10.1659,10.5587
10.1659,10.3533
10.1659,10.3797
10.1659,10.3247
10.1659,10.2332
10.1659,10.6931
10.1659,10.3069
10.1659,10.4164
10.1659,10.6533
10.1659,10.2303
10.1659,10.4704
10.1659,10.3671
10.1659,10.3384
10.1659,10.2683
10.1659,10.3363
10.1659,10.4744
10.1659,10.5352
10.1659,10.5466
10.1659,10.198
10.1659,10.4665
10.1659,10.5198
10.1659,10.6634
10.1659,10.4907
10.1659,10.6415
10.1659,10.271
10.1659,10.6025
10.1659,10.6216
10.1659,10.5357
10.1659,10.6139
10.1659,10.3626
10.1659,10.5492
10.1659,10.4817
10.1659,10.2052
10.1659,10.2897
10.1659,10.9386
10.1659,10.3938
10.1659,10.5369
10.1659,10.6339
10.1659,10.4849
10.1659,10.5138
10.1659,10.3732
10.1659,10.2608
10.1659,10.1925
10.1659,10.6603
10.1659,10.4651
10.1659,10.2906
10.1659,10.3869
10.1659,10.292
10.1659,10.2007
10.1659,10.6409
10.1659,10.3174
10.1659,10.3508
10.1659,10.3463
10.1659,10.6029
10.1659,10.183
10.1659,10.3467
10.1659,10.2207
10.1659,10.3778
10.1659,10.6038
10.1659,10.4472
10.1659,10.2925
10.1659,10.6095
10.1659,10.6623
10.1659,10.5856
10.1659,10.9017
10.1659,10.2519
10.1659,10.4862
10.1659,10.8057
10.1659,10.3235
10.1659,10.2669
10.1659,10.5602
10.1659,10.3669
10.1659,10.4163
10.1659,10.2261
10.1659,10.458
10.1659,10.2771
10.1659,10.6367
10.1659,10.3296
10.1659,10.2948
10.1659,10.4561
10.1659,10.6431
10.1659,10.4027
10.1659,10.383
10.1659,10.1681
10.1659,10.5258
10.1659,10.26
10.1659,10.2116
10.1659,10.4743
10.1659,10.6516
10.1659,10.3946
10.1659,10.6491
10.1659,10.2
10.1659,10.2222
10.1659,10.5654
10.1659,10.3731
10.1659,10.2239
10.1659,10.4146
10.1659,10.4075
10.1659,10.2451
10.1659,10.345
10.1659,10.4178
10.1659,11.1755
10.1659,10.5002
10.1659,10.4418
10.1659,10.2428
10.1659,10.5062
10.1659,10.2825
10.1659,10.5017
10.1659,10.4135
10.1659,10.6051
10.1659,10.4123
10.1659,10.1714
10.1659,10.4333
10.1659,10.238
10.1659,10.6053
10.1659,10.3758
10.1659,10.4111
10.1659,10.8509
10.1659,10.4996
10.1659,10.3104
10.1659,10.5584
10.1659,10.3354
10.1659,10.2549
10.1659,10.466
10.1659,10.3672
10.1659,10.2948
10.1659,10.5207
10.1659,10.6708
10.1659,10.3407
10.1659,10.728
10.1659,10.3252
10.1659,10.4372
10.1659,10.8058
10.1659,10.6441
10.1659,10.3626
10.1659,10.4743
10.1659,10.2824
10.1659,10.3177
10.1659,10.8957
10.1659,10.3295
10.1659,10.209
10.1659,10.2752
10.1659,10.5902
10.1659,10.4229
10.1659,10.441
10.1659,10.4508
10.1659,10.1711
10.1659,10.428
10.1659,10.4326
10.1659,10.5815
10.1659,10.5549
10.1659,10.2581
10.1659,10.4177
10.1659,10.3661
10.1659,10.4269
10.1659,10.3563
10.1659,10.352
10.1659,10.4751
10.1659,10.549
10.1659,10.6668
10.1659,10.6444
10.1659,10.5994
10.1659,10.1938
10.1659,10.4232
10.1659,10.1781
10.1659,10.34
10.1659,10.4074
10.1659,10.2823
10.1659,10.4911
10.1659,10.5464
10.1659,10.3907
10.1659,10.3808
10.1659,10.4943
10.1659,10.6374
10.1659,10.4558
10.1659,10.2261
10.1659,10.4258
10.1659,10.3258
10.1659,10.455
10.1659,10.3036
10.1659,10.2408
10.1659,10.3282
10.1659,10.4067
10.1659,10.2583
10.1659,10.4747
10.1659,10.5724
10.1659,10.3476
10.1659,10.343
10.1659,10.8523
10.1659,10.4494
10.1659,10.329
10.1659,10.4218
10.1659,10.3172
10.1659,10.8374
10.1659,10.598
10.1659,10.2898
10.1659,10.6984
10.1659,10.5098
10.1659,10.4776
10.1659,10.3704
10.1659,10.3856
10.1659,10.6035
10.1659,10.1841
10.1659,10.4799
10.1659,10.3831
10.1659,10.5264
10.1659,10.9938
10.1659,10.5737
10.1659,10.7555
10.1659,10.4866
10.1659,10.7445
10.1659,10.3407
10.1659,10.4975
10.1659,10.4132
10.1659,10.508
10.1659,10.5928
10.1659,10.4726
10.1659,10.3209
10.1659,10.1966
10.1659,10.5368
10.1659,10.4477
10.1659,10.7415
10.1659,10.4175
10.1659,10.4973
10.1659,10.3568
10.1659,10.3734
10.1659,10.3337
10.1659,10.4297
10.1659,10.4295
10.1659,10.3483
10.1659,10.2129
10.1659,10.3747
10.1659,10.6343
10.1659,10.1819
10.1659,10.2513
10.1659,10.5961
10.1659,10.2499
10.1659,10.3703
10.1659,10.3234
10.1659,10.3747
10.1659,10.5355
10.1659,10.25
10.1659,10.4328
10.1659,10.4915
10.1659,10.2967
10.1659,10.5779
10.1659,10.3037
10.1659,10.216
10.1659,10.6166
10.1659,10.168
10.1659,10.5686
10.1659,10.3401
10.1659,10.6612
10.1659,10.4605
10.1659,10.5192
10.1659,10.6011
10.1659,10.3005
10.1659,10.556
10.1659,10.5455
10.1659,10.4884
10.1659,10.3339
10.1659,10.268
10.1659,10.4158
10.1659,10.5105
10.1659,10.6911
10.1659,10.3464
10.1659,10.5576
10.1659,10.2488
10.1659,10.4217
10.1659,10.3936
10.1659,10.1873
10.1659,10.6248
10.1659,10.529
10.1659,10.666
10.1659,10.486
10.1659,10.593
10.1659,10.5272
10.1659,10.6674
10.1659,10.6367
10.1659,10.4128
10.1659,10.4643
10.1659,10.3186
10.1659,10.7246
10.1659,10.7214
10.1659,10.2797
10.1659,10.6739
10.1659,10.3446
10.1659,10.4572
10.1659,10.6648
10.1659,10.174
10.1659,10.1987
10.1659,10.4079
10.1659,10.1967
10.1659,10.4715
10.1659,10.3923
10.1659,10.6605
10.1659,10.6261
10.1659,10.4492
10.1659,10.4122
10.1659,10.5262
10.1659,10.3087
10.1659,10.4354
10.1659,10.212
10.1659,10.4301
10.1659,10.33
10.1659,10.3922
10.1659,10.2364
10.1659,10.5821
10.1659,10.4405
10.1659,10.4814
10.1659,10.3953
10.1659,10.5962
10.1659,10.6166
10.1659,10.5802
10.1659,10.4856
10.1659,10.4686
10.1659,10.2206
10.1659,10.2847
10.1659,10.3527
10.1659,10.5017
10.1659,10.3517
10.1659,10.4431
10.1659,10.3668
10.1659,10.2876
10.1659,10.6107
10.1659,10.6469
10.1659,10.7372
10.1659,10.7503
10.1659,10.1947
10.1659,10.5343
10.1659,10.2448
10.1659,10.5301
10.1659,10.4875
10.1659,10.5157
10.1659,10.2441
10.1659,10.3107
10.1659,10.4227
10.1659,10.5528
10.1659,10.4467
10.1659,10.5794
10.1659,10.3567
10.1659,10.4369
10.1659,10.5908
10.1659,10.2091
10.1659,10.6324
10.1659,10.2452
10.1659,10.2081
10.1659,10.9202
10.1659,10.3564
10.1659,10.1748
10.1659,10.4463
10.1659,10.6304
10.1659,10.5141
10.1659,10.2677
10.1659,10.3451
10.1659,10.327
10.1659,10.2495
10.1659,10.4675
10.1659,10.525
10.1659,10.4795
10.1659,10.5489
10.1659,10.4176
10.1659,10.3892
10.1659,10.7543
10.1659,10.5269
10.1659,10.5288
10.1659,10.4973
10.1659,10.2408
10.1659,10.2459
10.1659,10.2711
10.1659,10.4234
10.1659,10.7792
10.1659,10.4476
10.1659,10.278
10.1659,10.4808
10.1659,10.6379
10.1659,10.3671
10.1659,10.3651
10.1659,10.4292
10.1659,10.434
10.1659,10.701
10.1659,10.3201
10.1659,10.6085
10.1659,10.3571
10.1659,10.4845
10.1659,10.5294
10.1659,10.3598
10.1659,10.2144
10.1659,10.4383
10.1659,10.3317
10.1659,10.4041
10.1659,10.4443
10.1659,10.5762
10.1659,10.2407
10.1659,10.4284
10.1659,10.4105
10.1659,10.3564
10.1659,10.7829
10.1659,10.5402
10.1659,10.627
10.1659,10.2631
10.1659,10.5362
10.1659,10.3399
10.1659,10.4941
10.1659,10.4506
10.1659,10.3967
10.1659,10.4603
10.1659,10.4332
10.1659,10.3343
10.1659,10.4865
10.1659,10.4022
10.1659,10.6145
10.1659,10.4841
10.1659,10.3596
10.1659,10.399
10.1659,10.5963
10.1659,10.1752
10.1659,10.4819
10.1659,10.5857
10.1659,10.2247
10.1659,10.6158
10.1659,10.2252
10.1659,10.4211
10.1659,10.5027
10.1659,10.3865
10.1659,10.6206
10.1659,10.2291
10.1659,10.2308
10.1659,10.5034
10.1659,10.1898
10.1659,10.8094
10.1659,10.7071
10.1659,10.211
10.1659,10.6558
10.1659,10.3958
10.1659,10.554
10.1659,10.4478
10.1659,10.3142
10.1659,10.5346
10.1659,10.22
10.1659,10.4253
10.1659,10.4842
10.1659,10.4018
10.1659,10.4184
10.1659,10.3536
10.1659,10.6022
10.1659,10.489
10.1659,10.2479
10.1659,10.2855
10.1659,10.7696
10.1659,10.2429
10.1659,10.373
10.1659,10.3263
10.1659,10.2641
10.1659,10.212
10.1659,10.3818
10.1659,10.1798
10.1659,10.3238
10.1659,10.8261
10.1659,10.2754
10.1659,10.2127
10.1659,10.197
10.1659,10.1822
10.1659,10.4289
10.1659,10.3284
10.1659,10.3522
10.1659,10.441
10.1659,10.2053
10.1659,10.2811
10.1659,10.1793
10.1659,10.2049
10.1659,10.2898
10.1659,10.6201
10.1659,10.4937
10.1659,10.7832
10.1659,10.3842
10.1659,10.5506
10.1659,10.2691
10.1659,10.5914
10.1659,10.4286
10.1659,10.5095
10.1659,10.5423
10.1659,10.4435
10.1659,10.6836
10.1659,10.672
10.1659,10.3686
10.1659,10.534
10.1659,10.1848
10.1659,10.2762
10.1659,10.4981
10.1659,10.3245
10.1659,10.4849
10.1659,10.4239
10.1659,10.5829
10.1659,10.2937
10.1659,11.0113
10.1659,10.2798
10.1659,10.3871
10.1659,10.2259
10.1659,10.4673
10.1659,10.2207
10.1659,10.4989
10.1659,10.3508
10.1659,10.3357
10.1659,10.6285
10.1659,10.3951
10.1659,10.4787
10.1659,10.4501
10.1659,10.5675
10.1659,10.7181
10.1659,10.7401
10.1659,10.5407
10.1659,10.567
10.1659,10.43
10.1659,10.2579
10.1659,10.4267
10.1659,10.1847
10.1659,10.349
10.1659,10.3162
10.1659,10.5705
10.1659,10.4081
10.1659,10.7407
10.1659,10.3208
10.1659,10.6576
10.1659,10.3191
10.1659,10.3644
10.1659,10.3754
10.1659,10.5055
10.1659,10.5664
10.1659,10.7996
10.1659,10.6281
10.1659,10.5239
10.1659,10.3236
10.1659,10.2912
10.1659,10.3894
10.1659,10.2956
10.1659,10.1909
10.1659,10.4268
10.1659,10.2411
10.1659,10.4898
10.1659,10.6515
10.1659,10.2545
10.1659,10.6206
10.1659,10.3349
10.1659,10.5067
10.1659,10.3865
10.1659,10.5701
10.1659,10.5554
10.1659,10.2632
10.1659,10.7114
10.1659,10.3091
10.1659,10.2721
10.1659,10.6106
10.1659,10.2579
10.1659,10.4563
10.1659,10.6513
10.1659,10.5913
10.1659,10.5437
10.1659,10.4543
10.1659,10.676
10.1659,10.3128
10.1659,10.4749
10.1659,10.8052
10.1659,10.3504
10.1659,10.7347
10.1659,10.2975
10.1659,10.2785
10.1659,10.5658
10.1659,10.9109
10.1659,10.2045
10.1659,10.3167
10.1659,10.3557
10.1659,10.2672
10.1659,10.5676
10.1659,10.4383
10.1659,10.5334
10.1659,10.6218
10.1659,10.621
10.1659,10.3866
10.1659,10.2715
10.1659,10.5646
10.1659,10.5463
10.1659,10.5832
10.1659,10.3467
10.1659,10.6016
10.1659,10.2805
10.1659,10.1969
10.1659,10.4021
10.1659,10.1736
10.1659,10.4752
10.1659,10.4847
10.1659,10.4037
10.1659,10.4717
10.1659,10.5796
10.1659,10.4226
10.1659,10.2455
10.1659,10.2009
10.1659,10.7361
10.1659,10.295
10.1659,10.2153
10.1659,10.3916
10.1659,10.4265
10.1659,10.2968
10.1659,10.1659
10.1659,10.4378
10.1659,10.5289
10.1659,10.5745
10.1659,10.5602
10.1659,10.4203
10.1659,10.2829
10.1659,10.1897
10.1659,10.6644
10.1659,10.2554
10.1659,10.4368
10.1659,10.2902
10.1659,10.7568
10.1659,10.4628
10.1659,10.4028
10.1659,10.6294
10.1659,10.6571
10.1659,10.6348
10.1659,10.6059
10.1659,10.3805
10.1659,10.7302
10.1659,10.1913
10.1659,10.3453
10.1659,10.7444
10.1659,10.5835
10.1659,10.5628
10.1659,10.6377
10.1659,10.5249
10.1659,10.3973
10.1659,10.5831
10.1659,10.6699
10.1659,10.3955
10.1659,10.2873
