33.9097,40.1777
30.2871,34.8602
27.8864,30.9978
24.8344,29.1394
24.6641,27.7099
24.2217,26.3524
24.0451,25.6441
22.818,24.9721
21.679,24.0547
22.3789,23.5645
21.8015,23.0143
21.4455,22.1634
20.2579,21.8741
19.9053,21.4847
18.8282,20.4439
19.0971,19.9312
19.092,19.7158
19.1278,19.666
18.9348,19.6413
18.8575,19.276
18.1489,19.1162
16.6513,18.6628
17.0609,18.3285
16.0786,18.023
16.4511,17.0379
15.7762,16.7007
15.029,16.3316
15.1202,15.9929
14.9192,15.8822
13.5275,15.1039
14.475,14.8137
14.3133,14.5125
13.0579,14.4873
14.4111,14.7274
14.3133,14.8745
14.3856,14.5957
14.256,14.3963
14.2223,14.4254
14.0787,14.5825
14.0201,14.2887
14.0201,14.3099
14.1455,14.5887
13.9747,14.1449
13.0005,14.431
13.9747,14.3573
14.0543,14.4507
14.0517,14.3189
13.891,14.0871
13.839,14.388
13.8833,14.6856
13.966,14.1958
13.7479,13.9668
12.8211,14.0777
13.5814,13.9428
13.5131,13.7181
13.5651,14.2238
13.5651,14.0758
13.548,13.7616
13.5651,13.7244
13.5651,13.6788
13.5651,13.5906
13.4122,13.8086
13.5651,13.6147
13.3954,13.8468
13.3954,13.7067
13.3954,13.5184
13.3954,13.4918
13.3271,13.4611
13.3784,13.5308
13.261,13.8254
12.9985,13.3746
13.3403,13.4376
13.31,13.6508
13.3403,13.6985
12.9985,13.5005
13.3784,13.9109
13.3784,13.5217
13.3784,13.4593
13.3782,13.7458
13.3784,13.6214
13.3784,13.5756
13.31,13.5479
13.31,13.5631
13.2291,13.7129
12.0474,13.4337
13.3634,13.4965
12.0474,13.6717
12.9836,13.7434
12.9836,13.7385
12.5007,13.126
12.6219,13.1257
12.5007,12.7151
12.5046,12.8079
12.2552,12.6938
11.7824,12.5762
12.1208,12.7769
12.233,13.0088
11.4444,12.5127
11.2419,12.2697
10.9836,11.767
11.3202,11.4872
11.2039,11.7767
11.3723,11.581
10.8906,11.6148
11.2787,11.4925
11.1135,11.4014
11.023,11.4641
11.104,11.2399
10.7846,11.332
10.6191,11.1897
11.104,11.4596
11.104,11.2074
11.0738,11.5201
10.7751,11.2117
10.7751,11.319
10.7751,11.2735
10.6846,11.1299
10.7751,11.1034
10.7751,10.9128
10.2806,11.2718
10.6981,10.7874
10.6076,11.0007
10.6981,10.9966
10.6981,11.0822
10.6981,10.9905
10.6981,10.9087
10.6981,10.9972
10.6981,10.7482
10.6981,10.8195
10.6981,11.0002
10.6981,10.7766
10.6981,10.9089
10.2036,10.818
10.6981,11.1729
10.6981,11.2254
10.6981,10.7426
10.6076,10.7901
10.6076,11.1611
10.6981,10.9236
10.2036,11.2321
10.6076,11.4595
10.6981,10.8239
10.2036,10.7849
10.6981,10.7817
10.6981,11.1499
10.6981,11.0469
10.6076,10.9285
10.6981,10.9471
10.4432,10.9268
10.4432,10.8519
10.6076,10.9398
10.4432,10.7554
10.6981,10.9958
10.6981,11.196
10.6981,11.3322
10.6981,11.0682
10.2036,11.1375
10.6981,10.9784
10.6981,10.8961
10.2036,10.938
10.6981,11.0692
10.6981,11.0296
10.2036,10.7706
10.3527,11.0824
10.4432,10.7812
10.4431,10.5713
9.94874,10.7128
10.4432,10.7595
10.4432,10.9234
9.94874,10.5783
10.4432,10.622
10.4422,10.6197
9.94874,10.4959
10.4422,10.4756
10.4422,11.1915
10.4422,10.9089
10.4422,10.9351
10.4422,10.5086
10.4422,10.7753
10.3517,10.4727
10.4422,10.9889
10.4422,10.717
10.4422,10.9682
9.94774,10.4522
10.4422,10.5408
9.94774,10.7644
10.4422,10.7433
10.4422,10.9073
10.4422,10.4978
9.94774,10.7054
10.4422,10.7285
10.4421,10.4441
10.4422,10.8202
9.94774,11.0928
10.3517,10.7846
10.4422,10.5642
9.94774,11.0018
10.4422,10.9274
10.4422,10.8561
10.4422,10.5465
10.4422,10.7597
10.4422,10.6961
10.4422,10.8277
10.4422,10.8792
10.4422,10.8136
10.3517,10.7684
10.4421,10.6697
9.94774,10.4537
9.94774,10.5581
9.94774,10.2695
9.94774,10.054
9.94774,10.2496
9.94774,10.4583
9.94774,10.1081
9.94774,10.3907
9.94764,10.2982
9.85661,9.98862
9.85661,10.4016
9.94774,10.1271
9.94774,10.7342
9.94774,10.1669
9.94774,10.212
9.94774,10.0556
9.94774,10.4956
9.94774,10.0091
9.94774,10.0565
9.85661,9.96894
9.94774,10.3619
9.94774,10.2445
9.94774,10.261
9.85661,10.1367
9.94774,10.2726
9.94774,10.1345
9.85661,10.041
9.94764,10.0166
9.94764,10.161
9.94764,10.0048
9.94764,10.2048
9.94764,10.2012
9.94764,9.94764
9.94764,10.2151
9.94764,10.4599
9.94764,10.4437
9.94764,10.072
9.94764,10.4579
9.94764,10.3548
9.94764,10.128
9.85651,10.2133
9.94764,9.98402
9.94764,10.0788
9.94764,10.1287
9.94764,10.2926
9.94764,10.0681
9.94764,10.2156
9.85651,10.3645
9.94764,10.506
9.94764,10.2301
9.94764,10.5511
9.85651,10.1869
9.94764,10.5035
9.85651,10.0582
9.85651,10.5128
9.85651,10.317
9.85651,10.2686
9.85651,9.92248
9.85651,10.0329
9.85651,10.312
9.85651,10.0533
9.85651,10.0519
9.85651,10.1989
9.85651,10.0825
9.85651,10.1929
9.85651,10.4374
9.85651,10.0605
9.85651,10.1095
9.85651,10.2363
9.85651,10.4092
9.85651,9.87302
9.85651,10.1083
9.85651,10.1139
9.85651,10.1925
9.85651,10.3607
9.85651,10.3282
9.85651,10.4017
9.85651,9.89979
9.85651,10.1884
9.85651,10.2757
9.85651,9.86918
9.85651,10.1986
9.85651,10.3692
9.85651,10.6294
9.85651,10.2061
9.85651,10.0054
9.85651,10.3363
9.85651,10.2521
9.85651,10.0167
9.85651,9.91191
9.85651,10.2833
9.85651,10.037
9.85651,10.0773
9.85651,10.348
9.85651,10.2101
9.85651,10.3357
9.85651,10.1887
9.85651,10.1055
9.85651,9.86732
9.85651,9.96746
9.85651,10.1971
9.85651,9.93895
9.85651,9.97495
9.85651,10.03
9.85651,10.0821
9.85651,10.3663
9.85651,9.99093
9.85651,9.88416
9.85651,9.98473
9.85651,10.1064
9.85651,10.1909
9.85651,10.3163
9.85651,10.3552
9.85651,10.2001
9.85651,10.2251
9.85651,9.98444
9.85651,9.87731
9.85651,10.0156
9.85651,10.1185
9.85651,10.3841
9.85651,10.0174
9.85651,10.192
9.85651,9.94867
9.85651,10.1287
9.85651,10.0937
9.85651,10.0984
9.85651,9.9026
9.85651,9.8785
9.85651,10.0356
9.85651,10.0813
9.85651,10.1698
9.85651,10.3647
9.85651,10.2683
9.85651,9.96672
9.85651,10.1914
9.85651,10.1197
9.85651,10.3105
9.85651,10.2128
9.85651,10.1463
9.85651,10.2341
9.85651,10.1606
9.85651,10.3652
9.85651,10.0799
9.85651,10.0595
9.85651,10.0011
9.85651,9.99662
9.85651,10.2916
9.85651,10.0176
9.85651,9.97851
9.85651,9.92043
9.85651,10.0929
9.85651,10.1382
9.85651,10.2042
9.85651,9.96475
9.85651,10.3243
9.85651,10.122
9.85651,10.0208
9.85651,10.3076
9.85651,9.96895
9.85651,10.1807
9.85651,10.1276
9.85651,10.2057
9.85651,10.0952
9.85651,10.2043
9.85651,10.2496
9.85651,9.96007
9.85651,10.2008
9.85651,10.4739
9.85651,10.6422
9.85651,9.87575
9.85651,9.99719
9.85651,10.1696
9.85651,10.1485
9.85651,10.0202
9.85651,10.3782
9.85651,9.91692
9.85651,10.3493
9.85651,9.94324
9.85651,10.1516
9.85651,10.1764
9.85651,10.438
9.85651,10.1799
9.85651,10.4831
9.85651,9.96209
9.85651,10.0011
9.85651,10.0056
9.85651,10.2087
9.85651,10.0474
9.85651,10.4115
9.85651,9.93076
9.85651,10.1165
9.85651,9.98996
9.85651,10.051
9.85651,10.1191
9.85651,10.0014
9.85651,10.2564
9.85651,10.1465
9.85651,10.2216
9.85651,10.0997
9.85651,10.2733
9.85651,10.4565
9.85651,10.2502
9.85651,9.89444
9.85651,9.98532
9.85651,10.1517
9.85651,10.0232
9.85651,10.1592
9.85651,10.5205
9.85651,10.3746
9.85651,10.1529
9.85651,9.97244
9.85651,10.338
9.85651,9.9592
9.85651,9.95938
9.85651,9.96499
9.85651,10.2207
9.85651,10.1994
9.85651,9.97927
9.85651,10.2264
9.85651,9.93913
9.85651,10.0826
9.85651,10.0426
9.85651,10.1177
9.85651,9.98567
9.85651,10.6073
9.85651,9.94764
9.85651,10.3462
9.85651,10.2731
9.85651,10.1825
9.85651,9.95486
9.85651,10.0788
9.85651,10.187
9.85651,10.152
9.85651,9.89591
9.85651,10.0153
9.85651,10.1008
9.85651,10.002
9.85651,10.2282
9.85651,9.99789
9.85651,10.4173
9.85651,10.1584
9.85651,10.155
9.85651,10.1425
9.85651,10.2753
9.85651,9.92958
9.85651,9.95045
9.85651,9.91364
9.85651,10.1688
9.85651,10.043
9.85651,9.8569
9.85651,10.6248
9.85651,10.275
9.85651,10.2557
9.85651,10.0656
9.85651,9.92218
9.85651,9.98232
9.85651,9.94326
9.85651,9.93343
9.85651,10.2239
9.85651,10.2117
9.85651,10.2593
9.85651,10.3287
9.85651,9.86279
9.85651,10.0176
9.85651,9.96356
9.85651,10.0193
9.85651,9.87951
9.85651,9.98722
9.85651,10.0252
9.85651,10.5675
9.85651,9.96728
9.85651,10.1341
9.85651,10.1007
9.85651,9.87735
9.85651,9.99759
9.85651,10.0161
9.85651,9.94845
9.85651,10.3471
9.85651,10.2402
9.85651,10.3063
9.85651,9.89296
9.85651,10.504
9.85651,10.0661
9.85651,9.89979
9.85651,9.99665
9.85651,10.4969
9.85651,10.1104
9.85651,10.2416
9.85651,10.1946
9.85651,10.0696
9.85651,10.0122
9.85651,10.1886
9.85651,10.2074
9.85651,10.1456
9.85651,9.99829
9.85651,10.1607
9.85651,9.955
9.85651,10.3532
9.85651,10.0346
9.85651,10.3346
9.85651,9.93846
9.85651,10.4706
9.85651,10.0425
9.85651,10.4266
9.85651,10.4359
9.85651,10.4201
9.85651,9.93182
9.85651,10.0932
9.85651,9.89099
9.85651,10.2869
9.85651,10.2246
9.85651,10.0161
9.85651,9.93769
9.85651,10.2311
9.85651,10.1391
9.85651,9.89398
9.85651,10.1563
9.85651,9.86026
9.85651,10.2896
9.85651,10.2614
9.85651,9.97013
9.85651,10.087
9.85651,9.96506
9.85651,10.1099
9.85651,9.94948
9.85651,10.1278
9.85651,10.3272
9.85651,10.2735
9.85651,10.1958
9.85651,10.1026
9.85651,10.0009
9.85651,9.87085
9.85651,10.5153
9.85651,10.163
9.85651,9.95621
9.85651,10.4922
9.85651,9.8682
9.85651,9.89946
9.85651,9.98753
9.85651,10.1063
9.85651,10.2571
9.85651,10.2481
9.85651,10.3068
9.85651,10.1071
9.85651,10.0411
9.85651,10.344
9.85651,10.0188
9.85651,10.0377
9.85651,10.1606
9.85651,10.2999
9.85651,10.0158
9.85651,9.92492
9.85651,9.91238
9.85651,10.1982
9.85651,10.1028
9.85651,10.2318
9.85651,10.0065
9.85651,10.2375
9.85651,10.223
9.85651,10.0131
9.85651,10.3076
9.85651,10.0636
9.85651,10.1083
9.85651,10.1232
9.85651,9.93419
9.85651,10.0539
9.85651,10.8029
9.85651,10.138
9.85651,10.0776
9.85651,9.9459
9.85651,10.1239
9.85651,10.0475
9.85651,10.1646
9.85651,10.0133
9.85651,9.93748
9.85651,10.005
9.85651,9.8834
9.85651,10.0339
9.85651,10.3273
9.85651,9.97862
9.85651,9.88467
9.85651,10.0167
9.85651,10.0651
9.85651,9.98285
9.85651,10.2637
9.85651,10.1894
9.85651,10.0962
9.85651,10.1052
9.85651,10.2848
9.85651,10.3966
9.85651,10.3466
9.85651,10.0527
9.85651,10.1468
9.85651,9.96461
9.85651,10.3301
9.85651,10.0111
9.85651,10.4782
9.85651,10.3429
9.85651,10.1402
9.85651,9.92925
9.85651,10.1276
9.85651,10.3277
9.85651,9.98984
9.85651,10.0127
9.85651,10.1136
9.85651,10.185
9.85651,9.91432
9.85651,9.87536
9.85651,10.4105
9.85651,9.99862
9.85651,9.88326
9.85651,10.182
9.85651,10.3544
9.85651,9.86028
9.85651,10.1844
9.85651,10.0803
9.85651,9.97753
9.85651,10.2529
9.85651,10.1166
9.85651,10.415
9.85651,10.3567
9.85651,9.95332
9.85651,10.1124
9.85651,9.95123
9.85651,9.97919
9.85651,10.295
9.85651,10.3947
9.85651,10.0539
9.85651,10.1728
9.85651,10.1545
9.85651,9.93964
9.85651,10.1786
9.85651,10.2148
9.85651,10.0965
9.85651,10.1379
9.85651,10.2999
9.85651,10.1506
9.85651,9.99442
9.85651,10.1523
9.85651,10.511
9.85651,9.90088
9.85651,10.1141
9.85651,10.1917
9.85651,9.95272
9.85651,10.3641
9.85651,10.0683
9.85651,10.2332
9.85651,10.3317
9.85651,9.96449
9.85651,10.4148
9.85651,10.0323
9.85651,10.3421
9.85651,10.31
9.85651,10.2427
9.85651,10.2993
9.85651,9.97762
9.85651,10.1932
9.85651,9.90687
9.85651,10.1216
9.85651,10.3649
9.85651,10.577
9.85651,10.1593
9.85651,9.97562
9.85651,9.9681
9.85651,10.6325
9.85651,10.1035
9.85651,10.4026
9.85651,10.0718
9.85651,10.1016
9.85651,10.2459
9.85651,10.0411
9.85651,9.93349
9.85651,10.0286
9.85651,10.318
9.85651,9.92208
9.85651,10.0667
9.85651,10.0116
9.85651,10.2282
9.85651,9.9069
9.85651,9.95697
9.85651,10.0051
9.85651,9.9981
9.85651,9.93594
9.85651,9.9559
9.85651,9.94178
9.85651,10.4657
9.85651,10.821
9.85651,10.0903
9.85651,9.96635
9.85651,10.0191
9.85651,9.91845
9.85651,10.0226
9.85651,10.4056
9.85651,10.0157
9.85651,10.1306
9.85651,9.88325
9.85651,10.0041
9.85651,9.99392
9.85651,10.0488
9.85651,9.94127
9.85651,10.177
9.85651,9.9697
9.85651,9.925
9.85651,10.067
9.85651,9.97417
9.85651,10.2821
9.85651,10.0196
9.85651,10.1138
9.85651,10.2606
9.85651,9.99258
9.85651,9.96152
9.85651,10.2016
9.85651,10.0456
9.85651,10.1468
9.85651,10.1391
9.85651,10.0204
9.85651,10.2176
9.85651,10.0204
9.85651,10.0048
9.85651,9.93393
9.85651,10.0624
9.85651,10.2868
9.85651,10.0363
9.85651,10.0346
9.85651,10.1484
9.85651,9.98231
9.85651,9.95557
9.85651,10.0493
9.85651,10.2002
9.85651,10.3176
9.85651,10.186
9.85651,10.5832
9.85651,10.0799
9.85651,10.2857
9.85651,10.3787
9.85651,9.96659
9.85651,9.99948
9.85651,10.4042
9.85651,10.0264
9.85651,10.2141
9.85651,10.2125
9.85651,10.2953
9.85651,9.99973
9.85651,10.1936
9.85651,10.1795
9.85651,9.88471
9.85651,10.0357
9.85651,10.0326
9.85651,10.396
9.85651,10.2285
9.85651,10.1946
9.85651,10.1771
9.85651,10.3225
9.85651,10.0001
9.85651,10.0458
9.85651,9.91237
9.85651,9.97857
9.85651,10.1223
9.85651,10.0412
9.85651,10.0861
9.85651,10.0989
9.85651,10.1524
9.85651,9.95062
9.85651,10.0505
9.85651,9.92376
9.85651,10.3178
9.85651,10.5115
9.85651,10.2424
9.85651,9.99935
9.85651,10.1356
9.85651,10.3294
9.85651,10.145
9.85651,10.1588
9.85651,10.3712
9.85651,10.2707
9.85651,10.3768
9.85651,10.4057
9.85651,10.1034
9.85651,10.4137
9.85651,9.96685
9.85651,9.85651
9.85651,10.0965
9.85651,9.97992
9.85651,10.1298
9.85651,9.99065
9.85651,9.96419
9.85651,10.0089
9.85651,10.2339
9.85651,10.1104
9.85651,10.015
9.85651,10.6303
9.85651,10.0727
9.85651,9.95467
9.85651,10.1224
9.85651,10.4299
9.85651,10.0767
9.85651,10.1955
9.85651,9.91789
9.85651,10.3168
9.85651,10.0314
9.85651,10.273
9.85651,10.4219
9.85651,9.87862
9.85651,9.95334
9.85651,9.93037
9.85651,10.2009
9.85651,9.93447
9.85651,10.2499
9.85651,10.0869
9.85651,9.93537
9.85651,10.3739
9.85651,10.1537
9.85651,10.3341
9.85651,10.0121
9.85651,10.0631
9.85651,10.2416
9.85651,10.0914
9.85651,9.98847
9.85651,9.92601
9.85651,10.1166
9.85651,10.2269
9.85651,9.93444
9.85651,10.0566
9.85651,9.87114
9.85651,10.3649
9.85651,10.2142
9.85651,9.86604
9.85651,10.1413
9.85651,9.95411
9.85651,10.0249
9.85651,9.99537
9.85651,10.0997
9.85651,9.87139
9.85651,10.3554
9.85651,9.94853
9.85651,10.4514
9.85651,10.2915
9.85651,9.96741
9.85651,10.209
9.85651,10.3633
9.85651,10.0841
9.85651,10.0091
9.85651,10.1173
9.85651,10.0744
9.85651,10.179
9.85651,10.2002
9.85651,9.93425
9.85651,10.7742
9.85651,10.2609
9.85651,10.0078
9.85651,9.98188
9.85651,10.2187
9.85651,9.89154
9.85651,9.89695
9.85651,10.1797
9.85651,9.99683
9.85651,10.0862
9.85651,10.1562
9.85651,9.8782
9.85651,9.87027
9.85651,10.0844
9.85651,9.98276
9.85651,10.1077
9.85651,9.92574
9.85651,10.1818
9.85651,10.2067
9.85651,9.96805
9.85651,10.0236
9.85651,10.202
9.85651,9.85651
9.85651,10.0078
9.85651,9.98211
9.85651,10.1936
9.85651,9.95877
9.85651,9.93514
9.85651,9.98662
9.85651,10.0097
9.85651,10.0113
9.85651,10.1409
9.85651,10.074
9.85651,9.93535
9.85651,10.0699
9.85651,9.95091
9.85651,10.664
9.85651,10.588
9.85651,10.1503
9.85651,10.1543
9.85651,10.0559
9.85651,10.1493
9.85651,10.0931
9.85651,10.1531
9.85651,10.2523
9.85651,9.95997
9.85651,9.98016
9.85651,10.0664
9.85651,9.9267
9.85651,9.88238
9.85651,10.0672
9.85651,10.178
9.85651,10.2718
9.85651,10.3078
9.85651,9.934
9.85651,10.2615
9.85651,9.95906
9.85651,10.226
9.85651,10.4331
9.85651,10.2667
9.85651,9.8701
9.85651,10.2907
9.85651,10.3983
9.85651,10.1234
9.85651,10.0123
9.85651,10.0318
9.85651,10.0934
9.85651,10.2293
9.85651,10.0621
9.85651,10.1425
9.85651,9.9232
9.85651,9.95411
9.85651,10.0691
9.85651,10.2148
9.85651,9.9974
9.85651,10.1843
9.85651,10.2309
9.85651,10.1087
9.85651,9.86901
9.85651,10.0523
9.85651,10.0695
9.85651,10.1493
9.85651,9.97949
9.85651,10.1289
9.85651,9.97651
9.85651,9.9516
9.85651,9.86558
9.85651,10.1189
9.85651,9.93492
9.85651,10.2958
9.85651,10.6793
9.85651,9.92821
9.85651,10.0809
9.85651,9.96196
9.85651,10.088
9.85651,10.0649
9.85651,10.266
9.85651,10.0429
9.85651,9.9505
9.85651,9.93309
9.85651,10.0927
9.85651,10.2843
9.85651,9.91758
9.85651,9.99144
9.85651,10.7368
9.85651,10.1406
9.85651,9.96401
9.85651,10.3499
9.85651,10.2588
9.85651,10.0083
9.85651,9.85954
9.85651,10.1287
9.85651,10.1311
9.85651,10.4366
9.85651,10.0374
9.85651,10.402
9.85651,9.97775
9.85651,10.4998
9.85651,10.0541
9.85651,10.151
9.85651,10.1089
9.85651,9.86679
9.85651,10.0131
9.85651,10.0901
9.85651,9.9397
9.85651,10.0203
9.85651,10.467
9.85651,9.87429
9.85651,10.3308
9.85651,9.91594
9.85651,10.277
9.85651,10.0866
9.85651,10.2523
9.85651,9.99697
9.85651,9.90687
9.85651,10.1126
9.85651,10.5707
9.85651,10.0145
9.85651,10.7368
9.85651,10.0993
9.85651,10.0936
9.85651,9.8745
9.85651,9.97918
9.85651,9.93276
9.85651,10.2134
9.85651,9.95532
9.85651,10.0741
9.85651,9.99521
9.85651,10.0025
9.85651,9.91919
9.85651,10.0762
9.85651,10.4475
9.85651,9.87227
9.85651,10.0597
9.85651,10.3913
9.85651,10.2033
9.85651,9.89451
9.85651,10.2119
9.85651,10.1967
9.85651,9.92303
9.85651,10.0102
9.85651,10.2207
9.85651,10.182
9.85651,9.94198
9.85651,10.0908
9.85651,10.2342
9.85651,10.0236
9.85651,10.3317
9.85651,9.98875
9.85651,10.0046
9.85651,10.1281
9.85651,10.1241
9.85651,10.0707
9.85651,10.3128
9.85651,9.89065
9.85651,10.2357
9.85651,10.0478
9.85651,10.3647
9.85651,10.1298
9.85651,10.5156
9.85651,10.0912
9.85651,9.87816
9.85651,10.1138
9.85651,10.4131
9.85651,10.0412
9.85651,9.91991
9.85651,10.0123
9.85651,10.3612
9.85651,9.85818
9.85651,10.0719
9.85651,9.98675
9.85651,10.015
9.85651,10.1262
9.85651,9.88383
9.85651,10.1565
9.85651,10.02
9.85651,9.99367
9.85651,10.0555
9.85651,10.0983
9.85651,9.98092
9.85651,9.9814
9.85651,10.0383
9.85651,10.1013
9.85651,10.1475
9.85651,10.0065
9.85651,10.1154
9.85651,10.1015
9.85651,9.98173
9.85651,10.4103
9.85651,10.4829
9.85651,10.1882
9.85651,10.1961
9.85651,10.0265
9.85651,9.92065
9.85651,9.86562
9.85651,10.0174
9.85651,9.95439
9.85651,10.1189
9.85651,9.94839
9.85651,9.90416
9.85651,10.1148
9.85651,10.0185
9.85651,10.4334
9.85651,10.3127
9.85651,10.2011
9.85651,10.1385
9.85651,10.053
9.85651,10.2408
9.85651,9.9652
9.85651,10.0825
9.85651,9.97924
9.85651,10.6173
9.85651,9.98205
9.85651,10.5535
9.85651,10.0407
9.85651,9.89019
9.85651,9.88026
9.85651,10.1639
9.85651,10.0032
9.85651,9.93573
9.85651,10.0261
9.85651,10.0814
9.85651,10.1192
9.85651,10.3209
9.85651,10.7034
9.85651,10.2375
9.85651,10.1729
9.85651,10.1407
9.85651,10.1138
9.85651,10.0751
9.85651,10.1365
9.85651,9.89686
9.85651,10.1525
9.85651,10.0989
9.85651,10.3257
9.85651,9.94661
9.85651,10.0515
9.85651,10.2883
9.85651,9.97437
9.85651,9.996
9.85651,10.4482
9.85651,9.96215
9.85651,9.90268
9.85651,10.2541
9.85651,10.2191
9.85651,10.3829
9.85651,10.3427
9.85651,10.1638
9.85651,10.099
9.85651,10.2145
9.85651,9.93855
9.85651,10.0951
9.85651,10.1737
9.85651,10.1053
9.85651,9.97892
9.85651,9.9223
9.85651,10.3013
9.85651,10.1497
9.85651,10.1237
9.85651,10.2381
9.85651,10.1791
9.85651,9.98436
9.85651,10.0431
9.85651,10.1063
9.85651,9.91767
9.85651,9.86676
9.85651,9.97803
9.85651,10.3537
9.85651,9.93874
9.85651,9.89536
9.85651,10.0201
9.85651,10.176
9.85651,10.2252
9.85651,10.0987
9.85651,10.0177
9.85651,10.3567
9.85651,10.2026
9.85651,10.0093
9.85651,10.2635
9.85651,10.381
9.85651,10.085
9.85651,9.94358
9.85651,10.0283
9.85651,9.98362
9.85651,10.1716
9.85651,9.92815
9.85651,10.0476
9.85651,10.2538
9.85651,10.2658
9.85651,10.4659
9.85651,9.95486
9.85651,9.98117
9.85651,10.2435
9.85651,10.0209
9.85651,9.97018
9.85651,10.4785
9.85651,10.0965
9.85651,10.3277
9.85651,10.1816
9.85651,9.91028
9.85651,10.1842
9.85651,10.1057
9.85651,10.4908
9.85651,10.3615
9.85651,10.2021
9.85651,10.2419
9.85651,10.4745
9.85651,9.90331
9.85651,10.2272
9.85651,9.97881
9.85651,10.1892
9.85651,10.325
9.85651,9.95199
9.85651,10.1427
9.85651,10.1626
9.85651,10.0768
9.85651,10.1841
9.85651,10.0983
9.85651,10.0124
9.85651,10.2991
9.85651,10.1917
9.85651,10.1811
9.85651,10.3661
9.85651,10.1408
9.85651,10.1492
9.85651,10.2454
9.85651,10.0937
9.85651,9.9233
9.85651,10.2405
9.85651,10.0984
9.85651,10.1542
9.85651,9.96832
9.85651,9.9453
9.85651,10.1438
9.85651,10.6181
9.85651,9.93509
9.85651,9.99199
9.85651,9.99926
9.85651,10.481
9.85651,9.89391
9.85651,10.2706
9.85651,9.99363
9.85651,10.2493
9.85651,9.87059
9.85651,10.1487
9.85651,10.1945
9.85651,9.97725
9.85651,10.3221
9.85651,10.1237
9.85651,10.1608
9.85651,10.0789
9.85651,9.96056
9.85651,10.1149
9.85651,10.3389
9.85651,10.1894
9.85651,9.8994
9.85651,10.5112
9.85651,10.2013
9.85651,9.93803
9.85651,10.4388
9.85651,10.1004
9.85651,10.1492
9.85651,10.3872
9.85651,10.0037
9.85651,10.1314
9.85651,10.512
9.85651,10.249
9.85651,9.97001
9.85651,10.0393
9.85651,10.0898
9.85651,10.1679
9.85651,10.2542
9.85651,10.038
9.85651,9.97158
9.85651,10.2819
9.85651,10.0412
9.85651,10.1145
9.85651,9.99284
9.85651,10.001
9.85651,10.1785
9.85651,10.0993
9.85651,10.3146
9.85651,9.9455
9.85651,9.93636
9.85651,9.97932
9.85651,10.2112
9.85651,9.92658
9.85651,10.215
9.85651,10.1894
9.85651,9.89288
9.85651,9.94193
9.85651,10.1222
9.85651,10.3332
9.85651,10.0689
9.85651,10.2221
9.85651,10.0556
9.85651,10.054
9.85651,10.1042
9.85651,9.89947
9.85651,9.89637
9.85651,10.0281
9.85651,10.0388
9.85651,10.0497
9.85651,10.2685
9.85651,10.2928
9.85651,9.93177
9.85651,10.4548
9.85651,10.0215
9.85651,10.1063
9.85651,10.2306
9.85651,10.1577
9.85651,10.0271
9.85651,10.3247
9.85651,10.3046
9.85651,10.0688
9.85651,10.505
9.85651,10.202
9.85651,9.87282
9.85651,10.2657
9.85651,10.2001
9.85651,9.97605
9.85651,10.0143
9.85651,9.92801
9.85651,10.0188
9.85651,10.2046
9.85651,9.97963
9.85651,10.1993
9.85651,10.0298
9.85651,9.9802
9.85651,10.0279
9.85651,10.1852
9.85651,10.0714
9.85651,10.0687
9.85651,10.1895
9.85651,10.1074
9.85651,9.99747
9.85651,10.0341
9.85651,10.0458
9.85651,10.0852
9.85651,10.3661
9.85651,9.99795
9.85651,10.0634
9.85651,10.3451
9.85651,10.1386
9.85651,10.1065
9.85651,10.1892
9.85651,9.91481
9.85651,9.9637
9.85651,10.2247
9.85651,10.0375
9.85651,10.4662
9.85651,9.90607
9.85651,10.2278
9.85651,10.0522
9.85651,10.106
9.85651,10.1616
9.85651,10.8
9.85651,10.0803
9.85651,10.2093
9.85651,10.2169
9.85651,9.94856
9.85651,10.1979
9.85651,9.93813
9.85651,10.262
9.85651,10.237
9.85651,9.87142
9.85651,10.1927
9.85651,10.0638
9.85651,9.97086
9.85651,10.1946
9.85651,10.1515
9.85651,10.1551
9.85651,10.216
9.85651,10.2432
9.85651,9.93523
9.85651,10.1704
9.85651,10.3894
9.85651,10.1472
9.85651,10.1095
9.85651,10.0376
9.85651,9.91336
9.85651,10.0509
9.85651,10.087
9.85651,10.3841
9.85651,9.957
9.85651,10.2872
9.85651,10.0629
9.85651,10.4933
9.85651,10.1741
9.85651,10.1343
9.85651,10.1119
9.85651,10.1426
9.85651,10.0315
9.85651,10.4742
9.85651,9.94746
9.85651,10.165
9.85651,10.0572
9.85651,10.4574
9.85651,10.2876
9.85651,10.0657
9.85651,10.6717
9.85651,10.1272
9.85651,10.2099
9.85651,9.91991
9.85651,10.0614
9.85651,10.155
9.85651,10.5379
9.85651,10.3369
9.85651,10.2499
9.85651,9.86365
9.85651,9.85897
9.85651,9.90209
9.85651,9.97074
9.85651,10.0667
9.85651,9.92827
9.85651,9.92707
9.85651,10.2584
9.85651,10.0035
9.85651,10.1879
9.85651,10.0796
9.85651,10.1552
9.85651,10.1463
9.85651,10.0223
9.85651,10.0617
9.85651,10.0422
9.85651,10.0237
9.85651,9.92875
9.85651,10.6229
9.85651,10.2662
9.85651,10.2228
9.85651,9.8699
9.85651,10.5512
9.85651,9.97734
9.85651,10.4137
9.85651,10.4355
9.85651,10.1356
9.85651,10.0889
9.85651,10.0102
9.85651,10.4916
9.85651,10.1865
9.85651,9.90972
9.85651,10.3361
9.85651,9.97691
9.85651,10.0386
9.85651,10.2783
9.85651,9.98154
9.85651,10.0316
9.85651,10.0978
9.85651,10.3032
9.85651,10.1372
9.85651,10.6368
9.85651,10.1559
9.85651,9.98928
9.85651,10.2388
9.85651,10.0634
9.85651,10.1351
9.85651,10.1401
9.85651,10.2327
9.85651,10.1508
9.85651,10.5611
9.85651,10.0042
9.85651,10.2553
9.85651,10.1224
9.85651,10.1571
9.85651,10.063
9.85651,10.1361
9.85651,10.0061
9.85651,10.4798
9.85651,10.228
9.85651,10.0313
9.85651,10.4587
9.85651,10.017
9.85651,9.99076
9.85651,10.194
9.85651,10.1843
9.85651,9.93083
9.85651,9.9787
9.85651,10.322
9.85651,9.99723
9.85651,10.0999
9.85651,9.96856
9.85651,10.3495
9.85651,10.1839
9.85651,10.259
9.85651,9.88724
9.85651,9.87424
9.85651,10.3596
9.85651,10.3281
9.85651,9.90431
9.85651,10.3257
9.85651,10.3558
9.85651,9.90448
9.85651,9.99179
9.85651,10.5379
9.85651,10.1439
9.85651,10.1695
9.85651,10.013
9.85651,10.0418
9.85651,10.1176
9.85651,10.1198
9.85651,9.94744
9.85651,10.3939
9.85651,9.98399
9.85651,10.1299
9.85651,9.94538
9.85651,10.2241
9.85651,10.3953
9.85651,10.106
9.85651,10.0934
9.85651,9.97279
9.85651,10.3664
9.85651,10.1118
9.85651,10.3127
9.85651,10.2282
9.85651,10.3044
9.85651,9.98391
9.85651,10.117
9.85651,10.3001
9.85651,9.95685
9.85651,10.2223
9.85651,10.1987
9.85651,9.94282
9.85651,10.0074
9.85651,9.96237
9.85651,9.92887
9.85651,10.1959
9.85651,10.0986
9.85651,10.323
9.85651,9.85732
9.85651,10.4448
9.85651,10.0343
9.85651,10.0806
9.85651,10.4619
9.85651,10.2864
9.85651,9.91316
9.85651,10.1958
9.85651,10.267
9.85651,10.3573
9.85651,10.0181
9.85651,9.94144
9.85651,10.2317
9.85651,10.0971
9.85651,10.3063
9.85651,9.95743
9.85651,10.2364
9.85651,10.0231
9.85651,10.3597
9.85651,10.1222
9.85651,10.0981
9.85651,10.091
9.85651,10.0633
9.85651,10.4368
9.85651,10.1146
9.85651,10.0678
9.85651,10.1326
9.85651,10.1815
9.85651,9.99508
9.85651,10.0355
9.85651,9.88019
9.85651,10.6485
9.85651,10.2529
9.85651,10.3926
9.85651,10.3055
9.85651,10.1316
9.85651,10.078
9.85651,10.0596
9.85651,10.4077
9.85651,10.1143
9.85651,10.0128
9.85651,9.99972
9.85651,10.0038
9.85651,9.93588
9.85651,9.9219
9.85651,9.98868
9.85651,10.0385
9.85651,10.1681
9.85651,10.5404
9.85651,9.85671
9.85651,10.0817
9.85651,10.393
9.85651,10.0854
9.85651,10.0743
9.85651,10.0257
9.85651,10.0829
9.85651,9.9357
9.85651,9.86612
9.85651,10.0724
9.85651,10.1011
9.85651,10.1112
9.85651,10.3401
9.85651,10.2694
9.85651,10.1274
9.85651,9.98329
9.85651,10.1623
9.85651,10.1557
9.85651,10.021
9.85651,10.3064
9.85651,10.3264
9.85651,9.97351
9.85651,10.5072
9.85651,10.2823
9.85651,10.2409
9.85651,10.0028
9.85651,9.92937
9.85651,10.1645
9.85651,10.3166
9.85651,9.95216
9.85651,10.0991
9.85651,10.1451
9.85651,10.0041
9.85651,10.3258
9.85651,9.85683
9.85651,10.2678
9.85651,10.2066
9.85651,10.1682
9.85651,10.1213
9.85651,10.1923
9.85651,9.92357
9.85651,9.86204
9.85651,10.088
9.85651,10.0105
9.85651,9.98388
9.85651,10.367
9.85651,10.1012
9.85651,10.1329
9.85651,9.9703
9.85651,10.238
9.85651,9.96899
9.85651,9.89975
9.85651,10.0368
9.85651,9.99007
9.85651,10.1369
9.85651,10.1537
9.85651,10.3055
9.85651,9.92636
9.85651,10.1968
9.85651,9.93483
9.85651,9.95555
9.85651,10.1636
9.85651,10.0261
9.85651,10.2744
9.85651,10.1011
9.85651,10.1101
9.85651,10.1995
9.85651,10.0212
9.85651,9.92799
9.85651,10.0594
9.85651,9.8802
9.85651,10.2169
9.85651,9.91899
9.85651,10.0823
9.85651,10.3528
9.85651,10.0217
9.85651,10.2863
9.85651,10.4417
9.85651,9.87835
9.85651,9.90596
9.85651,10.0491
9.85651,9.90917
9.85651,10.0353
9.85651,10.3575
9.85651,9.91741
9.85651,10.3422
9.85651,10.2736
9.85651,10.2157
9.85651,10.0569
9.85651,9.96352
9.85651,10.4842
9.85651,9.9977
9.85651,10.2151
9.85651,10.0563
9.85651,10.3665
9.85651,10.219
9.85651,10.0542
9.85651,10.006
9.85651,9.87023
9.85651,10.0657
9.85651,9.98716
9.85651,10.1943
9.85651,10.0809
9.85651,10.2553
9.85651,10.1185
9.85651,10.051
9.85651,9.9664
9.85651,10.0192
9.85651,9.88153
9.85651,10.0672
9.85651,9.92801
9.85651,10.1233
9.85651,10.2219
9.85651,10.0316
9.85651,10.0435
9.85651,9.97017
9.85651,10.0574
9.85651,10.2707
9.85651,10.5243
9.85651,10.0401
9.85651,10.0146
9.85651,10.4914
9.85651,10.1958
9.85651,10.2065
9.85651,10.0211
9.85651,10.058
9.85651,10.1663
9.85651,10.0171
9.85651,10.2125
9.85651,10.0466
9.85651,10.243
9.85651,10.2303
9.85651,10.1483
9.85651,10.1129
9.85651,10.1323
9.85651,10.236
9.85651,9.97993
9.85651,10.1613
9.85651,10.1348
9.85651,10.2553
9.85651,10.0772
9.85651,9.86703
9.85651,10.2063
9.85651,10.0641
9.85651,9.96953
9.85651,9.86981
9.85651,10.1133
9.85651,10.1648
9.85651,10.0732
9.85651,10.0722
9.85651,10.2937
9.85651,10.2182
9.85651,10.2702
9.85651,10.3123
9.85651,10.2707
9.85651,9.9964
9.85651,10.2319
9.85651,10.2793
9.85651,10.1908
9.85651,9.95021
9.85651,10.1215
9.85651,9.9418
9.85651,10.246
9.85651,10.1775
9.85651,10.5281
9.85651,10.2324
9.85651,10.3988
9.85651,9.92305
9.85651,10.2766
9.85651,10.3629
9.85651,9.94987
9.85651,10.1406
9.85651,9.89486
9.85651,9.92118
9.85651,9.89206
9.85651,10.091
9.85651,10.3409
9.85651,9.94084
9.85651,10.1661
9.85651,10.0536
9.85651,10.0615
9.85651,10.0947
9.85651,10.3479
9.85651,10.2687
9.85651,9.93067
9.85651,9.94826
9.85651,9.94313
9.85651,10.2128
9.85651,10.3366
9.85651,10.0435
9.85651,9.99669
9.85651,10.1017
9.85651,10.0992
9.85651,9.971
9.85651,10.0417
9.85651,10.6079
9.85651,9.98868
9.85651,9.9421
9.85651,10.4518
9.85651,10.0167
9.85651,9.9188
9.85651,9.99397
9.85651,10.0537
9.85651,9.90634
9.85651,9.89892
9.85651,10.0582
9.85651,10.3651
9.85651,10.5101
9.85651,9.90366
9.85651,9.8626
9.85651,10.0416
9.85651,10.2269
9.85651,10.0431
9.85651,10.044
9.85651,10.1276
9.85651,9.99063
9.85651,10.0619
9.85651,10.3807
9.85651,10.0628
9.85651,9.95122
9.85651,10.2003
9.85651,10.1904
9.85651,9.95169
9.85651,10.2494
9.85651,10.2271
9.85651,9.85651
9.85651,9.94988
9.85651,10.0506
9.85651,9.93518
9.85651,9.9991
9.85651,10.2249
9.85651,10.2325
9.85651,10.3019
9.85651,10.4629
9.85651,9.90934
9.85651,10.2324
9.85651,10.2397
9.85651,9.87031
9.85651,10.1982
9.85651,9.93887
9.85651,10.245
9.85651,10.0509
9.85651,10.117
9.85651,10.2268
9.85651,10.0367
9.85651,10.2773
9.85651,10.0186
9.85651,9.96015
9.85651,10.4361
9.85651,10.4081
9.85651,10.062
9.85651,10.3091
9.85651,10.349
9.85651,10.3837
9.85651,9.87447
9.85651,9.97029
9.85651,10.3727
9.85651,10.0217
9.85651,9.92308
9.85651,10.231
9.85651,10.1095
9.85651,10.0207
9.85651,9.88889
9.85651,10.0026
9.85651,9.9626
9.85651,10.2031
9.85651,10.0729
9.85651,10.0475
9.85651,9.94049
9.85651,10.6124
9.85651,10.2183
9.85651,10.0686
9.85651,9.90794
9.85651,10.017
9.85651,10.52
9.85651,10.1044
9.85651,10.3067
9.85651,10.1036
9.85651,9.96063
9.85651,10.1982
9.85651,9.96264
9.85651,10.2455
9.85651,10.0559
9.85651,10.1011
9.85651,9.95462
9.85651,9.93569
9.85651,10.2946
9.85651,10.419
9.85651,10.3141
9.85651,9.90078
9.85651,10.3705
9.85651,10.1123
9.85651,10.2998
9.85651,10.1901
9.85651,10.0738
9.85651,10.1193
9.85651,9.87229
9.85651,10.186
9.85651,10.2678
9.85651,10.1197
9.85651,10.5657
9.85651,10.1085
9.85651,10.1115
9.85651,10.2324
9.85651,10.0525
9.85651,10.0551
9.85651,10.1574
9.85651,10.1707
9.85651,10.1287
9.85651,10.0244
9.85651,10.654
9.85651,10.2467
9.85651,10.0838
9.85651,10.1175
9.85651,9.94406
9.85651,10.0037
9.85651,9.9665
9.85651,10.4038
9.85651,9.93769
9.85651,9.96917
9.85651,9.93019
9.85651,10.2734
9.85651,9.96242
9.85651,10.0571
9.85651,10.2867
9.85651,10.0318
9.85651,10.1997
9.85651,10.288
9.85651,9.99945
9.85651,10.2831
9.85651,10.0534
9.85651,10.0685
9.85651,10.0411
9.85651,10.2836
9.85651,9.98794
9.85651,10.1373
9.85651,10.2465
9.85651,10.3101
9.85651,9.98036
9.85651,10.1822
9.85651,10.0333
9.85651,9.94026
9.85651,10.1387
9.85651,10.3495
9.85651,10.3743
9.85651,9.87516
9.85651,10.2232
9.85651,10.1102
9.85651,9.98704
9.85651,10.1498
9.85651,10.1374
9.85651,10.188
9.85651,9.97175
9.85651,9.95379
9.85651,10.0074
9.85651,9.89326
9.85651,10.4212
9.85651,10.2012
9.85651,10.1756
9.85651,10.0184
9.85651,10.4749
9.85651,9.91006
9.85651,10.0257
9.85651,10.0333
9.85651,10.2601
9.85651,10.2709
9.85651,9.97173
9.85651,9.98308
9.85651,10.4852
9.85651,10.0885
9.85651,10.2287
9.85651,10.3352
9.85651,10.1389
9.85651,10.2999
9.85651,10.0729
9.85651,9.95733
9.85651,10.7345
9.85651,9.98207
9.85651,10.017
9.85651,10.0118
9.85651,9.90368
9.85651,10.2255
9.85651,10.1702
9.85651,10.0339
9.85651,9.90814
9.85651,10.0198
9.85651,10.2061
9.85651,10.5188
9.85651,10.1567
9.85651,10.4138
9.85651,10.2916
9.85651,10.2986
9.85651,10.1136
9.85651,10.3447
9.85651,10.1771
9.85651,9.97808
9.85651,10.6721
9.85651,10.1312
9.85651,10.2104
9.85651,10.0788
9.85651,10.3488
9.85651,10.3048
9.85651,10.4559
9.85651,10.3105
9.85651,10.1892
9.85651,10.0002
9.85651,10.2968
9.85651,9.90545
9.85651,10.5079
9.85651,9.99388
9.85651,10.1636
9.85651,10.1216
9.85651,10.0865
9.85651,10.4915
9.85651,10.1512
9.85651,10.2731
9.85651,10.7224
9.85651,9.8579
9.85651,10.2802
9.85651,10.032
9.85651,10.3145
9.85651,10.0627
9.85651,9.87855
9.85651,9.99754
9.85651,9.91341
9.85651,10.4865
9.85651,10.2264
9.85651,10.0136
9.85651,10.1163
9.85651,10.0872
9.85651,10.1106
9.85651,10.0285
9.85651,10.3306
9.85651,10.2261
9.85651,9.90418
9.85651,10.2348
9.85651,9.85748
9.85651,9.97235
9.85651,9.97664
9.85651,10.4493
9.85651,10.4306
9.85651,10.1246
9.85651,10.2729
9.85651,10.1385
9.85651,10.071
9.85651,10.1815
9.85651,10.1388
9.85651,10.2266
9.85651,10.0957
