29.9119,39.2912
29.8086,34.3089
27.9452,31.2452
26.7974,29.145
24.2351,27.3369
23.3695,25.7524
23.0864,24.3779
21.784,23.3843
20.8274,22.8346
20.1178,21.8691
20.3315,20.8344
20.1327,20.7111
19.9148,20.55
19.6395,20.1601
19.0483,19.9041
19.0725,19.6721
18.832,19.5069
18.7155,19.2972
18.11,19.0233
18.2297,19.1651
18.1968,18.7567
17.7819,18.5396
17.6087,18.4348
17.7566,18.8564
17.7513,18.0512
17.0914,17.7311
16.7493,17.7109
16.7363,17.2754
16.5623,16.82
16.7518,16.9833
16.661,16.8384
15.6046,17.0915
14.9959,16.8358
15.4121,16.674
14.8319,16.2159
14.0027,15.9365
14.0027,15.1728
12.8287,14.6128
12.8883,13.8043
11.5778,13.2278
11.9476,12.5897
12.0174,12.2748
10.8449,12.3451
10.6313,11.8134
10.8211,11.3378
10.0996,11.0358
10.7004,11.069
9.98386,10.9526
9.98386,10.8316
10.462,10.7506
10.462,10.5915
10.4746,10.5169
10.4619,10.5159
9.74817,10.4899
9.26272,10.1623
9.75774,9.93667
9.75402,10.083
9.26076,10.0302
9.25628,9.73131
9.23657,9.69981
9.25704,9.53409
9.23674,9.6016
9.21242,9.3657
9.21242,9.43414
9.21242,9.34531
9.21242,9.57156
9.21242,9.38761
9.21242,9.23259
9.08542,9.47044
9.20278,9.51133
9.07579,9.49079
9.18248,9.43974
9.18248,9.36068
9.18248,9.24109
9.18248,9.48773
9.05548,9.51425
9.18248,9.28789
9.18248,9.44893
9.18248,9.3214
9.18248,9.60577
9.18248,9.42846
9.18248,9.35746
8.85759,9.34688
9.18248,9.27765
9.18248,9.34878
9.05548,9.20841
9.18248,9.55754
9.18248,9.33375
9.178,9.3472
9.18248,9.33926
9.18248,9.29108
9.18248,9.42641
9.05548,9.25226
9.18248,9.61681
9.18248,9.35457
9.18248,9.56216
9.18248,9.54521
9.05548,9.66385
9.18248,9.36074
9.18248,9.5652
9.18248,9.38629
9.18248,9.36143
9.18248,9.35098
9.178,9.4523
9.18248,9.39696
9.18248,9.30466
9.18248,9.31114
9.18248,9.55516
9.18248,9.52625
9.18248,9.45276
9.18248,9.18856
9.18248,9.31661
9.18248,9.43676
9.18248,9.43623
9.18248,9.50501
9.18248,9.40134
9.18248,9.18755
9.18248,9.63571
9.18248,9.37868
9.18248,9.55099
9.178,9.20998
9.18248,9.56355
9.178,9.30073
9.18248,9.24908
9.178,9.25854
9.18248,9.70333
9.05548,9.34793
9.16318,9.35609
9.178,9.31585
9.178,9.59275
9.178,9.24944
9.178,9.39061
9.17724,9.36951
9.178,9.31621
9.178,9.38151
9.178,9.49008
9.178,9.29944
9.17405,9.51342
9.04977,9.48291
9.17459,9.3545
9.17459,9.65776
9.17459,9.26882
9.16003,9.37467
9.17459,9.47162
9.03223,9.3745
9.16003,9.45033
9.17459,9.49501
9.1742,9.2746
9.17459,9.59538
9.17459,9.26734
9.17459,9.27596
9.17459,9.47149
9.03223,9.43747
9.1742,9.39236
9.17459,9.30019
9.03223,9.56437
9.04712,9.28569
9.1742,9.23471
9.1742,9.54092
9.1742,9.62311
9.1742,9.39511
9.1742,9.48873
9.1742,9.52981
9.04673,9.22125
9.1742,9.38899
9.04673,9.46455
9.1742,9.2993
9.0719,9.33489
9.1742,9.26883
9.1742,9.44591
9.1742,9.29196
9.01476,9.32555
9.04673,9.59588
9.15966,9.30247
8.85756,9.34738
9.15966,9.39021
9.15966,9.22589
9.15966,9.3492
9.15966,9.60506
9.0322,9.40587
9.15966,9.40077
9.15966,9.26512
9.0322,9.19763
9.15469,9.46072
9.15665,9.35297
9.01476,9.44692
9.02918,9.45203
9.06394,9.54589
9.06394,9.4332
9.06394,9.31391
8.93647,9.21006
9.06394,9.50205
9.06394,9.37094
9.06394,9.30373
9.06394,9.20158
8.9146,9.27987
9.06233,9.32632
9.06394,9.09463
8.93647,9.49853
9.06394,9.35983
9.06233,9.46791
9.06394,9.266
9.05884,9.2282
9.05884,9.13426
9.05884,9.46045
8.91656,9.14819
9.05884,9.30736
8.84693,9.31575
9.05447,9.53234
8.84693,9.35765
8.84693,9.20797
8.84693,9.14369
8.63529,9.03014
8.66739,8.90294
8.51885,8.83299
8.66739,8.82523
8.53992,9.08608
8.51885,8.94335
8.66381,9.09571
8.66381,8.7002
8.66381,9.24254
8.66381,8.91432
8.66381,8.82036
8.66381,8.94633
8.53634,8.71178
8.66381,8.82692
8.53634,9.12241
8.66381,8.89158
8.66381,8.72654
8.5065,8.96
8.53634,8.81428
8.66236,9.02128
8.52024,8.90231
8.5065,8.77624
8.5065,8.80483
8.5065,8.73719
8.51885,8.55471
8.51885,8.5333
8.39138,8.70775
8.51885,8.5455
8.29374,8.70551
8.39138,8.69502
8.39138,8.76505
8.39046,8.52902
8.39138,8.6692
8.39138,8.54399
8.33045,8.82323
8.39138,8.74895
8.39138,8.57953
8.16628,8.59689
8.39138,8.78022
8.39138,8.6518
8.39138,8.43806
8.16628,8.66463
8.39138,8.66453
8.39138,8.60602
8.16628,8.80838
8.39046,8.73657
8.39046,8.66234
8.03168,8.47135
8.39046,8.57558
8.39046,8.49961
8.03168,8.61099
8.03168,8.63298
8.3281,8.56749
8.3281,8.70541
8.3281,8.52726
8.3281,8.65996
7.96795,8.49912
7.85061,8.63263
8.15363,8.24449
8.19742,8.4346
8.21216,8.43898
8.21216,8.51364
7.83348,8.26066
8.21216,8.35868
8.21216,8.41173
8.21216,8.37079
8.21216,8.3177
7.83348,8.5747
8.21216,8.31
8.21216,8.4455
8.21216,8.63612
8.21216,8.23421
8.21216,8.2292
8.21216,8.31989
8.21216,8.50131
8.21216,8.37639
8.21216,8.30184
8.21216,8.3127
8.21216,8.23341
7.83348,8.42742
8.21216,8.3939
7.83348,8.56971
7.83348,8.47295
8.21216,8.63724
8.21216,8.33795
8.21216,8.47761
8.21216,8.66239
8.21216,8.46212
8.21216,8.32834
8.21216,8.2122
8.21216,8.54405
8.21216,8.25646
8.21216,8.33475
8.21216,8.41019
7.83348,8.27199
8.21216,8.6639
8.21216,8.48822
7.83348,8.61599
8.21216,8.52266
8.21216,8.58118
8.21216,8.42202
8.21216,8.39013
8.21216,8.45156
8.21216,8.63888
8.21216,8.67164
8.21216,8.58205
8.21216,8.31771
8.21216,8.62346
8.21216,8.7465
8.21216,8.40519
8.21216,8.42306
7.83348,8.27056
7.83348,8.41001
8.21216,8.51378
8.21216,8.71043
8.21216,8.64735
8.21216,8.37816
8.21216,8.68996
8.21216,8.45175
8.21216,8.49523
8.21216,8.2612
8.21216,8.41733
8.21216,8.3655
8.18023,8.36636
8.21216,8.50572
8.21216,8.66196
8.21216,8.43055
8.21216,8.48816
8.21216,8.36824
8.21216,8.32314
7.83348,8.37961
8.21216,8.34413
8.21216,8.37129
8.21216,8.31701
8.21216,8.52607
8.21216,8.49244
8.21216,8.48157
8.21216,8.47197
7.83348,8.72893
8.21216,8.33933
8.18023,8.48376
8.21216,8.50526
8.21216,8.46851
8.21216,8.39876
8.21216,8.58366
8.21216,8.61699
7.83348,8.24491
8.21216,8.37544
8.21216,8.43265
8.21216,8.61567
8.21216,8.40724
8.21216,8.41452
7.83348,8.27074
8.21216,8.42276
8.21216,8.53351
8.21216,8.23073
8.21216,8.55521
8.21216,8.6343
8.21216,8.34584
8.21216,8.23923
8.21216,8.40808
8.21216,8.24615
8.18023,8.37408
8.21216,8.44704
8.21216,8.50264
8.21216,8.51479
8.21216,8.30303
8.21216,8.60689
8.21216,8.4069
7.83348,8.57965
8.21216,8.36363
8.21216,8.50703
8.21216,8.55137
8.21216,8.59224
8.21216,8.63222
8.21216,8.41202
8.21216,8.47633
8.21216,8.40147
8.21216,8.24834
8.21216,8.62317
8.21216,8.40185
8.21216,8.50211
8.21216,8.54312
8.21216,8.76729
8.21216,8.46696
8.21216,8.47824
8.21216,8.47605
8.21216,8.56064
8.21216,8.46533
7.83348,8.32829
8.21216,8.36165
8.21216,8.47252
8.21216,8.35034
8.21216,8.24089
8.21216,8.66239
8.21216,8.46105
8.21216,8.43408
7.83348,8.38249
7.83348,8.6715
7.51135,8.25772
7.83348,8.1863
7.83348,7.89305
7.83348,8.09374
7.51135,8.04658
7.83348,8.09403
7.51135,8.08217
7.83348,8.25214
7.83348,8.02298
7.83348,7.94809
7.83348,8.15083
7.83348,8.08176
7.83348,7.99077
7.83348,8.11564
7.83348,8.00965
7.83348,8.29666
7.83348,8.12614
7.83348,8.00096
7.83348,8.11285
7.83348,8.0424
7.83348,8.04353
7.83348,7.93454
7.83348,8.17189
7.83348,7.94744
7.83348,8.08798
7.83348,7.85454
7.83348,8.11186
7.83348,8.21625
7.51135,7.89645
7.83348,8.22868
7.51135,8.08168
7.83348,8.16837
7.83348,8.02976
7.83348,8.08537
7.83348,7.90443
7.51135,7.98648
7.83348,8.22113
7.83348,8.1666
7.83348,8.11447
7.83348,8.14126
7.83348,8.09685
7.83348,8.39657
7.83348,8.05688
7.83348,8.22634
7.83348,8.29195
7.83348,8.22516
7.51135,8.19853
7.83348,8.03801
7.83348,8.00586
7.83348,7.9257
7.83348,8.18889
7.51135,8.06581
7.83348,8.09409
7.83348,8.29682
7.83348,7.89727
7.83348,8.10591
7.83348,7.99064
7.83348,8.31448
7.83348,7.94308
7.83348,8.04428
7.83348,7.98491
7.83348,7.94021
7.83348,8.14011
7.83348,8.0034
7.51135,8.08282
7.51135,7.96568
7.51135,7.9525
7.8317,8.1317
7.83348,8.06178
7.83348,8.32174
7.51135,7.98051
7.83348,7.96449
7.83348,8.1351
7.83348,8.26469
7.83348,7.90425
7.83348,7.98959
7.83348,8.13328
7.83348,8.21985
7.83348,8.13677
7.83348,8.24541
7.8316,8.30307
7.83348,8.03572
7.83348,8.09709
7.83348,8.00218
7.51135,7.93819
7.83348,8.43019
7.83348,8.04901
7.83348,8.03995
7.83348,8.00232
7.83348,7.91906
7.83348,7.98711
7.83348,8.26966
7.83348,8.10865
7.83348,8.14043
7.83348,7.95375
7.83348,8.02635
7.83348,7.87497
7.83348,8.0571
7.83348,8.03555
7.51135,8.18107
7.83348,8.19443
7.83348,7.8403
7.83348,7.90111
7.83348,8.05754
7.83348,8.2207
7.83348,7.96497
7.8316,8.0408
7.51135,8.07522
7.83348,8.16787
7.83348,8.26438
7.83348,8.17005
7.83348,8.04901
7.51135,8.16549
7.83348,8.05835
7.83348,7.99237
7.83348,8.02025
7.83348,7.93918
7.83348,7.89293
7.83348,8.15702
7.51135,8.0529
7.83348,8.15251
7.83348,8.09604
7.83348,8.13522
7.83348,7.85361
7.83348,7.86124
7.83348,8.13962
7.83348,7.94022
7.83348,7.91886
7.83348,8.13208
7.83348,8.05965
7.51135,8.04831
7.83348,8.19186
7.83348,8.42627
7.83348,7.91644
7.83348,7.95831
7.83348,8.04066
7.83348,7.99568
7.83348,8.26528
7.83348,8.10642
7.51135,7.89536
7.83348,8.18134
7.83348,8.0386
7.51135,7.89899
7.83348,8.11935
7.51135,8.05012
7.51135,7.96412
7.51135,7.92519
7.51135,7.84652
7.51135,7.83792
7.51135,7.94341
7.51135,7.7805
7.51135,7.87366
7.51135,7.59268
7.51135,7.61371
7.51135,7.56809
7.51135,7.87361
7.51135,7.67785
7.51135,7.77197
7.51135,7.65896
7.51135,7.89931
7.51135,8.04982
7.51135,7.62968
7.51135,7.78615
7.51135,7.62848
7.51135,7.74929
7.51135,7.68878
7.51135,7.74893
7.51135,7.73144
7.51135,7.79411
7.51135,7.73916
7.51135,7.87534
7.51135,7.81132
7.51135,7.76446
7.51135,7.63232
7.51135,7.69619
7.51135,7.62229
7.51135,7.73533
7.51135,7.75652
7.51135,7.66531
7.51135,8.02045
7.51135,7.84559
7.51135,7.71907
7.51135,7.68819
7.51135,7.77039
7.51135,7.54684
7.51135,7.78523
7.51135,7.72515
7.51135,7.64775
7.51135,7.6802
7.51135,7.81121
7.51135,7.75912
7.51135,7.71924
7.51135,7.58191
7.51135,7.71586
7.51135,7.91578
7.51135,7.59143
7.51135,7.53979
7.51135,7.55559
7.51135,7.60749
7.51135,7.73963
7.51135,7.55131
7.51135,8.18813
7.51135,7.75517
7.51135,7.61352
7.51135,7.95077
7.51135,7.65157
7.51135,7.8565
7.51135,7.73799
7.51135,7.67052
7.51135,7.65459
7.51135,7.80762
7.51135,7.55034
7.51135,7.79957
7.51135,7.57045
7.51135,7.69685
7.51135,7.9708
7.51135,7.59228
7.51135,7.71205
7.51135,7.66299
7.51135,7.89984
7.51135,8.04655
7.51135,7.65139
7.51135,7.92674
7.51135,7.5735
7.51135,7.86121
7.51135,7.61354
7.51135,7.61934
7.51135,7.76094
7.51135,7.59963
7.51135,7.92629
7.51135,7.66997
7.51135,7.60642
7.51135,7.86775
7.51135,7.70358
7.51135,7.78674
7.51135,7.84384
7.51135,7.5772
7.51135,8.03739
7.51135,7.74154
7.51135,7.62771
7.51135,7.6712
7.51135,7.70502
7.51135,7.84258
7.51135,7.77635
7.51135,7.67067
7.51135,7.70603
7.51135,7.76134
7.51135,7.70875
7.51135,7.57546
7.51135,7.79422
7.51135,7.91716
7.51135,7.63648
7.51135,8.0521
7.51135,7.76447
7.51135,8.05569
7.51135,7.86703
7.51135,7.87151
7.51135,7.61764
7.51135,7.85672
7.51135,7.55725
7.51135,7.63706
7.51135,7.9761
7.51135,7.85472
7.51135,7.68353
7.51135,7.59964
7.51135,7.78811
7.51135,7.5264
7.51135,7.79537
7.51135,7.57782
7.51135,7.8134
7.51135,7.90119
7.51135,7.93115
7.51135,7.64594
7.51135,7.94076
7.51135,7.69845
7.51135,7.69702
7.51135,7.68307
7.51135,8.05014
7.51135,8.08138
7.51135,7.70108
7.51135,7.57512
7.51135,7.80179
7.51135,8.12328
7.51135,7.93925
7.51135,7.67056
7.51135,7.64578
7.51135,7.94129
7.51135,7.70349
7.51135,7.74242
7.51135,7.72267
7.51135,7.52571
7.51135,7.80444
7.51135,7.55923
7.51135,7.79089
7.51135,7.9499
7.51135,7.5646
7.51135,7.58092
7.51135,7.7641
7.51135,7.83257
7.51135,8.00312
7.51135,7.67523
7.51135,7.73322
7.51135,7.76075
7.51135,7.87485
7.51135,7.79306
7.51135,7.51135
7.51135,7.81763
7.51135,7.52069
7.51135,7.72671
7.51135,7.69333
7.51135,7.77301
7.51135,7.90353
7.51135,7.89187
7.51135,7.67295
7.51135,7.75396
7.51135,7.63438
7.51135,7.82053
7.51135,8.04655
7.51135,7.81122
7.51135,7.98653
7.51135,7.87028
7.51135,7.65713
7.51135,7.62523
7.51135,7.83805
7.51135,7.59905
7.51135,7.72548
7.51135,7.93421
7.51135,7.82237
7.51135,7.734
7.51135,7.57784
7.51135,7.8589
7.51135,7.94923
7.51135,7.71647
7.51135,7.82653
7.51135,7.6835
7.51135,7.84938
7.51135,7.67761
7.51135,7.77778
7.51135,7.97329
7.51135,7.68439
7.51135,7.84515
7.51135,7.69491
7.51135,8.20676
7.51135,7.84021
7.51135,7.59515
7.51135,7.85734
7.51135,7.68111
7.51135,7.68952
7.51135,7.51348
7.51135,7.75845
7.51135,7.61537
7.51135,7.65293
7.51135,7.8187
7.51135,7.79052
7.51135,7.68492
7.51135,8.18441
7.51135,7.69895
7.51135,7.8347
7.51135,7.51579
7.51135,7.89784
7.51135,7.72471
7.51135,7.64464
7.51135,7.9329
7.51135,7.81222
7.51135,7.70544
7.51135,7.71776
7.51135,7.68328
7.51135,7.70262
7.51135,7.86059
7.51135,7.6828
7.51135,7.63718
7.51135,7.68016
7.51135,7.74145
7.51135,7.51545
7.51135,7.65938
7.51135,7.80767
7.51135,7.74494
7.51135,7.67873
7.51135,7.72815
7.51135,7.94935
7.51135,7.78287
7.51135,7.83226
7.51135,7.95485
7.51135,7.58402
7.51135,7.572
7.51135,7.69234
7.51135,7.88176
7.51135,7.76611
7.51135,7.75697
7.51135,7.62666
7.51135,8.0094
7.51135,7.64961
7.51135,7.82434
7.51135,7.66301
7.51135,7.76113
7.51135,7.66369
7.51135,7.91015
7.51135,7.68412
7.51135,7.72901
7.51135,7.88325
7.51135,7.65912
7.51135,8.18517
7.51135,7.62561
7.51135,7.57294
7.51135,7.61656
7.51135,7.54298
7.51135,7.71489
7.51135,7.84823
7.51135,7.91
7.51135,7.70259
7.51135,7.87068
7.51135,7.73695
7.51135,7.79606
7.51135,7.83672
7.51135,7.93007
7.51135,7.85108
7.51135,7.68515
7.51135,7.51787
7.51135,7.65844
7.51135,7.77227
7.51135,7.69684
7.51135,7.63986
7.51135,7.6693
7.51135,7.78962
7.51135,7.99492
7.51135,7.80446
7.51135,7.63839
7.51135,7.87804
7.51135,7.57862
7.51135,7.61253
7.51135,7.7433
7.51135,7.64681
7.51135,7.9058
7.51135,7.99735
7.51135,7.74589
7.51135,7.73614
7.51135,7.77617
7.51135,7.79123
7.51135,7.82078
7.51135,7.62161
7.51135,7.70055
7.51135,7.73931
7.51135,7.54895
7.51135,7.7212
7.51135,7.76835
7.51135,7.75912
7.51135,7.7869
7.51135,7.72624
7.51135,7.57435
7.51135,7.80992
7.51135,7.76022
7.51135,8.03169
7.51135,7.51135
7.51135,7.89691
7.51135,7.57981
7.51135,7.79355
7.51135,7.67978
7.51135,7.63904
7.51135,7.79349
7.51135,7.79305
7.51135,7.69113
7.51135,7.56359
7.51135,7.79224
7.51135,7.60041
7.51135,7.66015
7.51135,8.0476
7.51135,7.8856
7.51135,7.75242
7.51135,7.67783
7.51135,7.68476
7.51135,7.69434
7.51135,7.63481
7.51135,7.53093
7.51135,7.99329
7.51135,7.63938
7.51135,7.74626
7.51135,7.7193
7.51135,8.21559
7.51135,7.84946
7.51135,7.82916
7.51135,7.8172
7.51135,7.62478
7.51135,7.72525
7.51135,7.60984
7.51135,7.80827
7.51135,7.97096
7.51135,7.52798
7.51135,7.91005
7.51135,7.92505
7.51135,7.81018
7.51135,7.6503
7.51135,7.70737
7.51135,7.83992
7.51135,7.92704
7.51135,7.73763
7.51135,7.90204
7.51135,7.68904
7.51135,7.75391
7.51135,7.584
7.51135,7.846
7.51135,7.80617
7.51135,7.8131
7.51135,7.6454
7.51135,7.73328
7.51135,7.62219
7.51135,7.60989
7.51135,7.8573
7.51135,7.6246
7.51135,7.90543
7.51135,7.78741
7.51135,7.54392
7.51135,7.82665
7.51135,7.76139
7.51135,7.91693
7.51135,8.16191
7.51135,7.71691
7.51135,7.74949
7.51135,7.74978
7.51135,7.67226
7.51135,7.74454
7.51135,7.71379
7.51135,7.79853
7.51135,7.53316
7.51135,7.92297
7.51135,8.00457
7.51135,7.66173
7.51135,7.55957
7.51135,7.66233
7.51135,7.87118
7.51135,7.86245
7.51135,7.93639
7.51135,7.55427
7.51135,7.83026
7.51135,7.73488
7.51135,7.76535
7.51135,7.61309
7.51135,7.82598
7.51135,7.8572
7.51135,7.75079
7.51135,7.71377
7.51135,7.64084
7.51135,7.64861
7.51135,7.81185
7.51135,7.55587
7.51135,7.86404
7.51135,7.86157
7.51135,7.5141
7.51135,7.83266
7.51135,7.82329
7.51135,7.99183
7.51135,7.74019
7.51135,7.87595
7.51135,7.87454
7.51135,7.61576
7.51135,7.64689
7.51135,7.57597
7.51135,7.90938
7.51135,7.8239
7.51135,7.9095
7.51135,7.70069
7.51135,7.63941
7.51135,7.83493
7.51135,7.90383
7.51135,7.64735
7.51135,7.77659
7.51135,7.66335
7.51135,7.97502
7.51135,7.86955
7.51135,7.52947
7.51135,7.77978
7.51135,7.73055
7.51135,7.90614
7.51135,7.6017
7.51135,7.68529
7.51135,7.69884
7.51135,7.74695
7.51135,7.76768
7.51135,7.62229
7.51135,7.84559
7.51135,7.97789
7.51135,7.65384
7.51135,7.76151
7.51135,7.74401
7.51135,7.67317
7.51135,7.76868
7.51135,7.78764
7.51135,7.87794
7.51135,7.91833
7.51135,7.94262
7.51135,7.79684
7.51135,7.80817
7.51135,7.75538
7.51135,7.81567
7.51135,7.57622
7.51135,7.82993
7.51135,7.87766
7.51135,7.81294
7.51135,7.64713
7.51135,7.70141
7.51135,7.75364
7.51135,7.77499
7.51135,7.87377
7.51135,7.5142
7.51135,7.55174
7.51135,8.05245
7.51135,7.52667
7.51135,7.65716
7.51135,7.73348
7.51135,7.6956
7.51135,7.63375
7.51135,7.72856
7.51135,7.74902
7.51135,7.70154
7.51135,7.78324
7.51135,7.66425
7.51135,7.71308
7.51135,7.6312
7.51135,7.78689
7.51135,7.72801
7.51135,7.73964
7.51135,7.70601
7.51135,7.51135
7.51135,7.63768
7.51135,7.53266
7.51135,7.84132
7.51135,7.54169
7.51135,7.69854
7.51135,7.80506
7.51135,7.65925
7.51135,8.03354
7.51135,7.71057
7.51135,7.58215
7.51135,7.78487
7.51135,7.63551
7.51135,7.92721
7.51135,7.87344
7.51135,7.82289
7.51135,7.56048
7.51135,7.55805
7.51135,8.14439
7.51135,7.77395
7.51135,7.71991
7.51135,7.66971
7.51135,7.6265
7.51135,7.85312
7.51135,7.98441
7.51135,7.70929
7.51135,7.66373
7.51135,7.63736
7.51135,7.51636
7.51135,7.64385
7.51135,7.71524
7.51135,7.6564
7.51135,7.97687
7.51135,7.91348
7.51135,7.99254
7.51135,7.59164
7.51135,7.67477
7.51135,8.08469
7.51135,7.54555
7.51135,7.75324
7.51135,7.76298
7.51135,7.79508
7.51135,7.63868
7.51135,7.59721
7.51135,7.7903
7.51135,7.82993
7.51135,7.6779
7.51135,7.91944
7.51135,7.68809
7.51135,7.67101
7.51135,7.57612
7.51135,7.72434
7.51135,7.71537
7.51135,7.82416
7.51135,7.87551
7.51135,7.90667
7.51135,7.79841
7.51135,8.1803
7.51135,7.71439
7.51135,7.80306
7.51135,7.93129
7.51135,7.83591
7.51135,7.94152
7.51135,7.70075
7.51135,7.79643
7.51135,7.7871
7.51135,7.77343
7.51135,7.89404
7.51135,7.52099
7.51135,7.9677
7.51135,7.74722
7.51135,7.82211
7.51135,7.83999
7.51135,7.88547
7.51135,7.68116
7.51135,7.69549
7.51135,7.64692
7.51135,7.60065
7.51135,7.63146
7.51135,7.79185
7.51135,7.84352
7.51135,7.98434
7.51135,7.8592
7.51135,8.04076
7.51135,7.91369
7.51135,7.8463
7.51135,7.73447
7.51135,7.66824
7.51135,7.84806
7.51135,7.80482
7.51135,7.72289
7.51135,7.54435
7.51135,8.02846
7.51135,7.73001
7.51135,7.80562
7.51135,8.00757
7.51135,7.73448
7.51135,7.57397
7.51135,7.95172
7.51135,7.84658
7.51135,7.70396
7.51135,7.93056
7.51135,7.82485
7.51135,8.01154
7.51135,7.68784
7.51135,7.74028
7.51135,7.70756
7.51135,7.75966
7.51135,7.77846
7.51135,7.98826
7.51135,7.78557
7.51135,7.6503
7.51135,7.67784
7.51135,7.73319
7.51135,7.62521
7.51135,7.67855
7.51135,8.05271
7.51135,7.71724
7.51135,7.94389
7.51135,7.80836
7.51135,8.15344
7.51135,7.76603
7.51135,7.63614
7.51135,7.58404
7.51135,7.6105
7.51135,7.97014
7.51135,7.79447
7.51135,7.5167
7.51135,7.6094
7.51135,7.67764
7.51135,7.79144
7.51135,7.78825
7.51135,7.68916
7.51135,7.52673
7.51135,7.80697
7.51135,7.75943
7.51135,7.60936
7.51135,7.63416
7.51135,7.85335
7.51135,7.89749
7.51135,7.72098
7.51135,7.59255
7.51135,7.74874
7.51135,7.6515
7.51135,7.64725
7.51135,7.60481
7.51135,7.64968
7.51135,7.62696
7.51135,7.72159
7.51135,7.74841
7.51135,7.64756
7.51135,8.10348
7.51135,7.73463
7.51135,7.79788
7.51135,7.67955
7.51135,7.7503
7.51135,7.73886
7.51135,7.85738
7.51135,7.67441
7.51135,7.78521
7.51135,7.87532
7.51135,8.03515
7.51135,7.65677
7.51135,7.74909
7.51135,7.77622
7.51135,7.72579
7.51135,7.76163
7.51135,7.67606
7.51135,7.58174
7.51135,7.70114
7.51135,7.73377
7.51135,7.85685
7.51135,7.62756
7.51135,7.70556
7.51135,7.87173
7.51135,7.68556
7.51135,7.76072
7.51135,7.51135
7.51135,7.69757
7.51135,7.9543
7.51135,7.70223
7.51135,7.77025
7.51135,7.59332
7.51135,7.64152
7.51135,7.65152
7.51135,7.61852
7.51135,7.93709
7.51135,7.82715
7.51135,7.67442
7.51135,7.70325
7.51135,7.98322
7.51135,7.68667
7.51135,7.52624
7.51135,7.65141
7.51135,7.7199
7.51135,7.94209
7.51135,7.62109
7.51135,7.64666
7.51135,7.72778
7.51135,7.9704
7.51135,7.73827
7.51135,7.73972
7.51135,7.85867
7.51135,7.8351
7.51135,7.85735
7.51135,7.60748
7.51135,7.91224
7.51135,7.65669
7.51135,7.65284
7.51135,7.68258
7.51135,7.65186
7.51135,7.68786
7.51135,7.84992
7.51135,7.72193
7.51135,7.62555
7.51135,7.66214
7.51135,7.5389
7.51135,7.77006
7.51135,7.69667
7.51135,7.83812
7.51135,7.51135
7.51135,7.94399
7.51135,8.11856
7.51135,7.60583
7.51135,7.81153
7.51135,7.81795
7.51135,7.81759
7.51135,7.74325
7.51135,7.68915
7.51135,7.87061
7.51135,7.55199
7.51135,8.00383
7.51135,7.81439
7.51135,7.64279
7.51135,7.77406
7.51135,7.57089
7.51135,7.69735
7.51135,7.97748
7.51135,7.75869
7.51135,7.52402
7.51135,7.84938
7.51135,7.68862
7.51135,7.8618
7.51135,7.59046
7.51135,7.85492
7.51135,7.75125
7.51135,7.76162
7.51135,7.9043
7.51135,7.83988
7.51135,7.88294
7.51135,7.72142
7.51135,7.59855
7.51135,7.8132
7.51135,7.54695
7.51135,7.80856
7.51135,7.56013
7.51135,7.51695
7.51135,7.70248
7.51135,7.73357
7.51135,7.9582
7.51135,7.84269
7.51135,7.75894
7.51135,7.79922
7.51135,7.91841
7.51135,7.53602
7.51135,7.51427
7.51135,7.83355
7.51135,7.67801
7.51135,7.98631
7.51135,8.08578
7.51135,7.85277
7.51135,7.80044
7.51135,7.70687
7.51135,7.5476
7.51135,8.04022
7.51135,7.78747
7.51135,7.59185
7.51135,7.74173
7.51135,7.84481
7.51135,7.84225
7.51135,7.85342
7.51135,7.83504
7.51135,7.79214
7.51135,7.60194
7.51135,7.87714
7.51135,7.7327
7.51135,8.0368
7.51135,7.59241
7.51135,7.70756
7.51135,8.09264
7.51135,7.62331
7.51135,7.80334
7.51135,7.6791
7.51135,7.58421
7.51135,7.60977
7.51135,7.73026
7.51135,7.63443
7.51135,7.87565
7.51135,8.07552
7.51135,7.73933
7.51135,7.8498
7.51135,7.64068
7.51135,7.59199
7.51135,7.75924
7.51135,7.75741
7.51135,7.8563
7.51135,7.56709
7.51135,7.68937
7.51135,7.84838
7.51135,7.69828
7.51135,7.8007
7.51135,7.78686
7.51135,7.67976
7.51135,7.84202
7.51135,7.89599
7.51135,7.79393
7.51135,7.82656
7.51135,7.93253
7.51135,7.75784
7.51135,7.73727
7.51135,7.85578
7.51135,7.75545
7.51135,7.57717
7.51135,7.5355
7.51135,7.59031
7.51135,7.86422
7.51135,7.77485
7.51135,7.51155
7.51135,7.7643
7.51135,7.70233
7.51135,7.88435
7.51135,7.70238
7.51135,7.88574
7.51135,7.84195
7.51135,7.62769
7.51135,7.65665
7.51135,7.93811
7.51135,7.64189
7.51135,7.55473
7.51135,7.87103
7.51135,7.73476
7.51135,7.57607
7.51135,7.59623
7.51135,7.80727
7.51135,7.81794
7.51135,7.82827
7.51135,7.7377
7.51135,7.71633
7.51135,7.62745
7.51135,7.80282
7.51135,7.6833
7.51135,7.76833
7.51135,7.67347
7.51135,7.75112
7.51135,7.80558
7.51135,7.72277
7.51135,8.03054
7.51135,7.57837
7.51135,7.72374
7.51135,7.77302
7.51135,7.75728
7.51135,7.69263
7.51135,7.92776
7.51135,7.7977
7.51135,7.56867
7.51135,7.81307
7.51135,7.85266
7.51135,7.6036
7.51135,7.66651
7.51135,7.53225
7.51135,7.55418
7.51135,7.62046
7.51135,7.59223
7.51135,7.92041
7.51135,7.72266
7.51135,7.71044
7.51135,7.55205
7.51135,7.56802
7.51135,7.88677
7.51135,7.79385
7.51135,7.61579
7.51135,7.8931
7.51135,7.5552
7.51135,7.77273
7.51135,7.64101
7.51135,8.06052
7.51135,7.69128
7.51135,7.54829
7.51135,7.70461
7.51135,7.83119
7.51135,7.74736
7.51135,7.75574
7.51135,7.71432
7.51135,7.69005
7.51135,7.89896
7.51135,7.62438
7.51135,7.64841
7.51135,7.81316
7.51135,7.7119
7.51135,7.71329
7.51135,7.81752
7.51135,7.81404
7.51135,7.70563
7.51135,7.75522
7.51135,7.81314
7.51135,7.56804
7.51135,7.74466
7.51135,7.57257
7.51135,7.78461
7.51135,7.71598
7.51135,7.81302
7.51135,7.92213
7.51135,7.82956
7.51135,7.90091
7.51135,7.82856
7.51135,7.93325
7.51135,7.84687
7.51135,7.69713
7.51135,7.75556
7.51135,7.64565
7.51135,7.74658
7.51135,7.78427
7.51135,7.59165
7.51135,7.79124
7.51135,7.91571
7.51135,7.60839
7.51135,7.65193
7.51135,7.52339
7.51135,7.65358
7.51135,7.65072
7.51135,7.62287
7.51135,7.6352
7.51135,7.86201
7.51135,7.74925
7.51135,7.61488
7.51135,7.56539
7.51135,8.01335
7.51135,7.64514
7.51135,7.88137
7.51135,7.72049
7.51135,7.70522
7.51135,7.73435
7.51135,7.86767
7.51135,7.60242
7.51135,7.57601
7.51135,7.85422
7.51135,7.8516
7.51135,7.53915
7.51135,7.74882
7.51135,7.98242
7.51135,7.74672
7.51135,7.95168
7.51135,7.94055
7.51135,7.76168
7.51135,7.60351
7.51135,8.05178
7.51135,7.86195
7.51135,7.75534
7.51135,7.87376
7.51135,7.70369
7.51135,8.0051
7.51135,7.69025
7.51135,7.99005
7.51135,7.74929
7.51135,7.77343
7.51135,7.72184
7.51135,7.69242
7.51135,7.76786
7.51135,7.86037
7.51135,7.60604
7.51135,7.64844
7.51135,7.94484
7.51135,7.86656
7.51135,7.76771
7.51135,7.89998
7.51135,7.66387
7.51135,7.80802
7.51135,7.68125
7.51135,7.67618
7.51135,7.7271
7.51135,7.78729
7.51135,8.04601
7.51135,7.89862
7.51135,7.8407
7.51135,7.82992
7.51135,7.87863
7.51135,7.95258
7.51135,7.84976
7.51135,7.74352
7.51135,7.7228
7.51135,7.64722
7.51135,7.87999
7.51135,7.96204
7.51135,7.9461
7.51135,7.69952
7.51135,7.82289
7.51135,7.64854
7.51135,8.12286
7.51135,7.57614
7.51135,7.98308
7.51135,7.97582
7.51135,7.62077
7.51135,7.90632
7.51135,7.61282
7.51135,7.55826
7.51135,7.95962
7.51135,7.71465
7.51135,7.57966
7.51135,7.97103
7.51135,7.92748
7.51135,7.55139
7.51135,7.9072
7.51135,8.18825
7.51135,7.60686
7.51135,7.95307
7.51135,8.04616
7.51135,7.6421
7.51135,7.98472
7.51135,7.52349
7.51135,7.79794
7.51135,8.02701
7.51135,7.81136
7.51135,7.59826
7.51135,7.79538
7.51135,7.84973
7.51135,7.51241
7.51135,7.8097
7.51135,7.93262
7.51135,7.79259
7.51135,7.67339
7.51135,7.74646
7.51135,7.73884
7.51135,7.76227
7.51135,7.57001
7.51135,7.57083
7.51135,7.82035
7.51135,7.67978
7.51135,7.75998
7.51135,7.87611
7.51135,8.06966
7.51135,7.75514
7.51135,7.95575
7.51135,7.69976
7.51135,7.58888
7.51135,7.72741
7.51135,7.7653
7.51135,7.88861
7.51135,7.73615
7.51135,7.89737
7.51135,7.6318
7.51135,7.87338
7.51135,7.62931
7.51135,7.76471
7.51135,7.66217
7.51135,7.6802
7.51135,7.55207
7.51135,7.90696
7.51135,7.65031
7.51135,7.70514
7.51135,7.66757
7.51135,7.8285
7.51135,8.01672
7.51135,7.85853
7.51135,7.88478
7.51135,7.926
7.51135,7.93382
7.51135,7.66607
7.51135,7.74141
7.51135,7.86703
7.51135,7.70168
7.51135,7.75572
7.51135,7.67226
7.51135,7.6926
7.51135,7.61402
7.51135,7.76715
7.51135,7.89669
7.51135,7.60779
7.51135,7.83562
7.51135,7.65647
7.51135,7.80264
7.51135,7.83465
7.51135,7.69844
7.51135,8.09909
7.51135,7.70877
7.51135,7.81878
7.51135,7.68525
7.51135,7.5826
7.51135,7.70386
7.51135,7.88381
7.51135,7.85409
7.51135,7.57034
7.51135,7.68799
7.51135,7.837
7.51135,7.52908
7.51135,7.71283
7.51135,7.68155
7.51135,7.893
7.51135,7.51135
7.51135,7.79084
7.51135,7.78998
7.51135,7.96574
7.51135,7.94743
7.51135,7.62239
7.51135,7.7816
7.51135,7.54393
7.51135,7.8701
7.51135,7.9033
7.51135,7.80598
7.51135,7.84051
7.51135,8.01519
7.51135,7.70652
7.51135,7.75401
7.51135,7.71571
7.51135,7.59243
7.51135,7.73199
7.51135,7.53523
7.51135,7.80816
7.51135,8.11763
7.51135,7.76535
7.51135,7.81817
7.51135,7.76796
7.51135,7.64978
7.51135,7.73664
7.51135,7.87769
7.51135,7.66616
7.51135,8.03845
7.51135,7.76219
7.51135,7.68709
7.51135,7.59565
7.51135,7.90613
7.51135,7.95352
7.51135,7.65938
7.51135,7.76529
7.51135,7.95552
7.51135,7.82173
7.51135,7.55511
7.51135,7.66212
7.51135,7.92894
7.51135,7.55003
7.51135,7.70552
7.51135,8.0218
7.51135,7.60046
7.51135,7.64105
7.51135,7.59861
7.51135,7.93435
7.51135,7.8124
7.51135,7.79487
7.51135,7.64485
7.51135,7.66354
7.51135,7.83256
7.51135,7.83772
7.51135,7.77275
7.51135,7.85448
7.51135,7.87851
7.51135,7.80379
7.51135,7.9694
7.51135,7.70849
7.51135,7.68639
7.51135,7.80168
7.51135,7.88936
7.51135,7.81777
7.51135,7.73323
7.51135,7.68795
7.51135,7.94714
7.51135,7.73676
7.51135,7.71677
7.51135,7.63697
7.51135,7.53179
7.51135,7.77955
7.51135,7.62404
7.51135,7.69326
7.51135,7.76504
7.51135,8.1211
7.51135,7.76179
7.51135,7.8043
7.51135,7.74392
7.51135,7.67283
7.51135,7.64399
7.51135,7.54769
7.51135,7.85476
7.51135,7.68669
7.51135,7.86313
7.51135,7.51798
7.51135,7.74859
7.51135,7.75102
7.51135,7.79612
7.51135,7.91628
7.51135,7.84159
7.51135,7.87023
7.51135,7.6237
7.51135,7.68041
7.51135,7.84191
7.51135,7.75889
7.51135,8.0859
7.51135,7.83332
7.51135,7.59409
7.51135,8.10151
7.51135,7.82041
7.51135,7.6447
7.51135,8.00047
7.51135,7.69638
7.51135,7.76249
7.51135,7.56706
7.51135,7.98006
7.51135,7.83393
7.51135,7.66827
7.51135,8.29199
7.51135,7.79977
7.51135,7.83186
7.51135,7.74424
7.51135,7.71538
7.51135,7.78748
7.51135,7.8443
7.51135,7.73498
7.51135,7.87582
7.51135,7.57086
7.51135,7.66684
7.51135,7.61169
7.51135,7.89634
7.51135,7.74468
7.51135,7.918
7.51135,7.91147
7.51135,7.53816
7.51135,7.96997
7.51135,7.75132
7.51135,7.81869
7.51135,7.66604
7.51135,7.94357
7.51135,7.77513
7.51135,7.83217
7.51135,7.92988
7.51135,7.71993
7.51135,7.70069
7.51135,7.845
7.51135,7.62868
7.51135,7.68668
7.51135,7.6416
7.51135,7.7039
7.51135,7.78956
7.51135,8.33158
7.51135,7.64573
7.51135,7.82101
7.51135,7.72752
7.51135,7.84622
7.51135,7.71802
7.51135,7.51492
7.51135,7.81217
7.51135,7.88239
7.51135,7.76014
7.51135,7.69204
7.51135,7.70066
7.51135,7.95927
7.51135,7.52797
7.51135,7.67278
7.51135,7.52319
7.51135,7.9311
7.51135,7.97042
7.51135,7.6068
7.51135,7.62893
7.51135,7.64792
7.51135,7.76038
7.51135,7.52485
7.51135,7.60468
7.51135,7.98024
7.51135,7.75027
7.51135,7.74472
7.51135,7.66806
7.51135,7.86122
7.51135,7.71043
7.51135,7.54259
7.51135,7.91472
7.51135,7.80322
7.51135,7.83085
7.51135,7.60252
7.51135,7.59376
7.51135,7.64168
7.51135,7.78309
7.51135,7.9295
7.51135,7.58689
7.51135,7.79781
7.51135,7.64075
7.51135,7.68444
7.51135,7.62885
7.51135,7.84386
7.51135,7.73544
7.51135,7.58548
7.51135,7.90817
7.51135,7.87839
7.51135,7.7362
7.51135,8.10133
7.51135,7.6301
7.51135,7.6834
7.51135,7.90867
7.51135,7.54559
7.51135,7.66106
7.51135,7.89448
7.51135,7.82453
7.51135,7.73359
7.51135,7.81266
7.51135,7.6735
7.51135,7.87108
7.51135,7.72155
7.51135,7.66615
7.51135,7.84158
7.51135,7.66479
7.51135,7.96705
7.51135,7.7597
7.51135,7.5433
7.51135,8.11117
7.51135,7.77671
7.51135,7.874
7.51135,7.87674
7.51135,7.84841
7.51135,7.78626
7.51135,7.66399
7.51135,8.03086
7.51135,7.638
7.51135,7.85039
7.51135,7.80402
7.51135,7.75553
7.51135,7.79815
7.51135,7.72467
7.51135,7.79422
7.51135,7.68665
7.51135,7.74175
7.51135,7.65433
7.51135,7.65906
7.51135,7.69469
7.51135,8.00018
7.51135,7.65024
7.51135,7.74392
7.51135,7.71205
7.51135,7.82979
7.51135,7.6432
7.51135,7.89875
7.51135,7.70602
7.51135,7.8028
7.51135,7.81158
7.51135,7.80327
7.51135,7.57666
7.51135,8.15579
7.51135,7.69372
7.51135,7.89834
7.51135,7.66762
7.51135,7.78977
7.51135,7.8028
7.51135,7.89963
7.51135,7.90486
7.51135,7.51609
7.51135,7.72237
7.51135,7.80571
7.51135,7.76475
7.51135,7.76509
7.51135,7.54836
7.51135,7.79144
7.51135,7.71193
7.51135,7.81719
7.51135,8.00613
7.51135,7.67872
7.51135,7.83259
7.51135,7.70663
7.51135,7.77525
7.51135,7.92756
7.51135,7.64903
7.51135,7.77844
7.51135,7.91409
7.51135,7.74686
7.51135,7.81339
7.51135,7.78528
7.51135,7.80586
7.51135,7.62621
7.51135,7.78222
7.51135,7.71019
7.51135,7.79545
7.51135,7.61333
7.51135,7.60981
7.51135,7.81312
7.51135,7.62851
7.51135,7.69808
7.51135,7.8449
7.51135,7.9319
7.51135,7.66324
7.51135,7.74047
7.51135,7.86344
7.51135,7.5664
7.51135,7.8445
7.51135,7.73396
7.51135,7.92459
7.51135,7.82856
7.51135,7.94422
7.51135,7.92169
7.51135,7.84743
7.51135,7.85634
7.51135,7.62495
7.51135,7.78412
7.51135,7.77589
7.51135,8.05237
7.51135,7.89159
7.51135,8.0128
7.51135,7.83487
7.51135,7.75593
7.51135,7.67937
7.51135,7.69069
7.51135,7.82261
7.51135,7.68717
7.51135,7.56941
7.51135,7.67505
7.51135,7.79332
7.51135,7.74006
7.51135,7.90676
7.51135,7.75946
7.51135,7.85729
7.51135,7.65014
7.51135,7.78486
7.51135,7.7189
7.51135,7.72569
7.51135,7.73482
7.51135,7.73329
7.51135,7.66389
7.51135,7.67919
7.51135,7.76711
7.51135,7.67216
7.51135,7.83511
7.51135,7.76528
7.51135,7.75368
7.51135,7.75471
7.51135,7.76201
7.51135,7.6505
7.51135,7.56281
7.51135,7.74741
7.51135,7.65897
7.51135,7.81972
7.51135,7.76273
7.51135,7.7601
7.51135,7.77389
7.51135,7.73385
7.51135,7.73618
7.51135,7.75024
7.51135,7.66894
7.51135,7.98121
7.51135,7.78678
7.51135,7.84126
7.51135,7.75429
7.51135,8.02324
7.51135,7.65364
7.51135,7.91361
7.51135,7.84949
7.51135,7.58502
7.51135,7.73871
7.51135,7.70225
7.51135,7.66558
7.51135,7.74525
7.51135,7.84515
7.51135,7.57
7.51135,7.58199
7.51135,7.8798
7.51135,7.76916
7.51135,7.86941
7.51135,7.9802
7.51135,7.7753
7.51135,7.72212
7.51135,7.5248
7.51135,7.85972
7.51135,7.71067
7.51135,7.8406
7.51135,7.88913
7.51135,8.025
7.51135,7.73966
