6757.23,8575.69
6697,7542.25
6345.12,6915.72
6199.04,6532.41
5932.19,6335.6
5685.04,6078.71
5572.58,5884.61
5613.08,5788.83
5369.91,5655.09
5372.82,5534.85
5313.24,5445.68
5127.46,5388.27
5111.42,5291.27
4949.48,5190.97
4968.45,5086.8
4696.58,5025.63
4800.63,4930.78
4752.36,4841.47
4723.59,4787.7
4634.84,4752.53
4607.32,4727.5
4639.44,4677.85
4514.82,4640.33
4449.18,4596.07
4330.18,4554.22
4232.53,4437.01
4372.72,4374.06
4374.08,4374.08
4342.3,4376.36
4350.31,4373.72
4288.07,4367.37
4324.96,4369.36
4313.58,4328
4229.11,4323.33
4171.92,4273.46
4025.34,4211.04
4152.94,4171.72
4023.89,4172.7
4006.43,4126.18
3927.38,4053.23
3952.13,4010.1
3961.18,4000.02
3957.53,3992.07
3947.61,3975.68
3815.43,3959.24
3831.73,3907.17
3831.73,3832.44
3784.7,3831
3804.78,3820.52
3804.78,3804.78
3767.82,3804.41
3796.34,3804.66
3801.6,3803.25
3781.28,3801.4
3801.6,3801.6
3801.6,3806.65
3782.89,3801.24
3779.45,3793.88
3784.55,3789.34
3756.19,3787.42
3756.61,3783.58
3756.61,3771.56
3756.61,3756.61
3736.29,3756.41
3737.39,3756.42
3737.39,3756.42
3733.33,3756.38
3745.49,3759.31
3747.4,3756.52
3756.61,3756.61
3734.47,3756.39
3745,3756.5
3756.61,3756.84
3730.12,3756.35
3756.61,3766.06
3756.61,3756.61
3756.61,3756.61
3745,3756.5
3756.61,3757.09
3724.86,3759.1
3734.47,3749
3722.85,3734.22
3721.76,3732.35
3721.76,3725.32
3661.73,3720.88
3674.18,3710.72
3682.74,3689.16
3653.91,3682.31
3668.64,3679.6
3674.45,3674.45
3674.45,3674.83
3658.33,3674.29
3668.64,3676.97
3632.66,3674.03
3674.45,3674.45
3606.68,3673.6
3656.61,3669.87
3637.39,3658.01
3656.61,3656.61
3656.61,3656.61
3650.8,3656.55
3656.61,3656.61
3656.61,3658.02
3656.61,3656.61
3614.82,3656.19
3656.61,3656.61
3621.08,3656.26
3637.39,3656.42
3643.19,3656.48
3656.61,3656.61
3656.61,3656.61
3588.84,3655.88
3650.8,3664.19
3638.57,3653.34
3650.8,3650.8
3650.8,3651.8
3650.8,3652.56
3650.8,3650.8
3649.76,3650.79
3622.62,3650.52
3650.8,3651.91
3650.8,3650.92
3650.8,3650.8
3650.8,3650.8
3650.8,3650.8
3589.57,3650.06
3630.05,3645.19
3631.02,3635.46
3631.02,3631.32
3631.02,3636.01
3615.74,3630.85
3629.97,3630.48
3601.79,3629.69
3594.44,3629.26
3594.69,3620.43
3579.13,3594.26
3566.8,3590.69
3501.96,3589.68
3501.96,3537.22
3501.96,3501.96
3493.98,3501.88
3501.96,3501.96
3501.96,3501.96
3466.42,3501.6
3501.96,3501.96
3501.96,3501.96
3493.98,3505.27
3501.96,3501.96
3501.96,3501.96
3501.96,3501.96
3501.96,3507.06
3501.96,3501.96
3473.77,3502.7
3486.68,3504.8
3501.96,3502.78
3501.96,3502.9
3501.96,3505
3501.96,3501.96
3501.96,3504.11
3466.42,3505.72
3501.96,3502.12
3430.5,3500.94
3472.02,3489.75
3472.02,3472.02
3472.02,3474.65
3464.05,3471.94
3472.02,3472.54
3472.02,3472.02
3472.02,3472.02
3472.02,3472.02
3443.84,3471.74
3472.02,3474.05
3410.8,3475.82
3456.75,3462.4
3456.75,3456.75
3456.75,3456.75
3456.75,3456.75
3456.75,3456.75
3456.75,3461.47
3448.78,3456.67
3456.75,3456.75
3428.39,3456.47
3420.22,3456.1
3428.39,3445.49
3428.39,3428.39
3428.39,3428.39
3428.39,3428.39
3428.39,3433.27
3428.39,3428.39
3428.39,3428.39
3368.21,3427.79
3428.39,3431.76
3428.39,3428.39
3428.39,3431.5
3400.21,3428.11
3428.39,3428.39
3420.42,3428.31
3428.39,3428.39
3424.31,3430.67
3424.31,3426.76
3417.63,3424.24
3396.13,3424.03
3387.78,3423.66
3396.13,3414.93
3396.13,3396.13
3396.13,3396.13
3396.13,3404.99
3396.13,3396.13
3396.13,3396.13
3396.13,3396.13
3396.13,3396.9
3396.13,3396.13
3337.73,3395.54
3272.32,3396.92
3396.13,3396.13
3396.13,3398.18
3396.13,3396.55
3396.13,3396.13
3312.72,3395.21
3382.5,3393.6
3376.95,3388.04
3329.76,3387.57
3388.15,3388.15
3304.75,3387.26
3376.95,3385.38
3382.5,3382.5
3382.5,3382.5
3382.5,3388.98
3382.5,3382.5
3382.5,3382.5
3382.5,3382.5
3382.5,3382.5
3382.5,3383.59
3382.5,3383.89
3382.42,3382.5
3382.5,3382.5
3382.5,3382.89
3382.5,3382.5
3258.69,3381.99
3382.5,3391.51
3382.5,3388.39
3382.5,3382.5
3371.3,3382.28
3371.3,3378.57
3371.3,3371.3
3371.3,3371.3
3357.53,3371.17
3371.3,3373.51
3371.3,3371.3
3371.3,3371.3
3359.96,3371.19
3371.3,3371.3
3247.5,3370.07
3371.3,3371.3
3371.3,3371.41
3371.3,3372.04
3371.3,3371.3
3371.3,3372.07
3371.3,3371.3
3371.3,3371.3
3371.07,3371.3
3258.61,3370.18
3371.3,3371.3
3371.3,3373.06
3371.3,3371.48
3371.3,3371.3
3371.3,3371.3
3287.9,3370.33
3356.59,3365.38
3274.12,3356.69
3357.53,3357.53
3357.53,3357.53
3357.53,3358.26
3357.53,3357.53
3357.53,3357.53
3349.89,3357.45
3357.53,3357.53
3357.53,3358.4
3345.08,3358.99
3357.53,3357.53
3357.53,3358.16
3357.53,3358.5
3357.53,3357.53
3357.53,3357.53
3357.53,3357.53
3233.72,3356.29
3357.53,3358.48
3357.53,3357.53
3357.53,3357.53
3357.53,3357.53
3357.53,3357.53
3357.53,3357.53
3286.33,3357.86
3357.53,3357.53
3357.53,3357.53
3357.53,3357.53
3357.53,3357.53
3357.53,3357.53
3357.53,3358.34
3299.13,3356.94
3357.53,3357.53
3357.53,3357.53
3357.53,3359.2
3357.53,3357.53
3245.93,3357.77
3357.53,3357.53
3357.53,3357.53
3357.53,3358.02
3233.72,3356.29
3357.53,3357.53
3357.53,3357.53
3357.53,3358.64
3357.53,3357.53
3233.72,3356.29
3357.53,3357.53
3357.53,3359.36
3357.53,3358.14
3357.53,3357.53
3357.53,3357.53
3357.53,3357.53
3233.72,3357.39
3357.53,3358.02
3357.53,3357.53
3357.53,3357.53
3357.53,3357.53
3357.53,3357.53
3357.53,3357.53
3357.53,3357.53
3357.53,3358.75
3357.53,3357.53
3311.34,3357.19
3357.53,3357.53
3233.72,3357.31
3357.53,3357.53
3357.53,3358.14
3299.13,3356.94
3274.12,3356.69
3357.53,3357.71
3357.53,3357.65
3357.53,3357.53
3357.53,3357.53
3357.53,3357.53
3357.53,3357.53
3233.72,3355.83
3311.34,3348.05
3311.34,3311.41
3311.34,3312.29
3311.34,3311.34
3311.34,3317.37
3311.34,3311.34
3311.34,3311.34
3311.34,3313.72
3311.34,3313.9
3311.34,3311.34
3311.34,3314.19
3249.59,3311.58
3311.34,3311.34
3311.34,3311.34
3311.34,3317.65
3311.34,3311.34
3311.34,3315.33
3311.34,3311.74
3174.18,3314.04
3311.34,3312.96
3298.9,3313.97
3311.34,3311.34
3311.34,3311.34
3311.34,3311.34
3311.34,3311.34
3311.34,3311.34
3289.35,3311.12
3311.34,3311.34
3298.9,3311.22
3311.34,3311.34
3311.34,3311.35
3311.34,3311.34
3311.34,3311.34
3311.34,3311.34
3311.34,3311.34
3311.34,3311.34
3311.34,3317.2
3269.68,3310.93
3311.34,3311.34
3311.34,3311.51
3311.34,3311.34
3311.34,3311.34
3311.34,3318.69
3174.18,3309.97
3311.34,3311.34
3311.34,3314.72
3311.34,3311.34
3311.34,3311.34
3269.68,3310.93
3311.34,3311.34
3311.34,3311.34
3311.34,3311.34
3311.34,3311.34
3311.34,3320.74
3311.34,3311.34
3311.34,3311.34
3311.34,3313.25
3311.34,3311.34
3311.34,3311.34
3311.34,3311.34
3311.34,3311.41
3298.9,3311.22
3174.18,3310.31
3311.34,3311.34
3311.34,3311.34
3311.34,3311.34
3311.34,3314.31
3311.34,3311.34
3298.9,3311.22
3269.68,3310.93
3311.34,3311.34
3311.34,3311.34
3311.34,3312.8
3289.35,3311.12
3311.34,3316.3
3311.34,3311.34
3311.34,3311.34
3311.34,3311.34
3311.34,3311.34
3311.34,3311.34
3311.34,3315.43
3311.34,3311.34
3311.34,3312.49
3311.34,3311.34
3269.68,3310.8
3298.9,3305.64
3298.9,3298.9
3257.23,3304.81
3298.9,3298.9
3298.9,3300.52
3298.9,3298.9
3161.74,3298.19
3298.9,3298.9
3298.9,3298.9
3298.9,3298.9
3298.9,3299.32
3298.9,3298.9
3298.9,3298.9
3298.9,3299.68
3298.9,3298.9
3298.9,3298.9
3257.23,3298.48
3298.9,3298.9
3298.9,3298.9
3298.9,3298.9
3298.9,3298.9
3298.9,3298.9
3257.23,3298.48
3298.9,3298.9
3298.9,3300.72
3257.23,3298.86
3298.9,3298.9
3298.9,3306.53
3298.9,3298.9
3298.9,3298.9
3298.9,3298.9
3298.9,3298.9
3298.9,3298.9
3298.9,3299.69
3298.9,3298.9
3298.9,3298.9
3298.9,3298.9
3298.9,3298.9
3298.9,3300.24
3298.9,3298.9
3298.9,3299.29
3298.9,3298.9
3298.9,3301.68
3298.9,3298.9
3298.9,3305.29
3298.9,3299.28
3298.9,3299.01
3298.9,3298.9
3298.9,3298.9
3298.9,3298.91
3298.9,3298.9
3161.74,3297.53
3298.9,3298.9
3161.74,3298.23
3298.9,3298.9
3298.9,3298.9
3257.23,3304.48
3298.9,3298.9
3298.9,3298.9
3298.9,3298.9
3161.74,3297.53
3298.9,3303.85
3298.9,3298.9
3298.9,3298.9
3298.9,3298.9
3257.23,3298.48
3298.9,3298.9
3257.23,3298.48
3298.9,3298.9
3298.9,3302.25
3298.9,3299.45
3298.9,3298.9
3257.23,3298.48
3298.9,3298.9
3298.9,3298.9
3298.9,3298.9
3298.9,3298.9
3298.9,3298.9
3298.9,3298.9
3298.9,3298.9
3161.74,3297.53
3298.9,3298.9
3298.9,3300.43
3298.9,3304.02
3298.9,3298.9
3298.9,3298.9
3298.9,3303.53
3257.23,3298.07
3257.23,3283.48
3257.23,3268.27
3257.23,3261.9
3257.23,3257.23
3257.23,3257.23
3257.23,3266.06
3257.23,3257.23
3257.23,3258.92
3233.49,3264.37
3244.35,3257.1
3257.23,3257.23
3257.23,3257.23
3257.23,3257.23
3120.07,3255.62
3233.49,3251.42
3233.49,3233.49
3233.49,3233.49
3233.49,3233.68
3233.49,3233.49
3233.49,3233.6
3233.49,3233.49
3233.49,3233.49
3233.49,3233.49
3225.85,3233.41
3233.49,3243.53
3233.49,3234.17
3233.49,3233.49
3233.49,3237.07
3233.49,3233.49
3233.49,3233.49
3233.49,3233.98
3233.49,3233.77
3233.49,3233.49
3233.49,3233.49
3233.49,3233.49
3233.49,3237.71
3233.49,3233.49
3233.49,3233.49
3233.49,3236.91
3233.49,3233.56
3233.49,3233.49
3233.49,3233.49
3233.49,3236.82
3233.49,3235.43
3233.49,3237.85
3233.49,3233.49
3233.49,3233.49
3233.49,3236.48
3233.49,3233.49
3233.49,3233.49
3233.49,3233.49
3233.49,3233.68
3233.49,3233.49
3233.49,3233.49
3233.49,3233.49
3233.49,3233.49
3233.49,3233.49
3233.49,3233.49
3233.49,3233.49
3233.49,3233.49
3233.49,3233.49
3233.49,3234.5
3233.49,3233.49
3233.49,3233.49
3233.49,3233.49
3233.49,3233.49
3233.49,3234.56
3233.49,3233.49
3233.49,3233.49
3233.49,3240.29
3233.49,3233.49
3233.49,3233.49
3233.49,3233.49
3233.49,3233.49
3233.49,3233.49
3233.49,3233.49
3233.49,3233.49
3233.49,3233.49
3233.49,3233.49
3233.49,3235.75
3233.49,3243.88
3233.49,3234.51
3233.49,3244.2
3233.49,3233.49
3233.49,3233.49
3233.49,3238.67
3233.49,3233.49
3233.49,3233.49
3233.49,3233.49
3233.49,3241.56
3233.49,3240
3233.49,3233.49
3233.49,3233.49
3233.49,3233.49
3225.85,3233.41
3233.49,3233.49
3233.49,3233.49
3233.49,3233.49
3233.49,3233.49
3233.49,3233.49
3233.49,3233.49
3233.49,3233.49
3233.49,3233.49
3233.49,3238.11
3233.49,3233.49
3233.49,3233.49
3233.49,3233.49
3233.49,3235.15
3233.49,3233.56
3233.49,3233.49
3233.49,3243.43
3233.49,3240.78
3233.49,3233.49
3233.49,3235.14
3233.49,3233.49
3233.49,3233.49
3233.49,3233.49
3233.49,3237.79
3233.49,3233.49
3233.49,3233.49
3233.49,3233.49
3233.49,3234.43
3233.49,3233.49
3233.49,3240.69
3233.49,3233.49
3233.49,3233.49
3233.49,3233.49
3233.49,3233.49
3233.49,3233.49
3233.49,3233.49
3233.49,3233.49
3233.49,3237.1
3233.49,3233.49
3233.49,3233.49
3233.49,3233.86
3233.49,3233.49
3233.49,3233.49
3233.49,3233.49
3233.49,3233.49
3233.49,3233.49
3233.49,3233.49
3233.49,3233.49
3233.49,3233.49
3233.49,3233.49
3233.49,3233.49
3233.49,3233.49
3233.49,3233.49
3233.49,3234.97
3233.49,3233.49
3233.49,3235.29
3233.49,3237.6
3233.49,3233.49
3233.49,3238.08
3233.49,3233.7
3233.49,3233.49
3233.49,3233.49
3233.49,3233.49
3233.49,3233.5
3233.49,3233.49
3233.49,3239.29
3233.49,3233.49
3233.49,3233.7
3233.49,3233.49
3233.49,3241.53
3233.49,3233.49
3233.49,3238.22
3233.49,3243.15
3233.49,3233.49
3233.49,3233.49
3233.49,3233.49
3233.49,3233.49
3233.49,3233.49
3233.49,3233.49
3233.49,3245.08
3233.49,3236.33
3233.49,3233.49
3233.49,3233.49
3233.49,3233.62
3233.49,3233.49
3233.49,3233.49
3233.49,3233.49
3233.49,3233.49
3233.49,3233.49
3233.49,3233.49
3233.49,3233.49
3233.49,3247.17
3233.49,3233.49
3233.49,3233.49
3233.49,3233.49
3233.49,3233.49
3233.49,3235.45
3233.49,3237.75
3233.49,3240.38
3233.49,3233.49
3233.49,3234.02
3233.49,3233.49
3233.49,3247.48
3233.49,3237.77
3233.49,3233.49
3233.49,3233.49
3233.49,3233.66
3233.49,3233.49
3233.49,3233.49
3233.49,3233.88
3233.49,3238.5
3233.49,3233.49
3233.49,3233.49
3233.49,3233.49
3233.49,3233.49
3233.49,3244.09
3233.49,3233.49
3233.49,3233.49
3233.49,3233.63
3225.85,3233.41
3233.49,3236.5
3233.49,3233.49
3233.49,3242.95
3233.49,3233.78
3233.49,3233.49
3233.49,3233.5
3233.49,3233.49
3233.49,3251.27
3233.49,3241.68
3233.49,3233.49
3233.49,3233.8
3233.49,3233.49
3233.49,3233.67
3233.49,3233.49
3233.49,3233.49
3233.49,3233.49
3233.49,3240.28
3233.49,3233.49
3233.49,3233.49
3233.49,3233.49
3233.49,3233.49
3233.49,3233.49
3233.49,3233.99
3233.49,3233.49
3233.49,3233.49
3233.49,3240.24
3233.49,3233.49
3233.49,3233.49
3233.49,3233.49
3233.49,3239.22
3233.49,3233.49
3233.49,3236.51
3233.49,3233.49
3233.49,3233.49
3233.49,3233.49
3233.49,3233.49
3233.49,3234.67
3233.49,3233.49
3233.49,3233.49
3233.49,3233.49
3233.49,3234.22
3233.49,3235.1
3233.49,3233.49
3233.49,3233.49
3233.49,3233.49
3233.49,3240.1
3233.49,3233.49
3233.49,3233.49
3233.49,3233.49
3233.49,3233.49
3233.49,3233.49
3233.49,3233.49
3233.49,3233.49
3233.49,3238.58
3233.49,3234.65
3233.49,3237.42
3233.49,3233.49
3233.49,3233.49
3233.49,3242.38
3233.49,3233.49
3233.49,3234.69
3233.49,3234.2
3233.49,3233.49
3233.49,3241.88
3233.49,3233.49
3233.49,3233.49
3233.49,3233.49
3233.49,3233.49
3233.49,3233.49
3233.49,3236.26
3233.49,3233.49
3233.49,3233.49
3233.49,3233.49
3233.49,3233.49
3233.49,3250.23
3233.49,3233.49
3233.49,3234.36
3233.49,3233.49
3233.49,3233.49
3233.49,3233.49
3233.49,3233.49
3233.49,3233.49
3233.49,3233.49
3233.49,3235.72
3233.49,3233.49
3233.49,3233.49
3233.49,3233.49
3233.49,3235.32
3233.49,3233.49
3225.85,3237.46
3233.49,3233.49
3233.49,3233.49
3233.49,3233.49
3233.49,3233.49
3233.49,3234.39
3233.49,3243.14
3233.49,3233.49
3233.49,3235.92
3233.49,3237.76
3233.49,3233.49
3233.49,3233.49
3233.49,3237.26
3233.49,3233.49
3233.49,3233.49
3233.49,3233.49
3225.85,3233.41
3233.49,3233.49
3233.49,3233.49
3233.49,3233.49
3233.49,3244.14
3233.49,3233.49
3233.49,3233.49
3233.49,3239.49
3233.49,3240.09
3233.49,3233.49
3233.49,3235.34
3233.49,3233.49
3233.49,3233.49
3233.49,3233.49
3233.49,3245.09
3233.49,3233.49
3233.49,3233.49
3233.49,3233.49
3233.49,3233.49
3233.49,3233.49
3233.49,3233.49
3233.49,3244.1
3233.49,3233.49
3233.49,3236.01
3233.49,3233.49
3233.49,3233.49
3233.49,3233.49
3233.49,3233.49
3233.49,3234.45
3233.49,3236.12
3233.49,3233.49
3233.49,3233.49
3233.49,3233.49
3233.49,3234.71
3233.49,3233.49
3233.49,3233.49
3233.49,3233.49
3233.49,3243.39
3233.49,3233.49
3233.49,3242.28
3233.49,3233.49
3233.49,3244.86
3233.49,3235.22
3233.49,3233.49
3233.49,3233.49
3233.49,3233.49
3233.49,3241.32
3233.49,3233.49
3233.49,3237.26
3233.49,3237.15
3233.49,3233.49
3233.49,3233.49
3233.49,3233.49
3233.49,3233.49
3233.49,3233.49
3233.49,3233.49
3233.49,3233.49
3233.49,3241.48
3233.49,3233.55
3233.49,3235.75
3233.49,3233.49
3233.49,3233.61
3233.49,3239.54
3233.49,3233.49
3233.49,3233.49
3233.49,3233.49
3233.49,3233.49
3233.49,3233.49
3233.49,3233.49
3233.49,3236.72
3233.49,3235.47
3233.49,3233.49
3233.49,3237.23
3233.49,3233.49
3233.49,3233.49
3233.49,3233.49
3233.49,3233.49
3233.49,3237.26
3233.49,3233.49
3233.49,3233.49
3233.49,3233.49
3233.49,3236.04
3233.49,3240.88
3233.49,3234.7
3233.49,3233.49
3233.49,3233.49
3233.49,3233.49
3233.49,3233.49
3233.49,3233.49
3233.49,3233.49
3233.49,3233.49
3233.49,3233.49
3233.49,3235.73
3233.49,3233.49
3233.49,3233.49
3233.49,3233.49
3233.49,3234.73
3233.49,3248.37
3233.49,3233.49
3233.49,3233.49
3233.49,3234.8
3233.49,3233.49
3233.49,3233.49
3233.49,3233.49
3233.49,3236.31
3233.49,3233.49
3233.49,3235.78
3233.49,3233.72
3233.49,3233.49
3233.49,3233.49
3233.49,3234.7
3233.49,3233.64
3233.49,3233.49
3233.49,3233.49
3233.49,3233.49
3233.49,3233.49
3233.49,3233.49
3233.49,3234.32
3233.49,3238.23
3233.49,3233.49
3233.49,3233.49
3233.49,3233.49
3233.49,3233.49
3233.49,3233.88
3233.49,3233.49
3233.49,3239.4
3233.49,3233.49
3233.49,3235.87
3233.49,3233.49
3233.49,3233.49
3233.49,3236.38
3225.85,3233.51
3233.49,3233.81
3233.49,3233.49
3233.49,3241.19
3233.49,3237.84
3233.49,3233.49
3233.49,3233.49
3233.49,3236.5
3233.49,3233.49
3233.49,3233.49
3233.49,3233.59
3233.49,3237.97
3233.49,3233.49
3233.49,3233.49
3233.49,3233.49
3233.49,3233.49
3233.49,3233.49
3233.49,3233.49
3233.49,3233.49
3233.49,3237.64
3233.49,3233.49
3233.49,3233.49
3233.49,3233.49
3233.49,3233.49
3233.49,3233.49
3233.49,3233.49
3233.49,3233.5
3233.49,3234.56
3233.49,3233.49
3233.49,3233.49
3233.49,3233.49
3233.49,3235.47
3225.85,3233.41
3233.49,3233.49
3233.49,3233.49
3233.49,3233.49
3233.49,3233.49
3233.49,3233.49
3233.49,3233.49
3233.49,3233.49
3233.49,3238.07
3233.49,3233.49
3233.49,3233.49
3233.49,3233.49
3233.49,3239.22
3233.49,3233.49
3233.49,3233.49
3233.49,3233.49
3233.49,3236.98
3233.49,3233.49
3233.49,3233.49
3233.49,3238.1
3233.49,3233.49
3233.49,3233.49
3233.49,3238.88
3233.49,3233.49
3233.49,3233.49
3233.49,3236.95
3233.49,3233.49
3233.49,3245.77
3233.49,3233.49
3233.49,3233.62
3233.49,3233.49
3233.49,3233.49
3233.49,3235.08
3233.49,3233.49
3233.49,3234.78
3233.49,3241.43
3233.49,3235.08
3233.49,3236.14
3233.49,3233.49
3233.49,3233.49
3233.49,3233.49
3233.49,3233.49
3233.49,3233.49
3233.49,3233.49
3233.49,3249.49
3233.49,3233.49
3233.49,3236.82
3233.49,3233.49
3233.49,3233.49
3233.49,3233.49
3233.49,3233.49
3233.49,3233.49
3233.49,3233.49
3233.49,3233.49
3233.49,3233.49
3233.49,3233.49
3233.49,3233.49
3233.49,3233.49
3233.49,3233.49
3233.49,3233.49
3233.49,3236.62
3233.49,3233.49
3233.49,3233.56
3233.49,3233.49
3233.49,3236.07
3233.49,3233.49
3233.49,3233.49
3233.49,3233.62
3233.49,3233.49
3233.49,3233.49
3233.49,3235.62
3233.49,3233.49
3233.49,3233.49
3233.49,3233.49
3233.49,3233.49
3233.49,3233.49
3233.49,3237.34
3233.49,3233.58
3233.49,3238.58
3233.49,3233.49
3233.49,3233.49
3233.49,3233.49
3233.49,3233.49
3233.49,3233.49
3233.49,3233.49
3233.49,3233.49
3233.49,3233.49
3233.49,3233.49
3233.49,3233.49
3233.49,3233.49
3233.49,3235.57
3233.49,3233.49
3233.49,3235.11
3233.49,3233.49
3233.49,3245.03
3233.49,3244.69
3233.49,3233.49
3233.49,3240.64
3233.49,3233.49
3233.49,3233.49
3233.49,3233.49
3233.49,3233.49
3233.49,3233.49
3233.49,3233.5
3233.49,3233.49
3233.49,3233.49
3233.49,3233.49
3233.49,3233.49
3233.49,3233.49
3233.49,3233.49
3233.49,3239.01
3233.49,3234.96
3233.49,3233.49
3233.49,3233.49
3233.49,3233.49
3233.49,3233.49
3233.49,3233.49
3233.49,3233.49
3233.49,3233.49
3233.49,3233.49
3233.49,3233.49
3233.49,3233.49
3233.49,3240.49
3233.49,3237.81
3233.49,3239.13
3233.49,3233.49
3233.49,3233.49
3233.49,3233.49
3233.49,3233.49
3233.49,3242.82
3233.49,3233.49
3233.49,3233.49
3233.49,3233.49
3233.49,3238.59
3233.49,3233.49
3233.49,3233.49
3233.49,3233.49
3233.49,3233.49
3233.49,3234.75
3233.49,3234.64
3233.49,3233.49
3233.49,3233.49
3233.49,3236.33
3233.49,3234.97
3233.49,3233.49
3233.49,3233.49
3233.49,3233.49
3233.49,3250
3233.49,3233.49
3233.49,3233.99
3233.49,3236.65
3233.49,3233.49
3233.49,3238.03
3233.49,3233.49
3233.49,3233.49
3233.49,3239.57
3233.49,3236.24
3233.49,3233.49
3233.49,3233.49
3233.49,3237.96
3233.49,3233.49
3233.49,3233.49
3233.49,3233.97
3233.49,3236.32
3233.49,3237.7
3233.49,3243.7
3233.49,3233.49
3233.49,3233.49
3233.49,3233.68
3233.49,3233.49
3233.49,3233.49
3233.49,3233.49
3233.49,3233.49
3233.49,3233.49
3233.49,3233.5
3233.49,3236.06
3233.49,3233.49
3233.49,3242.84
3233.49,3233.49
3233.49,3236.99
3233.49,3233.49
3233.49,3234.65
3233.49,3233.49
3233.49,3233.49
3233.49,3233.49
3233.49,3233.49
3233.49,3233.49
3233.49,3233.5
3233.49,3233.49
3233.49,3237.74
3233.49,3234.52
3233.49,3233.49
3233.49,3233.49
3233.49,3241.32
3233.49,3241
3233.49,3233.49
3233.49,3233.49
3233.49,3233.49
3233.49,3233.49
3233.49,3233.49
3225.85,3233.41
3233.49,3233.49
3233.49,3233.49
3233.49,3233.49
3233.49,3233.49
3233.49,3233.65
3233.49,3233.49
3233.49,3233.49
3233.49,3234.14
3233.49,3235.2
3233.49,3234.04
3233.49,3235.88
3233.49,3233.49
3233.49,3243.29
3233.49,3233.49
3233.49,3233.49
3233.49,3233.49
3233.49,3245.44
3233.49,3247.58
3233.49,3233.49
3233.49,3233.49
3233.49,3233.49
3233.49,3233.49
3233.49,3233.49
3233.49,3233.49
3233.49,3233.85
3233.49,3233.49
3233.49,3233.49
3233.49,3233.49
3233.49,3233.49
3233.49,3233.49
3233.49,3233.49
3233.49,3233.61
3233.49,3233.49
3233.49,3234.34
3233.49,3233.49
3233.49,3233.91
3233.49,3240.84
3233.49,3233.49
3233.49,3233.49
3233.49,3243.7
3233.49,3235.74
3233.49,3233.49
3233.49,3233.49
3233.49,3233.49
3233.49,3233.49
3233.49,3233.49
3233.49,3233.49
3233.49,3233.49
3233.49,3236.5
3233.49,3234.74
3233.49,3236.82
3233.49,3233.49
3233.49,3247.03
3233.49,3233.61
3233.49,3233.49
3233.49,3233.49
3233.49,3236.39
3233.49,3233.61
3233.49,3233.49
3233.49,3233.49
3233.49,3233.49
3233.49,3240.17
3233.49,3233.49
3233.49,3233.49
3233.49,3241.67
3233.49,3233.5
3233.49,3233.49
3233.49,3233.49
3233.49,3233.49
3233.49,3242.8
3233.49,3233.49
3233.49,3233.49
3233.49,3233.49
3233.49,3238.3
3233.49,3233.49
3233.49,3238.24
3233.49,3233.61
3233.49,3233.49
3233.49,3233.49
3233.49,3237.81
3233.49,3233.49
3233.49,3233.49
3233.49,3233.49
3233.49,3233.49
3233.49,3233.49
3233.49,3233.57
3233.49,3233.49
3233.49,3233.49
3233.49,3233.7
3233.49,3233.49
3233.49,3233.49
3233.49,3233.49
3233.49,3233.49
3233.49,3233.49
3233.49,3233.49
3233.49,3233.49
3233.49,3233.49
3233.49,3239.72
3233.49,3233.49
3233.49,3233.49
3233.49,3233.49
3233.49,3243.98
3233.49,3235.83
3233.49,3233.49
3233.49,3233.49
3233.49,3233.49
3233.49,3233.49
3233.49,3233.66
3233.49,3233.49
3233.49,3236.8
3233.49,3233.49
3233.49,3233.49
3233.49,3237.07
3233.49,3233.49
3233.49,3233.49
3233.49,3236.35
3233.49,3233.49
3233.49,3233.49
3233.49,3233.49
3233.49,3233.49
3233.49,3233.49
3233.49,3233.49
3233.49,3233.49
3233.49,3233.49
3233.49,3236.88
3233.49,3233.82
3233.49,3233.49
3233.49,3233.49
3233.49,3233.49
3233.49,3233.49
3233.49,3233.49
3233.49,3233.49
3233.49,3233.49
3233.49,3244.17
3233.49,3233.49
3233.49,3237.66
3233.49,3233.49
3233.49,3233.49
3233.49,3233.49
3233.49,3237.49
3233.49,3233.49
3233.49,3236.12
3233.49,3236.34
3233.49,3233.49
3233.49,3233.49
3233.49,3233.49
3233.49,3237.96
3233.49,3233.69
3233.49,3233.93
3233.49,3233.49
3233.49,3240.54
3233.49,3233.49
3233.49,3233.49
3233.49,3233.49
3233.49,3235.23
3233.49,3233.7
3233.49,3235.56
3233.49,3233.49
3233.49,3233.49
3233.49,3233.49
3233.49,3233.49
3233.49,3234.06
3233.49,3240.08
3233.49,3233.49
3233.49,3233.49
3233.49,3233.49
3233.49,3233.49
3233.49,3237.58
3233.49,3236.76
3233.49,3243.43
3233.49,3233.49
3233.49,3233.49
3233.49,3242.24
3233.49,3233.49
3233.49,3233.49
3233.49,3233.49
3233.49,3233.49
3233.49,3233.56
3233.49,3233.49
3233.49,3233.49
3233.49,3233.49
3233.49,3233.7
3233.49,3233.49
3233.49,3233.49
3233.49,3239.34
3233.49,3233.49
3233.49,3233.49
3233.49,3235.16
3233.49,3233.78
3233.49,3233.49
3233.49,3233.49
3233.49,3233.49
3233.49,3233.49
3233.49,3233.49
3233.49,3233.49
3233.49,3233.49
3233.49,3233.49
3233.49,3233.49
3233.49,3233.49
3233.49,3233.49
3233.49,3233.49
3233.49,3239.54
3233.49,3233.49
3233.49,3233.49
3233.49,3234.33
3233.49,3234.96
3233.49,3233.49
3233.49,3240.89
3233.49,3237.31
3233.49,3233.49
3233.49,3233.49
3233.49,3233.6
3233.49,3233.49
3233.49,3233.49
3233.49,3233.49
3233.49,3233.49
3233.49,3233.49
3233.49,3233.49
3233.49,3233.49
3233.49,3233.49
3233.49,3233.49
3233.49,3233.49
3233.49,3233.49
3233.49,3233.49
3233.49,3233.49
3233.49,3233.49
3233.49,3233.49
3233.49,3233.49
3233.49,3233.49
3233.49,3233.49
3233.49,3233.49
3233.49,3233.49
3233.49,3233.49
3233.49,3233.49
3233.49,3233.49
3233.49,3235.15
3233.49,3233.49
3233.49,3233.49
3233.49,3233.49
3233.49,3233.49
3233.49,3233.49
3233.49,3233.49
3233.49,3234.19
3233.49,3233.49
3233.49,3233.49
3233.49,3233.59
3233.49,3233.49
3233.49,3236.97
3233.49,3233.49
3233.49,3233.49
3225.85,3233.41
3233.49,3233.49
3233.49,3233.5
3233.49,3233.49
3233.49,3233.49
3233.49,3233.49
3233.49,3233.49
3233.49,3236.64
3233.49,3233.49
3233.49,3233.49
3233.49,3233.49
3233.49,3233.49
3233.49,3241.34
3233.49,3233.49
3233.49,3233.49
3233.49,3233.49
3233.49,3233.49
3233.49,3233.49
3233.49,3233.49
3233.49,3233.49
3233.49,3233.49
3233.49,3233.49
3233.49,3233.49
3233.49,3233.49
3233.49,3233.49
3233.49,3233.49
3233.49,3233.49
3233.49,3233.49
3233.49,3233.49
3233.49,3233.49
3233.49,3233.49
3233.49,3233.49
3233.49,3233.49
3233.49,3244.61
3233.49,3233.49
3233.49,3233.49
3233.49,3241.79
3233.49,3233.49
3233.49,3233.49
3233.49,3233.49
3233.49,3233.49
3233.49,3233.49
3233.49,3236.06
3233.49,3233.5
3233.49,3233.49
3233.49,3233.49
3233.49,3233.49
3233.49,3238.33
3233.49,3233.49
3233.49,3233.49
3233.49,3236.43
3233.49,3233.49
3233.49,3233.49
3233.49,3233.49
3233.49,3233.8
3233.49,3233.68
3233.49,3233.49
3233.49,3239.38
3233.49,3237.97
3233.49,3233.49
3233.49,3233.59
3233.49,3234.4
3233.49,3234.04
3233.49,3233.49
3233.49,3233.49
3233.49,3233.49
3233.49,3233.7
3233.49,3240.75
3233.49,3238.39
3233.49,3240.11
3233.49,3233.49
3233.49,3233.49
3233.49,3233.49
3233.49,3233.49
3233.49,3233.49
3233.49,3236.37
3233.49,3233.49
3233.49,3233.49
3233.49,3233.49
3233.49,3241.61
3233.49,3233.49
3233.49,3233.49
3233.49,3233.49
3233.49,3233.65
3233.49,3233.49
3233.49,3233.49
3233.49,3244.11
3233.49,3233.49
3233.49,3236.16
3233.49,3242.4
3233.49,3234.32
3233.49,3233.49
3233.49,3233.49
3233.49,3233.49
3233.49,3233.49
3233.49,3243.15
3233.49,3233.49
3233.49,3238.98
3233.49,3233.84
3233.49,3233.49
3233.49,3233.49
3233.49,3233.49
3233.49,3233.55
3233.49,3233.49
3233.49,3233.49
3233.49,3236.89
3233.49,3233.49
3233.49,3233.49
3233.49,3240.42
3233.49,3233.49
3233.49,3233.49
3233.49,3243.21
3233.49,3233.49
3233.49,3238.53
3233.49,3233.49
3233.49,3233.49
3233.49,3233.49
3233.49,3233.49
3233.49,3238.66
3233.49,3233.49
3233.49,3233.49
3233.49,3235.22
3233.49,3234.16
3233.49,3233.49
3233.49,3233.49
3233.49,3233.49
3233.49,3233.49
3233.49,3235.21
3225.85,3233.41
3233.49,3233.49
3233.49,3233.49
3233.49,3233.49
3233.49,3233.49
3233.49,3233.49
3233.49,3233.86
3233.49,3233.49
3233.49,3233.49
3233.49,3233.49
3233.49,3233.49
3233.49,3233.49
3233.49,3233.49
3233.49,3233.49
3233.49,3238.97
3233.49,3233.49
3233.49,3233.49
3233.49,3233.49
3233.49,3233.49
3233.49,3234.63
3233.49,3233.49
3233.49,3233.49
3233.49,3233.49
3233.49,3233.49
3233.49,3233.49
3233.49,3233.8
3233.49,3233.49
3233.49,3233.49
3233.49,3242.16
3233.49,3233.49
3233.49,3233.49
3233.49,3233.49
3233.49,3233.49
3233.49,3233.49
3233.49,3233.49
3233.49,3233.49
3233.49,3233.49
3233.49,3236.44
3233.49,3233.49
3233.49,3235.78
3233.49,3233.49
3233.49,3240.06
3233.49,3233.49
3233.49,3233.7
3233.49,3235.08
3233.49,3233.49
3233.49,3233.49
3233.49,3233.49
3233.49,3233.49
3233.49,3240.38
3233.49,3233.49
3233.49,3233.49
3233.49,3233.49
3233.49,3233.49
3233.49,3233.49
3233.49,3243.57
3233.49,3233.49
3233.49,3233.49
3233.49,3233.49
3233.49,3233.68
3233.49,3233.49
3233.49,3233.49
3233.49,3233.49
3233.49,3233.49
3233.49,3233.49
3233.49,3242.59
3233.49,3240.34
3233.49,3233.49
3233.49,3233.49
3233.49,3233.49
3233.49,3235.31
3233.49,3233.49
3225.85,3234.33
3233.49,3233.49
3233.49,3233.49
3233.49,3233.49
3233.49,3233.9
3233.49,3233.49
3233.49,3233.49
3233.49,3233.49
3233.49,3233.49
3233.49,3233.49
3233.49,3233.49
3233.49,3233.49
3233.49,3233.49
3233.49,3233.49
3233.49,3233.49
3233.49,3233.49
3233.49,3233.49
3233.49,3233.77
3233.49,3233.49
3233.49,3233.78
3233.49,3233.49
3233.49,3233.49
3233.49,3236.74
3233.49,3233.49
3233.49,3241.34
3233.49,3233.49
3233.49,3233.49
3233.49,3233.49
3225.85,3233.41
3233.49,3238.66
3233.49,3233.49
3233.49,3233.49
3233.49,3233.49
3233.49,3233.49
3233.49,3234.95
3233.49,3234.8
3233.49,3233.49
3233.49,3233.49
3233.49,3233.49
3233.49,3233.49
3233.49,3233.49
3233.49,3233.49
3233.49,3234.47
3233.49,3234.06
3233.49,3235.61
3233.49,3233.49
3233.49,3238.09
3233.49,3233.49
3233.49,3233.49
3233.49,3233.49
3233.49,3233.49
3233.49,3233.49
3233.49,3233.49
3233.49,3240.7
3233.49,3233.49
3233.49,3233.49
3233.49,3233.49
3233.49,3239.31
3233.49,3233.49
3233.49,3233.49
3233.49,3234.85
3233.49,3241.82
3233.49,3235.81
3233.49,3233.49
3233.49,3233.5
3233.49,3244.76
3233.49,3233.49
3233.49,3233.49
3225.85,3233.41
3233.49,3233.49
3233.49,3234.26
3233.49,3233.49
3233.49,3233.49
3233.49,3233.61
3233.49,3233.49
3233.49,3238.46
3233.49,3233.49
3233.49,3233.49
3233.49,3243.56
3233.49,3233.49
3233.49,3237.28
3233.49,3237.26
3233.49,3233.49
3233.49,3235.7
3233.49,3233.49
3233.49,3233.49
3233.49,3233.55
3233.49,3233.49
3233.49,3233.49
3233.49,3239.67
3233.49,3233.49
3233.49,3233.49
3233.49,3233.49
3233.49,3233.49
3233.49,3233.49
3233.49,3233.49
3233.49,3234.38
3233.49,3233.49
3233.49,3233.49
3233.49,3233.49
3233.49,3233.49
3233.49,3237.48
3233.49,3238.13
3233.49,3243.21
3233.49,3235.72
3233.49,3233.49
3233.49,3233.49
3233.49,3233.49
3233.49,3236.31
3233.49,3233.49
3233.49,3233.49
3233.49,3233.49
3233.49,3233.49
3233.49,3241.74
3233.49,3233.49
3233.49,3233.49
3233.49,3237.52
3233.49,3233.49
3233.49,3233.49
3233.49,3233.49
3233.49,3233.49
3233.49,3233.49
3233.49,3233.95
3233.49,3233.49
3233.49,3233.49
3233.49,3233.49
3233.49,3233.49
3233.49,3240.71
3233.49,3233.58
3233.49,3237.27
3233.49,3233.49
3233.49,3238.43
3233.49,3233.5
3233.49,3233.49
3233.49,3234.83
3233.49,3233.49
3233.49,3233.49
3233.49,3233.49
3233.49,3233.49
3233.49,3233.49
3233.49,3233.49
3233.49,3233.49
3233.49,3233.49
3233.49,3233.49
3233.49,3233.49
3233.49,3234.2
3233.49,3233.49
3233.49,3233.49
3233.49,3233.49
3233.49,3233.5
3233.49,3233.49
3233.49,3233.49
3233.49,3233.49
3233.49,3233.49
3225.85,3233.41
3233.49,3235.95
3233.49,3241.23
3233.49,3233.49
3233.49,3233.49
3233.49,3233.49
3233.49,3233.49
3233.49,3235.78
3233.49,3233.49
3233.49,3233.49
3233.49,3233.49
3233.49,3233.49
3233.49,3235.52
3233.49,3233.49
3233.49,3239.1
3233.49,3233.49
3233.49,3234.24
3233.49,3233.49
3233.49,3240.14
3233.49,3233.49
3233.49,3233.49
3233.49,3239.4
3233.49,3233.49
3233.49,3233.49
3233.49,3233.49
3233.49,3233.49
3233.49,3235.19
3233.49,3233.49
3233.49,3233.7
3233.49,3233.49
3233.49,3233.49
3233.49,3238.66
3233.49,3233.49
3233.49,3233.49
3233.49,3233.49
3233.49,3235.24
3233.49,3239.4
3233.49,3233.49
3233.49,3233.49
3233.49,3233.49
3233.49,3233.49
3233.49,3237.16
3233.49,3233.6
3233.49,3233.49
3233.49,3233.49
3233.49,3233.49
3233.49,3233.56
3233.49,3233.49
3233.49,3233.49
3233.49,3233.49
3233.49,3235.83
3233.49,3233.49
3233.49,3233.49
3233.49,3233.49
3233.49,3233.49
3233.49,3233.49
3233.49,3233.49
3233.49,3233.49
3233.49,3233.49
3233.49,3233.49
3233.49,3238.01
3233.49,3235.98
3233.49,3233.49
3233.49,3235.25
3233.49,3233.61
3233.49,3233.49
3233.49,3233.49
3233.49,3233.49
3233.49,3233.49
3233.49,3240.14
3233.49,3233.55
3233.49,3238.27
3233.49,3238.1
3233.49,3233.49
3233.49,3234.05
3233.49,3233.49
3233.49,3233.49
3233.49,3233.49
3233.49,3237.45
3233.49,3233.49
3233.49,3233.49
3233.49,3233.67
3233.49,3233.49
3233.49,3239.16
3233.49,3233.61
3233.49,3237.02
3233.49,3233.49
3233.49,3233.49
3233.49,3233.49
3233.49,3238.78
3233.49,3233.49
3233.49,3238.56
3233.49,3239.08
3233.49,3233.49
3233.49,3233.49
3233.49,3233.49
3233.49,3233.49
3233.49,3233.49
3233.49,3233.49
3233.49,3233.49
3233.49,3235.68
3233.49,3233.49
3233.49,3235.17
3233.49,3233.49
3233.49,3233.49
3233.49,3237.98
3233.49,3233.49
3233.49,3233.55
3233.49,3233.49
3233.49,3233.49
3225.85,3233.41
3233.49,3233.49
3233.49,3233.49
3233.49,3233.49
3233.49,3233.49
3233.49,3234.17
3233.49,3233.49
3233.49,3233.49
3233.49,3233.49
3233.49,3233.49
3233.49,3235.01
3233.49,3233.49
3233.49,3233.49
3233.49,3235.67
3233.49,3233.79
3233.49,3233.49
3233.49,3234.91
3233.49,3237.82
3233.49,3233.49
3233.49,3233.49
3233.49,3234.16
3233.49,3233.49
3233.49,3233.49
3233.49,3234.09
3233.49,3233.49
3233.49,3237.18
3233.49,3233.66
3225.85,3233.41
3233.49,3233.49
3233.49,3233.49
3233.49,3233.49
3233.49,3233.49
3233.49,3233.49
3233.49,3233.49
3233.49,3233.49
3233.49,3233.49
3233.49,3240.06
3233.49,3233.49
3233.49,3233.49
3233.49,3233.49
3233.49,3233.49
3233.49,3234.41
3233.49,3240.48
3233.49,3233.49
3233.49,3238.12
3233.49,3233.49
3233.49,3233.49
3233.49,3233.49
3233.49,3233.98
3233.49,3234.2
3233.49,3233.49
3233.49,3233.49
3233.49,3233.49
3233.49,3233.49
3233.49,3233.74
3233.49,3233.49
3233.49,3234.35
3233.49,3233.49
3233.49,3235.02
3233.49,3235.93
3233.49,3239.24
3233.49,3233.49
3233.49,3236.87
3233.49,3233.69
3233.49,3233.49
3233.49,3235.46
3233.49,3233.49
3233.49,3233.49
3233.49,3233.49
3233.49,3235.99
3233.49,3233.49
3233.49,3233.49
3233.49,3233.49
3233.49,3233.49
3233.49,3233.49
3233.49,3233.49
3233.49,3238.64
3233.49,3233.49
3233.49,3235.77
3233.49,3233.74
3233.49,3236.33
3233.49,3233.49
3233.49,3233.49
3233.49,3233.49
3233.49,3233.49
3233.49,3233.49
