6757.23,8629.58
7405.12,8027.94
7291.51,7582.62
6839.63,7356.92
6793.34,7124.82
6685.12,6918.02
6379.6,6727.72
6207.96,6529.48
6102.71,6323.11
5898.91,6184.55
5716.89,6093.19
5754.27,5921.03
5517.99,5788.9
5312.81,5588.44
5297.74,5446.75
5209.5,5361.66
5250.26,5300.45
5054.21,5265.05
5064.8,5235.85
5063.53,5171.74
5030.57,5105.19
5002.82,5082.21
4768.19,5037.52
4636,4939.83
4550.19,4740.92
4474.21,4628.25
4484.71,4561.09
4359.43,4515.43
4209.07,4410.81
4105.39,4298.37
4103.82,4208.18
4106.56,4164.67
4023.24,4134.96
4007.3,4086.31
3892.66,4021.54
3984.05,4001.68
3928.5,3983.04
3933.94,3973.13
3889.53,3958.4
3819.06,3919.66
3812.18,3871.07
3821.81,3841.17
3820.57,3822.92
3810.88,3822.72
3822.84,3823.86
3764,3821.87
3771.11,3822.82
3773.06,3784.87
3726.18,3787.81
3763.06,3782.64
3767.92,3782.55
3674.74,3781.02
3733.85,3768.16
3734.95,3748.76
3748.85,3748.85
3748.85,3748.85
3709.16,3748.45
3734.95,3748.71
3742.86,3749.21
3738.32,3748.74
3738.6,3748.74
3696.5,3751.45
3721.62,3743.79
3685.97,3737.53
3721.16,3735.4
3699.15,3720.95
3683.81,3715.96
3644.7,3762.87
3665.72,3703.39
3665.72,3665.72
3618.5,3665.02
3642.76,3654.07
3591.31,3642.23
3562.58,3674.92
3576.02,3618.4
3536.52,3583.02
3568.47,3575.95
3533.92,3575.59
3537.43,3575.09
3478.57,3565.67
3387.92,3554.34
3516.49,3555.59
3520.57,3555.63
3555.99,3555.99
3555.99,3555.99
3387.92,3554.23
3446.48,3552.18
3349.84,3530.56
3337.63,3467.77
3321.26,3386.56
3380.75,3380.75
3315.95,3379.22
3291.99,3371.28
3291.99,3334.76
3291.99,3309.47
3291.99,3291.99
3291.99,3301.92
3291.99,3301.85
3289.8,3291.97
3291.99,3291.99
3291.99,3291.99
3291.99,3293.58
3068.25,3289.72
3288.29,3290.14
3264.95,3288.06
3288.29,3288.29
3288.29,3288.29
3288.29,3304.05
3195.84,3287.37
3252.24,3287.79
3234.34,3281.97
3273.84,3280.17
3273.84,3273.84
3273.84,3273.84
3273.84,3273.84
3273.84,3273.84
3223.84,3273.34
3181.39,3280.48
3122.56,3230.39
3053.8,3186.03
3053.8,3180.12
3122.56,3180.8
3181.39,3181.39
3181.39,3183.09
3181.39,3181.39
3181.39,3215.72
3140.82,3180.99
3181.39,3181.39
3181.39,3181.39
3181.39,3197.02
3181.39,3184.38
3181.39,3181.39
3140.82,3209.22
3122.56,3186.81
3122.56,3180.22
3122.56,3157.8
3122.56,3122.56
2991.27,3121.24
2991.27,3121.24
3122.56,3122.56
3122.56,3122.56
3081.98,3122.15
2991.27,3121.24
3122.56,3125.31
3122.56,3122.56
3122.56,3122.7
3122.56,3123.7
3122.56,3122.56
3081.98,3122.15
3122.56,3122.56
3122.56,3122.99
2991.27,3132.86
3083.06,3121.77
3083.06,3107.44
3083.06,3083.06
3047.89,3101.1
3083.06,3083.06
3083.06,3083.06
3083.06,3095.83
3083.06,3083.06
3083.06,3085.64
3083.06,3083.06
3083.06,3083.06
3083.06,3085.65
3083.06,3083.06
3083.06,3106.97
3047.89,3082.7
3083.06,3083.06
3083.06,3083.06
3083.06,3083.06
3083.06,3104.98
3083.06,3083.06
3083.06,3083.06
3083.06,3083.06
3083.06,3085
3083.06,3083.13
3042.48,3083.09
3083.06,3092.21
2951.77,3081.74
3072.16,3082.95
3083.06,3083.06
2951.77,3082.81
3083.06,3083.06
3083.06,3084.23
3042.48,3082.65
3083.06,3083.06
3083.06,3083.06
3083.06,3083.74
3083.06,3083.06
3083.06,3083.06
3083.06,3083.06
3083.06,3097.29
3047.89,3082.77
3083.06,3083.06
3083.06,3083.06
3083.06,3091.98
3083.06,3083.06
3083.06,3085.91
2951.77,3082.19
3083.06,3083.44
3083.06,3083.06
3083.06,3083.06
3083.06,3083.06
3083.06,3083.06
3083.06,3090.15
3083.06,3083.33
3083.06,3083.06
2951.77,3085.22
3083.06,3083.06
3047.89,3082.7
3083.06,3083.06
3042.48,3082.65
3083.06,3083.06
3083.06,3083.06
3083.06,3083.06
3083.06,3083.06
3047.89,3083.08
3083.06,3083.06
3083.06,3083.06
3083.06,3083.06
3042.48,3104.15
3042.48,3082.65
3083.06,3092.01
3083.06,3086.72
3042.48,3082.65
3083.06,3083.06
3083.06,3083.06
3083.06,3083.06
2951.77,3081.74
3083.06,3116.03
3083.06,3083.06
3072.16,3082.95
3083.06,3083.06
2951.77,3081.74
3083.06,3083.06
3083.06,3083.06
3083.06,3083.06
3083.06,3083.06
3083.06,3083.06
3083.06,3083.06
3083.06,3083.06
3083.06,3083.06
3083.06,3083.06
3083.06,3083.06
3083.06,3083.06
3083.06,3083.06
3083.06,3083.06
3083.06,3084.07
3083.06,3091.72
3083.06,3083.06
3083.06,3083.06
3083.06,3083.06
3083.06,3083.06
3083.06,3083.06
3083.06,3083.06
3083.06,3083.06
3042.48,3082.65
3047.89,3082.7
3083.06,3083.06
3042.48,3082.65
3083.06,3085.2
3072.16,3082.95
3083.06,3087.64
3072.16,3082.95
3083.06,3083.06
3083.06,3083.06
2951.77,3081.74
3083.06,3083.06
2951.77,3081.34
3042.48,3063.51
3007.32,3042.13
3042.48,3042.48
3042.48,3042.48
3042.48,3042.48
3042.48,3042.55
3042.48,3069.93
3007.32,3042.13
3042.48,3042.48
3042.48,3042.48
3042.48,3042.48
3042.48,3055.25
3042.48,3043
3042.48,3042.48
3031.59,3042.37
3007.32,3042.13
3042.48,3042.67
3042.48,3042.48
2911.19,3041.36
3031.59,3045.31
3041.15,3042.47
3042.48,3042.48
3042.48,3042.48
3042.48,3042.48
3042.48,3042.48
3042.48,3043.11
3042.48,3066.06
3042.48,3043.3
3042.48,3042.48
3042.48,3042.48
3042.48,3042.48
3042.48,3042.48
3042.48,3042.48
2911.19,3041.17
3042.48,3042.48
3042.48,3042.48
3042.48,3042.48
3041.15,3042.47
2911.19,3041.17
3042.48,3047.53
3042.48,3074.02
2911.19,3041.17
3042.48,3042.48
3042.48,3042.48
3042.48,3053.96
3042.48,3042.48
3042.48,3046.6
3042.48,3042.48
3042.48,3042.48
3007.32,3042.13
3042.48,3042.48
3041.15,3042.47
3042.48,3068.77
3042.48,3042.48
3041.15,3042.47
3042.48,3045.97
3031.59,3042.37
3007.32,3078.03
3041.15,3042.66
3042.48,3042.48
3042.48,3042.48
3042.48,3042.48
3042.48,3042.48
3042.48,3042.48
3042.48,3042.48
3007.32,3042.13
3042.48,3046.12
3041.15,3042.47
3042.48,3042.48
3042.48,3042.48
3042.48,3066.49
3042.48,3042.48
3031.59,3042.37
3042.48,3042.48
3007.32,3077.95
3031.59,3039.01
3031.59,3045.87
3031.59,3031.59
3031.59,3032.91
3031.59,3031.59
3031.59,3031.59
3031.59,3052.06
2996.43,3031.24
3031.59,3031.59
2900.3,3030.28
3031.59,3039.28
3031.59,3031.59
2900.3,3030.28
3031.59,3034.79
3031.59,3031.59
2996.43,3031.24
3031.59,3031.59
3031.59,3046.86
2900.3,3029.92
2996.43,3024.03
2996.43,2996.43
2996.43,2998.19
2996.43,2996.43
2996.43,3001.17
2996.43,2996.43
2996.43,2996.51
2996.43,2996.43
2996.43,2996.43
2996.43,2997.71
2996.43,2996.53
2991.43,2996.38
2996.43,2996.43
2996.43,2999.52
2996.43,2996.43
2971.18,2996.17
2971.18,2996.17
2996.43,2996.43
2996.43,2996.43
2996.43,2997.36
2996.43,2996.43
2996.43,2996.43
2996.43,2996.43
2996.43,2996.43
2971.18,2996.17
2996.43,2997.68
2996.43,2998.53
2996.43,2996.43
2996.43,2996.43
2996.43,2996.43
2996.43,2996.43
2996.43,2996.43
2996.43,3025.31
2996.43,2996.43
2996.43,2996.55
2991.43,3007.81
2996.43,2996.43
2996.43,2996.43
2996.43,2996.43
2996.43,3000.76
2996.43,2996.43
2996.43,2996.43
2996.43,2996.43
2996.43,2996.43
2996.43,2996.43
2971.18,3021.65
2996.43,2996.43
2996.43,3011.62
2996.43,3019.06
2996.43,2996.43
2996.43,2996.43
2996.43,2996.43
2996.43,2996.43
2996.43,2997.42
2996.43,2996.43
2996.43,3005.98
2996.43,2998.02
2996.43,2996.43
2996.43,2996.43
2996.43,3008.49
2996.43,3001.13
2996.43,2996.67
2996.43,2996.43
2996.43,2996.43
2971.18,2996.45
2996.43,2996.43
2996.43,2996.43
2996.43,2996.43
2991.43,2996.38
2996.43,2996.43
2996.43,2996.43
2996.43,3013.56
2996.43,2996.43
2996.43,3000.06
2996.43,2996.43
2996.43,2996.43
2996.43,2996.43
2996.43,2999.38
2996.43,3018.25
2996.43,2999.37
2996.43,2996.43
2996.43,2998.71
2996.43,2996.43
2996.43,2996.43
2996.43,2996.43
2996.43,3001.23
2996.43,2996.43
2996.43,2996.43
2996.43,2996.43
2996.43,2996.43
2996.43,2998.36
2996.43,2996.43
2991.43,2996.38
2996.43,2996.7
2996.43,2996.43
2996.43,3008.38
2996.43,2997.76
2996.43,2996.43
2971.18,2996.17
2996.43,2996.43
2996.43,2996.43
2991.43,2996.38
2991.43,2996.33
2991.43,2994.33
2991.43,3023.09
2991.43,2991.43
2966.19,2991.18
2991.43,2991.72
2991.43,2995.05
2991.43,2991.43
2991.43,2991.43
2991.43,2991.43
2991.43,3003.92
2991.43,2991.43
2991.43,2991.43
2991.43,2991.43
2991.43,2991.43
2991.43,2991.43
2991.43,2991.43
2991.43,2995.01
2991.43,2991.43
2991.43,2991.43
2991.43,2991.43
2991.43,2996.92
2991.43,2991.43
2991.43,2991.48
2991.43,2991.43
2991.43,2993.61
2991.43,2991.43
2991.43,2991.43
2991.43,2991.43
2991.43,2992.5
2966.19,2991.18
2991.43,2991.43
2991.43,3000.75
2991.43,2991.43
2991.43,2991.43
2991.43,2991.43
2991.43,2991.43
2991.43,2991.43
2991.43,2993.64
2991.43,2991.43
2991.43,2991.43
2991.43,2991.43
2991.43,2991.43
2991.43,3015.39
2991.43,2991.43
2991.43,2991.43
2966.19,2991.18
2991.43,2991.43
2991.43,2991.43
2991.43,2991.43
2991.43,2991.43
2991.43,2991.43
2966.19,2990.93
2966.19,2979.06
2966.19,2966.19
2966.19,2966.24
2966.19,2981.78
2966.19,2970.33
2966.19,2966.19
2966.19,2966.19
2966.19,2966.19
2966.19,2966.19
2966.19,2966.69
2966.19,2966.19
2895.31,2965.48
2966.19,2966.19
2966.19,2984.59
2966.19,2972.37
2966.19,2966.19
2966.19,2967.84
2966.19,2966.19
2966.19,2970
2966.19,2973.82
2966.19,2966.19
2966.19,2966.19
2966.19,2966.19
2895.31,2965.48
2966.19,2972.83
2966.19,2966.19
2966.19,2966.19
2966.19,2966.19
2966.19,2966.19
2966.19,2966.19
2966.19,2966.19
2966.19,2966.19
2966.19,2973.73
2966.19,2966.19
2966.19,2966.33
2895.31,2965.48
2966.19,2966.19
2966.19,2966.19
2966.19,2966.19
2966.19,2966.19
2966.19,2966.19
2966.19,2966.19
2966.19,2966.19
2966.19,2999.55
2966.19,2966.19
2966.19,2966.19
2966.19,2966.19
2966.19,2966.19
2895.31,2965.48
2966.19,2966.19
2966.19,2973.54
2966.19,2968.84
2966.19,2966.19
2966.19,2968.93
2966.19,2966.19
2966.19,2966.19
2966.19,2974.05
2966.19,2966.19
2966.19,2968.37
2966.19,2966.19
2966.19,2966.92
2966.19,2966.19
2966.19,2966.19
2966.19,2966.19
2966.19,2966.19
2966.19,2966.19
2966.19,2967.79
2966.19,2966.19
2966.19,2966.66
2966.19,2995.94
2895.31,2971.86
2966.19,2966.19
2966.19,2970.84
2966.19,2971.47
2966.19,2966.19
2966.19,2974.31
2966.19,2976.81
2966.19,2966.19
2895.31,2965.48
2966.19,2966.19
2895.31,2965.48
2966.19,2967.43
2966.19,2966.19
2895.31,2965.48
2966.19,2966.19
2895.31,2965.48
2966.19,2975.89
2966.19,2966.78
2966.19,2998.48
2966.19,2966.19
2966.19,2966.19
2966.19,2966.19
2966.19,2973.28
2966.19,2966.19
2966.19,2966.19
2895.31,2965.48
2966.19,2966.19
2966.19,2966.19
2966.19,2966.19
2966.19,2966.19
2966.19,2966.19
2966.19,2966.19
2966.19,2966.19
2966.19,2966.52
2966.19,2966.19
2966.19,2966.19
2966.19,2966.19
2966.19,2966.19
2966.19,2966.19
2966.19,2968.34
2966.19,2966.19
2966.19,2966.19
2966.19,2966.38
2966.19,2966.19
2966.19,2966.19
2966.19,2966.19
2966.19,2966.19
2966.19,2966.19
2966.19,2966.19
2966.19,2999.3
2966.19,2968.21
2966.19,2967.76
2966.19,2966.19
2966.19,2966.19
2966.19,2966.19
2966.19,2977.72
2895.31,2965.48
2966.19,3007.25
2966.19,2966.19
2966.19,2968.51
2966.19,2966.19
2966.19,2975.19
2966.19,2966.19
2966.19,2966.24
2966.19,2967.67
2966.19,2966.38
2966.19,2972.97
2966.19,2966.19
2966.19,2966.19
2895.31,2965.48
2966.19,2966.19
2966.19,2966.19
2966.19,2966.19
2966.19,2969.77
2966.19,2967.7
2966.19,2966.19
2966.19,2972.23
2966.19,2966.19
2966.19,2970.89
2966.19,2981.93
2966.19,2966.19
2966.19,2966.38
2966.19,2966.19
2966.19,2966.42
2966.19,2966.19
2966.19,2975.8
2966.19,2970.16
2966.19,2966.19
2966.19,2985.87
2966.19,2966.19
2966.19,2966.19
2966.19,2967.65
2966.19,2970.79
2966.19,2966.19
2966.19,2990
2966.19,2966.19
2966.19,2966.19
2966.19,2966.19
2966.19,3011.59
2966.19,2966.19
2966.19,2966.58
2966.19,2966.19
2966.19,2966.19
2966.19,2966.19
2966.19,2976.96
2966.19,2966.19
2966.19,2966.19
2966.19,2966.19
2966.19,2966.19
2966.19,2966.19
2966.19,2980.22
2966.19,2966.19
2966.19,2972.48
2966.19,2966.19
2966.19,2966.19
2966.19,2966.27
2966.19,2966.27
2966.19,2971.62
2895.31,2968.83
2966.19,2968.14
2966.19,2966.19
2966.19,2966.19
2966.19,2966.19
2895.31,2969.49
2966.19,2966.19
2966.19,2966.19
2966.19,2966.44
2966.19,2966.19
2966.19,2966.19
2966.19,2966.19
2966.19,2966.19
2966.19,2976.61
2966.19,2966.19
2895.31,2965.48
2895.31,2966.54
2966.19,2966.19
2966.19,2966.19
2966.19,2966.19
2966.19,2967.47
2966.19,2979.37
2966.19,2972.06
2966.19,2975.29
2966.19,2966.19
2966.19,2966.19
2895.31,2965.48
2966.19,2966.22
2966.19,2966.19
2966.19,2971.61
2966.19,2966.19
2966.19,2966.87
2966.19,2972.28
2966.19,2969.34
2966.19,2966.19
2966.19,2966.19
2966.19,2966.19
2966.19,2966.19
2966.19,2966.19
2966.19,2966.19
2895.31,2965.48
2966.19,2966.19
2966.19,2989.94
2966.19,2966.19
2966.19,2966.19
2966.19,2969.78
2966.19,2967.23
2966.19,2966.19
2966.19,2966.19
2966.19,2966.19
2966.19,2974.15
2966.19,2966.19
2966.19,2966.19
2966.19,2966.19
2966.19,2966.19
2966.19,2966.19
2966.19,2972.28
2966.19,2966.19
2895.31,2965.48
2966.19,2980.2
2966.19,2966.19
2895.31,2965.48
2966.19,2980.14
2966.19,2977.56
2966.19,2966.19
2966.19,2966.19
2966.19,2966.19
2966.19,2970.31
2966.19,2966.19
2966.19,2968.75
2966.19,2966.19
2966.19,2966.19
2966.19,2966.19
2966.19,2966.19
2966.19,2966.19
2895.31,2986.58
2966.19,2966.19
2966.19,2966.19
2966.19,2966.19
2966.19,2966.19
2966.19,2969.59
2966.19,2966.19
2966.19,2966.19
2966.19,2966.19
2966.19,2966.19
2966.19,2966.19
2966.19,2966.19
2966.19,2968.83
2966.19,2966.19
2966.19,2966.19
2895.31,2965.48
2966.19,2966.19
2966.19,2966.19
2895.31,2965.48
2966.19,2966.19
2895.31,2965.48
2966.19,2966.19
2966.19,2966.19
2966.19,2966.19
2966.19,2966.19
2966.19,2966.19
2966.19,2966.19
2966.19,2966.19
2966.19,2966.19
2966.19,2966.19
2966.19,2966.19
2966.19,2966.57
2966.19,2966.19
2966.19,2981.87
2895.31,2965.48
2895.31,2965.48
2966.19,2966.19
2966.19,2966.19
2966.19,2966.19
2966.19,2966.19
2966.19,2966.19
2966.19,2966.19
2966.19,2966.32
2966.19,2966.19
2966.19,2966.19
2966.19,2967.26
2966.19,2969.51
2966.19,2966.19
2966.19,2988.1
2966.19,2975.51
2966.19,2966.76
2966.19,2966.19
2966.19,2968.24
2966.19,2966.4
2966.19,2972.58
2966.19,2966.19
2966.19,2966.19
2895.31,2965.48
2966.19,2968.06
2966.19,2966.19
2966.19,2967.01
2966.19,2966.19
2966.19,2974.65
2966.19,2966.19
2966.19,2968.8
2966.19,2966.19
2966.19,2970.73
2966.19,2966.19
2895.31,2965.48
2966.19,2966.19
2966.19,2966.19
2966.19,2966.29
2966.19,2968.09
2966.19,2966.19
2966.19,2966.99
2966.19,2966.19
2966.19,2969.27
2966.19,2998.07
2966.19,2966.19
2966.19,2966.19
2966.19,2968.96
2966.19,2966.19
2966.19,2966.19
2895.31,2974.33
2895.31,2965.69
2895.31,2965.48
2966.19,2968.4
2966.19,2991.33
2966.19,2966.19
2966.19,2966.19
2966.19,2967.99
2966.19,2967.38
2895.31,2970.28
2966.19,2966.19
2966.19,2966.19
2895.31,2965.48
2966.19,2966.19
2966.19,2966.19
2966.19,2972.79
2966.19,2966.19
2966.19,2969.67
2966.19,2975.22
2966.19,2966.19
2966.19,2966.19
2966.19,2966.19
2966.19,2966.19
2966.19,2974.08
2966.19,2966.73
2966.19,2973.7
2966.19,2966.19
2966.19,2966.19
2966.19,2967.35
2966.19,2974.02
2966.19,2966.19
2895.31,2973.04
2966.19,2967.16
2966.19,2966.19
2966.19,3003.84
2895.31,2965.48
2966.19,2966.19
2966.19,2982.94
2966.19,2966.19
2966.19,2966.19
2895.31,2966.46
2895.31,2949.57
2895.31,2895.31
2895.31,2895.31
2895.31,2895.31
2895.31,2895.31
2895.31,2898.81
2895.31,2895.31
2895.31,2908.64
2895.31,2895.31
2895.31,2895.31
2895.31,2895.31
2895.31,2895.31
2895.31,2895.31
2895.31,2895.31
2895.31,2897.04
2895.31,2895.31
2895.31,2895.31
2895.31,2895.31
2895.31,2895.31
2895.31,2895.31
2895.31,2895.64
2895.31,2895.31
2895.31,2895.31
2895.31,2896.22
2895.31,2895.31
2895.31,2895.31
2895.31,2895.31
2895.31,2896.14
2895.31,2895.31
2895.31,2895.31
2895.31,2895.31
2895.31,2895.75
2895.31,2897.27
2895.31,2912.45
2895.31,2895.31
2895.31,2910.77
2895.31,2896.76
2895.31,2898.07
2895.31,2895.31
2895.31,2898.45
2895.31,2895.78
2895.31,2895.31
2895.31,2895.31
2895.31,2895.31
2895.31,2895.31
2895.31,2895.31
2895.31,2895.31
2895.31,2895.31
2895.31,2895.31
2895.31,2905.99
2895.31,2895.56
2895.31,2895.31
2895.31,2895.31
2895.31,2895.31
2895.31,2901.63
2895.31,2923.88
2895.31,2903.2
2895.31,2895.31
2895.31,2899.37
2895.31,2895.83
2895.31,2905.18
2895.31,2895.31
2895.31,2895.31
2895.31,2895.31
2895.31,2895.31
2895.31,2895.31
2895.31,2895.31
2895.31,2895.31
2895.31,2895.31
2895.31,2895.31
2895.31,2895.31
2895.31,2895.31
2895.31,2895.31
2895.31,2907.73
2895.31,2895.31
2895.31,2915.91
2895.31,2895.37
2895.31,2897.17
2895.31,2895.31
2895.31,2899.67
2895.31,2896.07
2895.31,2895.31
2895.31,2895.31
2895.31,2901.49
2895.31,2895.31
2895.31,2895.78
2895.31,2895.31
2895.31,2895.31
2895.31,2895.31
2895.31,2899.41
2895.31,2895.31
2895.31,2896.77
2895.31,2896.84
2895.31,2895.31
2895.31,2895.31
2895.31,2895.31
2895.31,2895.31
2895.31,2895.31
2895.31,2895.31
2895.31,2895.31
2895.31,2895.31
2895.31,2895.31
2895.31,2895.31
2895.31,2895.31
2895.31,2897.57
2895.31,2895.31
2895.31,2900.5
2895.31,2896.76
2895.31,2895.64
2895.31,2895.31
2895.31,2902.45
2895.31,2895.31
2895.31,2895.31
2895.31,2895.31
2895.31,2895.31
2895.31,2895.31
2895.31,2895.31
2895.31,2895.31
2895.31,2918.41
2895.31,2923.56
2895.31,2895.31
2895.31,2895.31
2895.31,2904.87
2895.31,2895.31
2895.31,2895.31
2895.31,2903.57
2895.31,2895.31
2895.31,2895.31
2895.31,2895.31
2895.31,2902.26
2895.31,2895.31
2895.31,2895.31
2895.31,2895.31
2895.31,2895.44
2895.31,2907.91
2895.31,2895.31
2895.31,2895.31
2895.31,2895.31
2895.31,2895.31
2895.31,2896.03
2895.31,2895.31
2895.31,2895.31
2895.31,2909.32
2895.31,2895.31
2895.31,2895.31
2895.31,2895.31
2895.31,2895.31
2895.31,2895.31
2895.31,2895.31
2895.31,2895.31
2895.31,2895.31
2895.31,2896.41
2895.31,2895.31
2895.31,2895.31
2895.31,2895.34
2895.31,2895.31
2895.31,2895.31
2895.31,2895.87
2895.31,2895.31
2895.31,2895.56
2895.31,2895.31
2895.31,2895.31
2895.31,2895.5
2895.31,2895.31
2895.31,2903.67
2895.31,2895.31
2895.31,2895.31
2895.31,2931.89
2895.31,2909.95
2895.31,2895.31
2895.31,2895.31
2895.31,2895.31
2895.31,2895.31
2895.31,2895.31
2895.31,2895.31
2895.31,2895.31
2895.31,2895.31
2895.31,2895.31
2895.31,2895.31
2895.31,2910.44
2895.31,2895.31
2895.31,2895.31
2895.31,2895.31
2895.31,2900.8
2895.31,2900.01
2895.31,2903.68
2895.31,2895.31
2895.31,2895.31
2895.31,2895.31
2895.31,2895.31
2895.31,2895.31
2895.31,2914.15
2895.31,2895.82
2895.31,2895.31
2895.31,2895.31
2895.31,2895.31
2895.31,2899.51
2895.31,2895.31
2895.31,2895.31
2895.31,2895.31
2895.31,2912.36
2895.31,2895.61
2895.31,2895.31
2895.31,2916.87
2895.31,2896.06
2895.31,2895.31
2895.31,2895.31
2895.31,2895.31
2895.31,2895.31
2895.31,2895.31
2895.31,2895.31
2895.31,2895.31
2895.31,2895.31
2895.31,2895.31
2895.31,2895.31
2895.31,2895.31
2895.31,2895.31
2895.31,2895.31
2895.31,2895.31
2895.31,2895.31
2895.31,2895.31
2895.31,2896.55
2895.31,2895.31
2895.31,2895.31
2895.31,2895.31
2895.31,2895.31
2895.31,2964.66
2895.31,2895.31
2895.31,2895.31
2895.31,2895.31
2895.31,2895.31
2895.31,2901.56
2895.31,2895.31
2895.31,2919.65
2895.31,2895.31
2895.31,2895.31
2895.31,2895.31
2895.31,2895.31
2895.31,2895.54
2895.31,2895.31
2895.31,2895.31
2895.31,2895.31
2895.31,2895.31
2895.31,2895.31
2895.31,2895.31
2895.31,2895.31
2895.31,2898.24
2895.31,2895.31
2895.31,2895.31
2895.31,2895.31
2895.31,2895.31
2895.31,2897
2895.31,2895.31
2895.31,2895.31
2895.31,2915.24
2895.31,2901.3
2895.31,2895.31
2895.31,2895.31
2895.31,2895.31
2895.31,2895.31
2895.31,2895.31
2895.31,2897.09
2895.31,2895.31
2895.31,2895.31
2895.31,2902.47
2895.31,2895.31
2895.31,2895.31
2895.31,2895.31
2895.31,2895.31
2895.31,2895.31
2895.31,2895.31
2895.31,2895.31
2895.31,2895.31
2895.31,2895.31
2895.31,2895.31
2895.31,2895.31
2895.31,2895.31
2895.31,2907.46
2895.31,2923.18
2895.31,2895.31
2895.31,2899.08
2895.31,2924.27
2895.31,2895.31
2895.31,2897.89
2895.31,2900.43
2895.31,2896.64
2895.31,2895.31
2895.31,2895.31
2895.31,2904.44
2895.31,2910.44
2895.31,2897.55
2895.31,2895.31
2895.31,2895.31
2895.31,2904.92
2895.31,2904.73
2895.31,2895.31
2895.31,2895.31
2895.31,2897.24
2895.31,2896.88
2895.31,2896.21
2895.31,2895.31
2895.31,2895.31
2895.31,2895.31
2895.31,2895.31
2895.31,2895.31
2895.31,2898.58
2895.31,2895.31
2895.31,2895.31
2895.31,2901.74
2895.31,2895.31
2895.31,2895.31
2895.31,2961.91
2895.31,2895.31
2895.31,2895.31
2895.31,2895.31
2895.31,2895.31
2895.31,2914.85
2895.31,2895.31
2895.31,2903.56
2895.31,2896.09
2895.31,2910.39
2895.31,2895.31
2895.31,2895.31
2895.31,2900.93
2895.31,2895.31
2895.31,2895.31
2895.31,2895.31
2895.31,2895.31
2895.31,2895.31
2895.31,2898.23
2895.31,2895.31
2895.31,2895.31
2895.31,2895.31
2895.31,2895.31
2895.31,2895.31
2895.31,2895.31
2895.31,2895.31
2895.31,2911.43
2895.31,2895.31
2895.31,2895.31
2895.31,2924.22
2895.31,2895.31
2895.31,2895.31
2895.31,2895.31
2895.31,2895.31
2895.31,2895.74
2895.31,2900.19
2895.31,2895.31
2895.31,2895.31
2895.31,2895.31
2895.31,2896.71
2895.31,2895.31
2895.31,2895.86
2895.31,2895.31
2895.31,2895.31
2895.31,2895.31
2895.31,2895.31
2895.31,2912.09
2895.31,2895.31
2895.31,2896.47
2895.31,2895.31
2895.31,2895.31
2895.31,2895.31
2895.31,2895.31
2895.31,2895.31
2895.31,2896.93
2895.31,2895.31
2895.31,2907.07
2895.31,2936.49
2895.31,2895.31
2895.31,2896.11
2895.31,2895.31
2895.31,2900.59
2895.31,2895.31
2895.31,2906.76
2895.31,2895.31
2895.31,2895.31
2895.31,2895.31
2895.31,2895.31
2895.31,2898.15
2895.31,2900.98
2895.31,2896.25
2895.31,2895.31
2895.31,2895.31
2895.31,2895.31
2895.31,2895.31
2895.31,2895.31
2895.31,2895.31
2895.31,2895.31
2895.31,2895.31
2895.31,2895.31
2895.31,2897.14
2895.31,2912.84
2895.31,2895.31
2895.31,2895.31
2895.31,2895.31
2895.31,2903.65
2895.31,2897.71
2895.31,2895.31
2895.31,2919.17
2895.31,2914.35
2895.31,2902.04
2895.31,2897.83
2895.31,2902.51
2895.31,2951.67
2895.31,2895.31
2895.31,2895.31
2895.31,2899.54
2895.31,2895.31
2895.31,2895.31
2895.31,2895.31
2895.31,2903.16
2895.31,2895.52
2895.31,2895.31
2895.31,2895.31
2895.31,2895.31
2895.31,2895.31
2895.31,2895.31
2895.31,2895.31
2895.31,2926.14
2895.31,2905.19
2895.31,2895.31
2895.31,2897.13
2895.31,2904.02
2895.31,2895.31
2895.31,2895.31
2895.31,2905
2895.31,2895.31
2895.31,2945.28
2895.31,2898.92
2895.31,2929.3
2895.31,2896.22
2895.31,2895.31
2895.31,2895.31
2895.31,2928.46
2895.31,2895.31
2895.31,2910.16
2895.31,2895.31
2895.31,2902.03
2895.31,2910.53
2895.31,2896.76
2895.31,2895.31
2895.31,2895.31
2895.31,2895.31
2895.31,2895.31
2895.31,2895.31
2895.31,2895.6
2895.31,2895.31
2895.31,2907.38
2895.31,2895.31
2895.31,2895.45
2895.31,2895.31
2895.31,2895.31
2895.31,2903.37
2895.31,2895.31
2895.31,2898.87
2895.31,2979.68
2895.31,2895.31
2895.31,2895.31
2895.31,2896.58
2895.31,2895.31
2895.31,2904.17
2895.31,2895.31
2895.31,2933.51
2895.31,2907.64
2895.31,2895.31
2895.31,2895.31
2895.31,2895.31
2895.31,2925.28
2895.31,2916.19
2895.31,2895.31
2895.31,2895.31
2895.31,2895.31
2895.31,2895.31
2895.31,2895.31
2895.31,2905.77
2895.31,2895.31
2895.31,2895.31
2895.31,2895.31
2895.31,2909.93
2895.31,2903.3
2895.31,2898.44
2895.31,2897.87
2895.31,2898.7
2895.31,2895.31
2895.31,2895.31
2895.31,2895.31
2895.31,2964.42
2895.31,2895.31
2895.31,2895.31
2895.31,2895.31
2895.31,2916.5
2895.31,2895.31
2895.31,2895.31
2895.31,2895.31
2895.31,2895.31
2895.31,2895.31
2895.31,2895.31
2895.31,2895.31
2895.31,2895.31
2895.31,2937.1
2895.31,2895.31
2895.31,2895.31
2895.31,2895.31
2895.31,2895.53
2895.31,2897.05
2895.31,2895.31
2895.31,2895.31
2895.31,2895.61
2895.31,2922.23
2895.31,2895.31
2895.31,2895.31
2895.31,2895.31
2895.31,2914.96
2895.31,2895.31
2895.31,2895.31
2895.31,2898.16
2895.31,2899.48
2895.31,2895.31
2895.31,2895.31
2895.31,2900.36
2895.31,2895.31
2895.31,2895.85
2895.31,2895.31
2895.31,2917.28
2895.31,2895.31
2895.31,2895.31
2895.31,2900.32
2895.31,2895.31
2895.31,2911.07
2895.31,2895.31
2895.31,2895.31
2895.31,2895.31
2895.31,2912.72
2895.31,2895.31
2895.31,2895.85
2895.31,2895.31
2895.31,2895.31
2895.31,2895.31
2895.31,2908.59
2895.31,2895.31
2895.31,2895.4
2895.31,2895.31
2895.31,2895.31
2895.31,2903.97
2895.31,2895.31
2895.31,2895.44
2895.31,2895.31
2895.31,2895.88
2895.31,2895.31
2895.31,2895.31
2895.31,2895.31
2895.31,2895.31
2895.31,2895.31
2895.31,2896.82
2895.31,2895.31
2895.31,2895.31
2895.31,2898.39
2895.31,2895.31
2895.31,2895.31
2895.31,2895.58
2895.31,2899.6
2895.31,2895.31
2895.31,2895.31
2895.31,2896.69
2895.31,2909.54
2895.31,2895.31
2895.31,2895.31
2895.31,2901.31
2895.31,2895.31
2895.31,2895.31
2895.31,2895.31
2895.31,2895.31
2895.31,2895.31
2895.31,2930.82
2895.31,2895.31
2895.31,2895.31
2895.31,2898.67
2895.31,2896.37
2895.31,2895.31
2895.31,2895.31
2895.31,2899.14
2895.31,2925.36
2895.31,2895.31
2895.31,2895.31
2895.31,2895.64
2895.31,2895.31
2895.31,2895.31
2895.31,2910.29
2895.31,2895.31
2895.31,2895.31
2895.31,2895.31
2895.31,2895.31
2895.31,2895.31
2895.31,2895.31
2895.31,2899.36
2895.31,2895.31
2895.31,2895.31
2895.31,2895.31
2895.31,2895.31
2895.31,2895.31
2895.31,2895.31
2895.31,2895.31
2895.31,2895.31
2895.31,2895.31
2895.31,2895.31
2895.31,2895.31
2895.31,2895.61
2895.31,2895.31
2895.31,2895.31
2895.31,2911.26
2895.31,2895.31
2895.31,2901.25
2895.31,2895.31
2895.31,2895.31
2895.31,2897.15
2895.31,2899.64
2895.31,2898.48
2895.31,2895.31
2895.31,2898.09
2895.31,2895.31
2895.31,2895.31
2895.31,2895.31
2895.31,2929.81
2895.31,2895.69
2895.31,2895.31
2895.31,2971.14
2895.31,2895.31
2895.31,2895.31
2895.31,2895.31
2895.31,2897.19
2895.31,2895.31
2895.31,2895.31
2895.31,2895.31
2895.31,2895.31
2895.31,2895.31
2895.31,2895.31
2895.31,2895.31
2895.31,2895.31
2895.31,2895.31
2895.31,2915.32
2895.31,2895.31
2895.31,2902.07
2895.31,2903.98
2895.31,2895.31
2895.31,2895.31
2895.31,2904.77
2895.31,2895.31
2895.31,2895.31
2895.31,2895.31
2895.31,2895.31
2895.31,2908.67
2895.31,2896.13
2895.31,2895.31
2895.31,2899.88
2895.31,2895.31
2895.31,2895.31
2895.31,2895.31
2895.31,2895.56
2895.31,2895.31
2895.31,2924.07
2895.31,2910.11
2895.31,2895.31
2895.31,2895.31
2895.31,2895.31
2895.31,2895.31
2895.31,2901.95
2895.31,2895.31
2895.31,2895.31
2895.31,2895.31
2895.31,2895.31
2895.31,2895.31
2895.31,2895.31
2895.31,2895.31
2895.31,2903.77
2895.31,2895.31
2895.31,2902.72
2895.31,2896.82
2895.31,2895.31
2895.31,2895.31
2895.31,2895.31
2895.31,2897.1
2895.31,2895.31
2895.31,2895.31
2895.31,2895.31
2895.31,2895.31
2895.31,2899
2895.31,2895.31
2895.31,2895.31
2895.31,2895.31
2895.31,2895.31
2895.31,2895.31
2895.31,2895.31
2895.31,2906.86
2895.31,2895.31
2895.31,2895.31
2895.31,2903.53
2895.31,2895.31
2895.31,2900.12
2895.31,2898.37
2895.31,2895.31
2895.31,2895.31
2895.31,2895.31
2895.31,2895.63
2895.31,2942.65
2895.31,2895.31
2895.31,2895.31
2895.31,2895.31
2895.31,2912.4
2895.31,2895.89
2895.31,2895.97
2895.31,2902.08
2895.31,2895.31
2895.31,2895.31
2895.31,2895.31
2895.31,2901.4
2895.31,2895.31
2895.31,2924.69
2895.31,2895.31
2895.31,2909.67
2895.31,2895.31
2895.31,2895.31
2895.31,2896.84
2895.31,2895.31
2895.31,2895.31
2895.31,2895.31
2895.31,2913.74
2895.31,2897.82
2895.31,2901.36
2895.31,2895.31
2895.31,2895.31
2895.31,2895.31
2895.31,2895.31
2895.31,2907.5
2895.31,2895.31
2895.31,2910.59
2895.31,2895.31
2895.31,2896.71
2895.31,2895.31
2895.31,2895.31
2895.31,2895.31
2895.31,2907.91
2895.31,2895.31
2895.31,2897.59
2895.31,2895.31
2895.31,2897.01
2895.31,2895.31
2895.31,2895.31
2895.31,2904.24
2895.31,2895.31
2895.31,2895.31
2895.31,2896.23
2895.31,2895.31
2895.31,2895.31
2895.31,2895.45
2895.31,2895.31
2895.31,2896.78
2895.31,2903.29
2895.31,2895.31
2895.31,2895.31
2895.31,2900.03
2895.31,2895.31
2895.31,2916.21
2895.31,2895.31
2895.31,2902.7
2895.31,2895.31
2895.31,2895.31
2895.31,2895.31
2895.31,2897.87
2895.31,2895.31
2895.31,2895.31
2895.31,2903.9
2895.31,2895.31
2895.31,2895.31
2895.31,2895.31
2895.31,2895.31
2895.31,2895.59
2895.31,2895.31
2895.31,2898.71
2895.31,2895.31
2895.31,2895.31
2895.31,2899.31
2895.31,2895.31
2895.31,2895.31
2895.31,2895.31
2895.31,2895.88
2895.31,2898.6
2895.31,2895.31
2895.31,2895.31
2895.31,2895.31
2895.31,2895.31
2895.31,2895.88
2895.31,2895.31
2895.31,2895.31
2895.31,2895.31
2895.31,2910.25
2895.31,2895.31
2895.31,2895.31
2895.31,2895.31
2895.31,2895.31
2895.31,2895.79
2895.31,2895.31
2895.31,2895.31
2895.31,2895.31
2895.31,2900.65
2895.31,2895.31
2895.31,2895.89
2895.31,2896.64
2895.31,2898.35
2895.31,2898.32
2895.31,2895.31
2895.31,2895.31
2895.31,2895.31
2895.31,2895.31
2895.31,2895.31
2895.31,2895.31
2895.31,2895.31
2895.31,2896.51
2895.31,2906.83
2895.31,2895.31
2895.31,2895.31
2895.31,2895.31
2895.31,2895.31
2895.31,2895.31
2895.31,2895.31
2895.31,2895.31
2895.31,2895.31
2895.31,2895.31
2895.31,2895.31
2895.31,2896.5
2895.31,2895.31
2895.31,2895.31
2895.31,2895.31
2895.31,2895.31
2895.31,2895.31
2895.31,2895.36
2895.31,2895.31
2895.31,2895.31
2895.31,2895.31
2895.31,2895.31
2895.31,2895.31
2895.31,2895.31
2895.31,2895.31
2895.31,2896.97
2895.31,2895.71
2895.31,2895.31
2895.31,2895.31
2895.31,2896.63
2895.31,2895.31
2895.31,2895.31
2895.31,2895.31
2895.31,2895.36
2895.31,2895.31
2895.31,2898.25
2895.31,2895.31
2895.31,2919.68
2895.31,2895.31
2895.31,2895.78
2895.31,2895.31
2895.31,2895.31
2895.31,2895.41
2895.31,2895.31
2895.31,2895.31
2895.31,2895.31
2895.31,2904.08
2895.31,2895.31
2895.31,2896.33
2895.31,2900.34
2895.31,2906.2
2895.31,2895.31
2895.31,2895.31
2895.31,2895.31
2895.31,2895.31
2895.31,2895.31
2895.31,2895.31
2895.31,2895.31
2895.31,2895.31
2895.31,2895.31
2895.31,2895.31
2895.31,2897.45
2895.31,2895.31
2895.31,2895.31
2895.31,2895.31
2895.31,2895.31
2895.31,2905.6
2895.31,2895.31
2895.31,2895.31
2895.31,2895.31
2895.31,2895.31
2895.31,2895.31
2895.31,2910.51
2895.31,2896.66
2895.31,2927.58
2895.31,2895.31
2895.31,2896.85
2895.31,2900.66
2895.31,2896.15
2895.31,2907.16
2895.31,2895.31
2895.31,2895.31
2895.31,2899.39
2895.31,2895.31
2895.31,2895.31
2895.31,2895.31
2895.31,2900.22
2895.31,2895.31
2895.31,2895.31
2895.31,2895.31
2895.31,2895.31
2895.31,2895.31
2895.31,2895.31
2895.31,2908.25
2895.31,2902.21
2895.31,2895.31
2895.31,2895.31
2895.31,2895.31
2895.31,2895.31
2895.31,2895.31
2895.31,2898.1
2895.31,2895.31
2895.31,2895.31
2895.31,2922.53
2895.31,2895.5
2895.31,2895.31
2895.31,2895.31
2895.31,2895.31
2895.31,2895.31
2895.31,2907.17
2895.31,2902.55
2895.31,2898.39
2895.31,2895.31
2895.31,2895.31
2895.31,2895.31
2895.31,2951.29
2895.31,2895.31
2895.31,2910.44
2895.31,2906.91
2895.31,2895.31
2895.31,2896.55
2895.31,2895.31
2895.31,2895.31
2895.31,2896.13
2895.31,2895.31
2895.31,2900.61
2895.31,2895.31
2895.31,2895.31
2895.31,2895.31
2895.31,2904.12
2895.31,2895.31
2895.31,2895.31
2895.31,2895.31
2895.31,2902.12
2895.31,2895.31
2895.31,2895.89
2895.31,2895.31
2895.31,2917.77
2895.31,2895.31
2895.31,2913.61
2895.31,2895.31
2895.31,2895.31
2895.31,2895.31
2895.31,2895.31
2895.31,2897.46
2895.31,2899.15
2895.31,2895.31
2895.31,2895.31
2895.31,2895.31
2895.31,2895.31
2895.31,2895.31
2895.31,2895.31
2895.31,2901.35
2895.31,2895.31
2895.31,2895.31
2895.31,2896.1
2895.31,2895.85
2895.31,2897.9
2895.31,2896.32
2895.31,2895.31
2895.31,2895.31
2895.31,2938.69
2895.31,2910.86
2895.31,2895.31
2895.31,2895.31
2895.31,2895.31
2895.31,2895.31
2895.31,2895.31
2895.31,2895.31
2895.31,2895.31
2895.31,2895.31
2895.31,2925.66
2895.31,2895.31
2895.31,2895.31
2895.31,2920.33
2895.31,2901.23
2895.31,2903.54
2895.31,2903.92
2895.31,2895.31
2895.31,2895.31
2895.31,2915.12
2895.31,2896.05
2895.31,2895.75
2895.31,2895.31
2895.31,2903.36
2895.31,2895.31
2895.31,2895.31
2895.31,2895.31
2895.31,2895.31
2895.31,2895.31
2895.31,2895.31
2895.31,2895.31
2895.31,2897.59
2895.31,2911.67
2895.31,2926.32
2895.31,2923.19
2895.31,2897.15
2895.31,2895.31
2895.31,2895.31
2895.31,2895.31
2895.31,2895.31
2895.31,2895.31
2895.31,2895.31
2895.31,2895.31
2895.31,2895.31
2895.31,2905.43
2895.31,2895.31
2895.31,2895.31
2895.31,2895.93
2895.31,2895.31
2895.31,2895.72
2895.31,2906.09
2895.31,2895.31
2895.31,2895.31
2895.31,2895.31
2895.31,2895.71
2895.31,2895.31
2895.31,2901.79
2895.31,2895.31
2895.31,2908.01
2895.31,2896.11
2895.31,2895.31
2895.31,2920.11
2895.31,2895.31
2895.31,2895.31
2895.31,2922.2
2895.31,2916.25
2895.31,2895.31
2895.31,2895.31
2895.31,2895.31
2895.31,2895.31
2895.31,2902.01
2895.31,2895.31
2895.31,2901.18
2895.31,2895.31
2895.31,2895.31
2895.31,2907.54
2895.31,2895.31
2895.31,2895.31
2895.31,2902.57
2895.31,2895.31
2895.31,2895.31
2895.31,2895.31
2895.31,2895.31
2895.31,2895.31
2895.31,2896.06
2895.31,2895.31
2895.31,2895.31
2895.31,2895.31
2895.31,2905.95
2895.31,2900.66
2895.31,2895.31
2895.31,2895.31
2895.31,2903.68
2895.31,2895.31
2895.31,2898.3
2895.31,2895.31
2895.31,2898.62
2895.31,2905.63
2895.31,2895.31
2895.31,2895.31
2895.31,2895.31
2895.31,2895.31
2895.31,2895.31
2895.31,2895.31
2895.31,2895.31
2895.31,2900.5
2895.31,2895.31
2895.31,2903.65
2895.31,2895.31
2895.31,2895.31
2895.31,2903.49
2895.31,2895.31
2895.31,2895.31
2895.31,2895.31
2895.31,2916.42
2895.31,2895.31
