6757.23,8588.89
6705.24,7371.11
6481.14,6852.12
6088.56,6572.83
5739.04,6326.22
5668.71,6039.84
5377.1,5776.16
5204.64,5490.31
5090.95,5344.13
5119.2,5228.9
5023.61,5128.19
4937.04,5065.15
4819.55,4980.93
4732.72,4875.42
4569.01,4787.75
4388.51,4728.53
4384.29,4661.38
4467.25,4585.48
4448.36,4469.13
4416.71,4466.74
4402.95,4464.93
4372.85,4439.68
4180.84,4398.11
4379.76,4391.45
4312.59,4391.25
4270.48,4401.27
4269.31,4320.09
4133.36,4271.61
4110.83,4255.98
3896.75,4196.06
3892.72,4150.94
3986.36,4095.34
3962.06,4061.79
4010.39,4032.08
3771.54,4019.22
3949.45,4093.3
3738.93,4009.02
3656.38,3941.65
3685.51,3936.82
3878.76,3934.81
3910.06,3920.94
3910.06,3910.06
3655.24,3907.51
3699.32,3907.43
3741.5,3895.81
3827.64,3895.59
3534.57,3844.36
3803.65,3827.31
3818.62,3839.28
3818.62,3818.62
3818.62,3821.6
3818.62,3820.24
3563.8,3816.07
3525.55,3816.36
3563.8,3816.02
3563.8,3814.43
3521,3810.33
3603.33,3787.22
3733.02,3747.33
3690.05,3732.17
3686.92,3716.75
3436.15,3699.85
3558.79,3628.06
3558.79,3558.79
3515.82,3558.09
3275.22,3541.67
3275.22,3418.12
3157.1,3287.08
3288.39,3291.72
3245.42,3287.96
3288.39,3288.39
3288.39,3288.39
3288.39,3288.39
3245.42,3288.05
3288.39,3313.33
3282.99,3288.33
3288.39,3289.13
3275.22,3296.63
3288.39,3301.61
3288.39,3292.73
3288.39,3313.48
3288.39,3289.28
3288.39,3288.39
3288.39,3288.39
3157.1,3285.76
3157.1,3231.71
3157.1,3172.61
3157.1,3157.1
3143.93,3159.7
3157.1,3157.1
3157.1,3157.1
3157.1,3157.1
3157.1,3157.36
3157.1,3157.1
3143.93,3156.97
3157.1,3157.1
3157.1,3157.1
3157.1,3157.62
3157.1,3157.1
3157.1,3157.1
3143.93,3156.97
3157.1,3159.07
3151.7,3157.04
3157.1,3157.1
3157.1,3157.1
3157.1,3158.92
3114.13,3159.3
3143.93,3149.34
3143.93,3143.93
3143.93,3166.39
3143.93,3143.93
3143.93,3143.93
3143.93,3143.93
3143.93,3144.77
3143.93,3143.93
3143.93,3143.93
3138.53,3153.49
3143.93,3151.18
3143.93,3162.77
3143.93,3143.93
3100.96,3143.5
3143.93,3143.93
3143.93,3143.93
3143.93,3143.93
3143.93,3143.93
3143.93,3147.33
3143.93,3143.93
3138.53,3156.56
3100.96,3143.5
3143.93,3143.93
3143.93,3143.93
3100.96,3158.22
3143.93,3143.93
3143.93,3143.93
3143.93,3146.68
3143.93,3164.45
3143.93,3143.93
3143.93,3143.93
3143.93,3143.93
3143.93,3143.93
3143.93,3147.14
3143.93,3143.93
3138.53,3143.88
3143.93,3143.93
3143.93,3143.93
3100.96,3150.45
3143.93,3145.34
3143.93,3143.93
3143.93,3143.93
3143.93,3144.16
3143.93,3143.93
3143.93,3144.13
3143.93,3144.02
3143.93,3154.37
3100.96,3150.32
3138.53,3164.68
3143.93,3145.95
3143.93,3143.93
3143.93,3143.93
3143.93,3143.93
3143.93,3143.93
3143.93,3143.93
3143.93,3143.93
3143.93,3145.67
3143.93,3152.15
3143.93,3143.93
3143.93,3143.93
3143.93,3144.33
3100.96,3150.08
3143.93,3144.95
3047.57,3143.1
3143.93,3143.93
3143.93,3143.93
3143.93,3143.93
3143.93,3145.06
3143.93,3143.93
3143.93,3151.37
3143.93,3143.93
3143.93,3146.22
3143.93,3143.93
3143.93,3143.93
3143.93,3143.93
3143.93,3143.93
3143.93,3143.93
3143.93,3143.93
3143.93,3144.06
3143.93,3144.05
3143.93,3144.36
3143.93,3143.93
3143.93,3144.22
3143.93,3143.93
3143.93,3143.93
3143.93,3143.93
3143.93,3143.93
3138.53,3143.88
3143.93,3146.49
3143.93,3143.93
3143.93,3143.93
3143.93,3146.77
3143.93,3143.93
3143.93,3144.46
3100.96,3143.5
3143.93,3143.93
3143.93,3144.19
3143.93,3144.11
3143.93,3143.93
3138.53,3143.88
3143.93,3143.93
3143.93,3158.88
3143.93,3143.93
3143.93,3144.11
3143.93,3143.93
3143.93,3143.93
3143.93,3144.06
3143.93,3143.93
3143.93,3143.93
3143.93,3143.93
3100.96,3146.01
3143.93,3169.34
3143.93,3161.36
3143.93,3143.93
3138.53,3143.88
3143.93,3143.93
3143.93,3143.93
3143.93,3143.93
3143.93,3143.93
3143.93,3161.68
3143.93,3143.93
3143.93,3143.93
3143.93,3143.93
3138.53,3143.88
3143.93,3147.62
3143.93,3143.93
3143.93,3143.93
3143.93,3143.93
3143.93,3143.93
3143.93,3143.93
3143.93,3143.93
3143.93,3143.93
3143.93,3143.93
3138.53,3152.38
3143.93,3143.93
3143.93,3147.93
3143.93,3144.06
3143.93,3143.93
3143.93,3145.6
3100.96,3145.33
3143.93,3143.93
3143.93,3145.09
3100.96,3143.5
3143.93,3143.93
3143.93,3143.93
3143.93,3143.93
3143.93,3143.93
3143.93,3143.93
3143.93,3144.19
3047.57,3142.97
3143.93,3152.08
3143.93,3148.79
3143.93,3143.93
3138.53,3143.88
3138.53,3143.88
3143.93,3143.93
3143.93,3143.93
3143.93,3143.93
3143.93,3143.93
3143.93,3144.33
3143.93,3143.93
3100.96,3143.45
3138.53,3145.12
3138.53,3148.08
3138.53,3138.7
3138.53,3138.53
3138.53,3138.53
3128.38,3138.37
3131.89,3135.81
3131.89,3131.89
3035.54,3132.23
3131.89,3131.89
3131.89,3131.89
3131.89,3131.89
3121.14,3131.79
3131.89,3131.89
3131.89,3133.79
3131.89,3131.89
3106.53,3131.64
3131.89,3131.89
3100.96,3131.58
3131.89,3138.39
3131.89,3131.89
3131.89,3131.89
3131.89,3131.89
3131.89,3131.89
3131.89,3131.89
3035.54,3130.93
3131.89,3131.89
3131.89,3131.89
3131.89,3131.89
3131.89,3131.89
3131.89,3132.32
3131.89,3131.89
3131.89,3131.89
3131.89,3131.89
3131.89,3158.61
3131.89,3131.89
3131.89,3132.54
3035.54,3130.93
3131.89,3131.89
3131.89,3131.89
3100.96,3131.58
3131.89,3131.89
3131.89,3131.89
3131.89,3134.8
3131.89,3131.89
3035.54,3130.93
3131.89,3131.89
3131.89,3131.89
3131.89,3131.89
3131.89,3131.89
3131.89,3132.44
3131.89,3131.89
3100.96,3131.58
3131.89,3131.89
3131.89,3131.89
3131.89,3134.4
3131.89,3131.89
3131.89,3151.51
3131.89,3137.99
3121.14,3150.83
3131.89,3131.89
3121.14,3131.79
3131.89,3131.89
3131.89,3131.89
3100.96,3133.28
3131.89,3134.6
3131.89,3131.89
3131.89,3137.82
3100.96,3131.58
3131.89,3131.89
3131.89,3131.89
3121.14,3131.82
3106.53,3145.69
3131.89,3133.18
3131.89,3132.26
3131.89,3132.06
3121.14,3136.53
3121.14,3131.79
3131.89,3150.55
3131.89,3133.37
3131.89,3131.89
3131.89,3131.89
3131.89,3133.05
3131.89,3131.89
3131.89,3131.89
3131.89,3131.89
3100.96,3131.58
3131.89,3131.89
3131.89,3131.89
3131.89,3131.89
3131.89,3131.89
3131.89,3135.8
3131.89,3131.89
3131.89,3131.89
3131.89,3131.89
3131.89,3131.89
3131.89,3131.89
3131.89,3131.89
3131.89,3131.89
3131.89,3131.89
3131.89,3135.57
3131.89,3133.69
3131.89,3131.89
3131.89,3131.89
3131.89,3132.89
3131.89,3152.4
3131.89,3131.89
3131.89,3131.89
3131.89,3138.42
3131.89,3133.61
3131.89,3131.89
3131.89,3137.21
3131.89,3131.89
3131.89,3131.89
3131.89,3131.89
3131.89,3131.89
3131.89,3131.89
3131.89,3131.89
3121.14,3131.79
3131.89,3131.89
3131.89,3131.89
3131.89,3131.89
3131.89,3143.05
3131.89,3131.89
3121.14,3131.8
3131.89,3131.89
3131.89,3164.55
3131.89,3131.89
3100.96,3131.33
3106.53,3122.88
3106.53,3108.96
3094.07,3127.18
3106.53,3106.53
3106.53,3106.53
3106.53,3106.53
3106.53,3106.53
3106.53,3124.07
3106.53,3106.53
3103.7,3106.5
3106.53,3108.17
3106.53,3106.53
3106.53,3108.91
3106.53,3106.53
3094.07,3106.41
3106.53,3106.53
3106.53,3106.53
3106.53,3106.53
3103.7,3106.5
3106.53,3106.53
3106.53,3106.53
3101.43,3106.48
3106.53,3106.53
3106.53,3127.93
3106.53,3106.53
3106.53,3106.53
3106.53,3106.53
3106.53,3106.53
3106.53,3106.53
3106.53,3106.53
3106.53,3106.53
3106.53,3106.53
3106.53,3106.53
3094.07,3121.59
3106.53,3106.53
3106.53,3106.53
3106.53,3106.53
3101.43,3106.48
3106.53,3106.53
3106.53,3116.83
3106.53,3112.07
3106.53,3106.53
3106.53,3109.99
3106.53,3106.53
3106.53,3108.27
3106.53,3106.53
3106.53,3106.53
3106.53,3106.53
3106.53,3129.39
3106.53,3107.03
3106.53,3106.53
3102.67,3106.46
3097.93,3105.4
3097.93,3100.78
3097.93,3097.93
3097.93,3097.93
3097.93,3097.93
3097.93,3097.93
3097.93,3097.93
3097.93,3097.93
3097.93,3098.87
3097.93,3097.93
3097.93,3097.93
3097.93,3105.41
3097.93,3097.94
3095.81,3098.54
3097.93,3097.93
3097.93,3097.93
3097.93,3098.37
3097.93,3097.93
3097.93,3097.93
3097.93,3097.93
3097.93,3097.93
3097.93,3105.99
3095.81,3108.77
3097.93,3097.93
3095.81,3097.91
3097.93,3098.04
3097.93,3147.21
3097.93,3097.93
3095.81,3097.91
3095.81,3106.47
3097.93,3099.52
3097.93,3097.93
3097.93,3097.93
3097.93,3097.93
3097.93,3097.93
3097.93,3097.93
3097.93,3097.93
3097.93,3097.93
3097.93,3097.93
3097.93,3097.93
3097.93,3097.93
3097.93,3107.63
3097.93,3097.93
3097.93,3100.55
3097.93,3097.93
3095.81,3107.28
3097.93,3097.93
3097.93,3097.93
3097.93,3098.12
3097.93,3097.93
3097.93,3098.04
3097.93,3097.93
3097.93,3097.93
3097.93,3097.93
3097.93,3097.93
3097.93,3097.93
3097.93,3116.78
3097.93,3097.93
3097.93,3110.84
3097.93,3099.18
3097.93,3097.93
3097.93,3103.37
3097.93,3116.97
3095.81,3116.42
3097.93,3097.93
3097.93,3097.93
3097.93,3109.84
3097.93,3097.93
3097.93,3097.93
3097.93,3101.23
3001.57,3101.18
3097.93,3100.54
3097.93,3097.93
3097.93,3097.93
3097.93,3097.93
3097.93,3097.93
3097.93,3098.01
3097.93,3101.32
3097.93,3097.93
3097.93,3097.93
3097.93,3097.93
3097.93,3097.93
3097.93,3097.93
3097.93,3099.12
3097.93,3104.89
3097.93,3097.93
3097.93,3097.93
3097.93,3097.93
3097.93,3097.93
3097.93,3098.04
3001.57,3101.03
3097.93,3097.93
3095.81,3097.91
3097.93,3097.93
3097.93,3097.93
3097.93,3097.93
3097.93,3098.01
3097.93,3098.06
3097.93,3100.89
3097.93,3097.93
3097.93,3097.93
3097.93,3097.93
3095.81,3097.91
3097.93,3134.37
3097.93,3097.93
3097.93,3097.93
3097.93,3097.93
3097.93,3100.88
3097.93,3097.93
3095.81,3097.91
3095.81,3097.91
3097.93,3097.93
3097.93,3097.93
3097.93,3097.93
3097.93,3097.93
3097.93,3097.93
3097.93,3101.5
3097.93,3097.93
3097.93,3097.93
3097.93,3097.93
3097.93,3097.93
3095.81,3097.91
3097.93,3097.93
3097.93,3108.96
3097.93,3097.93
3097.93,3097.93
3097.93,3097.93
3095.81,3097.91
3097.93,3097.93
3097.93,3097.93
3097.93,3097.93
3097.93,3098.15
3097.93,3098.46
3097.93,3102.42
3097.93,3106.03
3097.93,3097.93
3097.93,3098.15
3097.93,3097.93
3097.93,3097.93
3097.93,3098.79
3097.93,3097.93
3097.93,3100.53
3097.93,3154.01
3095.81,3110.51
3097.93,3097.93
3095.81,3097.91
3097.93,3097.93
3097.93,3097.93
3097.93,3097.93
3097.93,3100.66
3097.93,3107.52
3097.93,3097.93
3095.81,3097.91
3097.93,3098.41
3097.93,3106.84
3097.93,3113.96
3097.93,3097.93
3097.93,3097.93
3097.93,3097.93
3097.93,3097.93
3097.93,3102.59
3095.81,3102.13
3097.93,3097.93
3097.93,3098.23
3097.93,3126.32
3097.93,3102.53
3097.93,3098.79
3095.81,3097.91
3097.93,3097.93
3097.93,3097.93
3097.93,3097.93
3097.93,3097.93
3097.93,3097.93
3097.93,3097.93
3095.81,3097.91
3097.93,3097.93
3095.81,3097.91
3097.93,3097.93
3097.93,3097.93
3097.93,3097.93
3097.93,3097.93
3097.93,3097.93
3097.93,3102.62
3097.93,3097.93
3097.93,3114.76
3097.93,3097.93
3097.93,3097.93
3097.93,3097.93
3097.93,3097.93
3097.93,3097.93
3097.93,3099.24
3097.93,3100.61
3097.93,3097.93
3097.93,3097.93
3097.93,3097.93
3097.93,3097.93
3097.93,3097.93
3097.93,3097.93
3097.93,3097.93
3097.93,3097.93
3097.93,3097.93
3097.93,3098.98
3097.93,3097.93
3097.93,3097.93
3097.93,3109.59
3097.93,3110.54
3097.93,3104.95
3095.81,3097.91
3097.93,3097.93
3097.93,3097.93
3097.93,3097.93
3095.81,3097.91
3097.93,3097.93
3097.93,3097.93
3097.93,3102.79
3001.57,3096.96
3097.93,3097.93
3097.93,3097.94
3097.93,3097.93
3097.93,3099.41
3097.93,3097.93
3097.93,3097.93
3097.93,3097.93
3097.93,3098.7
3097.93,3097.93
3097.93,3097.93
3097.93,3098.01
3097.93,3099.23
3097.93,3111.39
3097.93,3097.93
3097.93,3107.66
3095.81,3101.39
3097.93,3097.93
3097.93,3103.24
3097.93,3097.93
3097.93,3097.93
3097.93,3097.93
3097.93,3097.93
3001.57,3097.09
3097.93,3097.93
3097.93,3097.93
3097.93,3097.93
3097.93,3111.74
3097.93,3101.07
3097.93,3097.93
3097.93,3097.93
3097.93,3097.93
3095.81,3097.91
3097.93,3097.93
3097.93,3104.85
3097.93,3097.93
3097.93,3098.47
3097.93,3097.93
3097.93,3097.93
3097.93,3103.23
3097.93,3097.93
3097.93,3097.93
3097.93,3110.56
3097.93,3101.84
3097.93,3097.93
3097.93,3102.45
3097.93,3099.92
3097.93,3097.93
3097.93,3097.93
3097.93,3097.93
3097.93,3098.23
3097.93,3097.93
3097.93,3099.35
3095.81,3104.46
3097.93,3098.63
3097.93,3097.93
3097.93,3097.93
3097.93,3097.93
3097.93,3097.93
3097.93,3097.93
3097.93,3099.49
3097.93,3097.93
3097.93,3097.93
3097.93,3097.93
3097.93,3097.93
3097.93,3099.14
3097.93,3097.93
3097.93,3097.93
3097.93,3097.93
3097.93,3097.93
3097.93,3097.93
3097.93,3174.58
3097.93,3106.72
3097.93,3097.93
3097.93,3097.93
3097.93,3097.93
3097.93,3097.93
3097.93,3097.93
3097.93,3097.93
3097.93,3100.37
3097.93,3097.93
3097.93,3098.3
3097.93,3098.04
3097.93,3097.93
3097.93,3097.93
3097.93,3098.04
3097.93,3097.93
3097.93,3097.94
3001.57,3096.96
3097.93,3099.9
3097.93,3097.93
3097.93,3103.77
3097.93,3097.93
3097.93,3097.93
3097.93,3097.93
3097.93,3097.93
3097.93,3098.2
3097.93,3097.93
3097.93,3097.93
3097.93,3106.62
3097.93,3097.93
3097.93,3097.93
3097.93,3101.46
3097.93,3097.93
3097.93,3100.94
3097.93,3097.93
3097.93,3097.93
3097.93,3097.93
3097.93,3098.04
3097.93,3107.6
3097.93,3098.04
3097.93,3097.93
3097.93,3100.74
3095.81,3132.04
3097.93,3098.04
3097.93,3097.93
3097.93,3097.93
3097.93,3097.93
3095.81,3097.91
3097.93,3127.49
3097.93,3097.93
3097.93,3097.93
3097.93,3113.3
3097.93,3097.93
3097.93,3097.93
3097.93,3097.93
3097.93,3097.93
3097.93,3097.93
3097.93,3097.93
3097.93,3097.93
3097.93,3100.32
3097.93,3097.93
3097.93,3097.93
3097.93,3098.78
3097.93,3097.93
3097.93,3097.93
3097.93,3097.93
3097.93,3097.93
3097.93,3098.14
3097.93,3097.93
3097.93,3097.93
3097.93,3097.93
3095.81,3097.91
3097.93,3098.01
3097.93,3097.93
3097.93,3097.93
3097.93,3097.93
3097.93,3101.04
3097.93,3097.93
3097.93,3097.93
3095.81,3097.91
3097.93,3097.93
3097.93,3097.93
3095.81,3097.91
3097.93,3097.93
3097.93,3097.93
3097.93,3102.71
3097.93,3097.93
3097.93,3097.93
3097.93,3097.93
3097.93,3097.93
3097.93,3097.93
3095.81,3099.43
3097.93,3101.06
3097.93,3097.93
3097.93,3100.76
3097.93,3097.93
3097.93,3110.8
3097.93,3097.93
3095.81,3106.25
3097.93,3097.93
3097.93,3097.93
3097.93,3097.93
3097.93,3097.93
3095.81,3098.1
3097.93,3105.81
3097.93,3098.32
3097.93,3097.93
3097.93,3101.1
3097.93,3097.93
3097.93,3097.93
3097.93,3097.93
3097.93,3105.13
3097.93,3097.93
3097.93,3097.93
3097.93,3097.93
3097.93,3097.93
3097.93,3122.2
3097.93,3097.93
3097.93,3097.93
3095.81,3097.91
3097.93,3097.93
3097.93,3097.93
3097.93,3097.93
3097.93,3097.93
3097.93,3097.93
3097.93,3098.27
3097.93,3097.93
3097.93,3097.93
3097.93,3097.93
3097.93,3097.93
3097.93,3097.93
3097.93,3097.93
3097.93,3101.49
3097.93,3097.93
3097.93,3097.93
3097.93,3097.93
3097.93,3098.32
3097.93,3097.93
3097.93,3097.93
3097.93,3097.94
3097.93,3097.93
3095.81,3097.91
3097.93,3097.93
3097.93,3098.73
3097.93,3098.85
3097.93,3097.93
3097.93,3097.93
3097.93,3097.93
3097.93,3101.34
3095.81,3097.91
3097.93,3097.93
3097.93,3107.83
3097.93,3102.63
3097.93,3097.93
3001.57,3096.96
3097.93,3097.93
3097.93,3097.93
3097.93,3097.93
3097.93,3103.11
3097.93,3099.67
3097.93,3097.93
3097.93,3098.66
3097.93,3097.93
3097.93,3097.93
3095.81,3097.91
3097.93,3099.73
3097.93,3103.18
3097.93,3097.93
3097.93,3097.93
3097.93,3097.93
3097.93,3097.93
3097.93,3097.93
3097.93,3097.93
3095.81,3097.91
3097.93,3098.53
3097.93,3097.93
3097.93,3097.93
3097.93,3097.93
3097.93,3097.93
3097.93,3097.93
3097.93,3098.01
3097.93,3097.93
3097.93,3103.24
3097.93,3097.93
3097.93,3097.93
3097.93,3097.93
3097.93,3097.93
3097.93,3102.39
3097.93,3097.93
3097.93,3097.93
3097.93,3097.93
3097.93,3102.71
3097.93,3097.93
3097.93,3101.61
3097.93,3097.93
3097.93,3098.04
3097.93,3098.04
3097.93,3097.93
3097.93,3097.93
3097.93,3097.93
3097.93,3097.93
3097.93,3097.93
3097.93,3097.93
3097.93,3097.93
3097.93,3097.93
3097.93,3097.93
3097.93,3109.47
3097.93,3097.93
3097.93,3097.93
3097.93,3131.96
3097.93,3097.93
3097.93,3097.93
3097.93,3097.93
3097.93,3097.93
3097.93,3097.93
3097.93,3100.36
3097.93,3097.93
3097.93,3097.93
3097.93,3097.93
3097.93,3097.93
3097.93,3097.93
3097.93,3097.93
3097.93,3097.93
3097.93,3097.93
3097.93,3097.93
3097.93,3104.1
3097.93,3097.93
3097.93,3100.19
3097.93,3097.93
3097.93,3097.93
3097.93,3097.93
3097.93,3110.89
3097.93,3097.93
3097.93,3097.93
3097.93,3097.93
3097.93,3097.93
3097.93,3097.93
3097.93,3098.12
3095.81,3097.91
3097.93,3097.93
3097.93,3104.4
3097.93,3097.93
3097.93,3097.93
3097.93,3097.93
3097.93,3097.93
3097.93,3112.38
3095.81,3097.91
3097.93,3097.93
3097.93,3097.93
3097.93,3097.93
3097.93,3097.93
3097.93,3099.91
3097.93,3097.93
3097.93,3097.93
3097.93,3111.88
3097.93,3098.04
3097.93,3097.93
3097.93,3097.93
3095.81,3106.13
3097.93,3097.93
3097.93,3097.93
3097.93,3097.93
3097.93,3113.78
3097.93,3097.93
3097.93,3097.93
3097.93,3097.93
3097.93,3097.93
3097.93,3097.93
3097.93,3097.93
3097.93,3097.93
3097.93,3097.93
3097.93,3097.93
3097.93,3135.59
3001.57,3096.96
3097.93,3102.82
3097.93,3097.93
3095.81,3097.91
3097.93,3097.93
3097.93,3097.93
3097.93,3097.93
3097.93,3097.93
3097.93,3097.93
3095.81,3097.99
3097.93,3097.93
3097.93,3097.93
3097.93,3115.39
3097.93,3097.93
3095.81,3101.95
3097.93,3099.22
3097.93,3098.04
3097.93,3101.99
3097.93,3097.93
3097.93,3110.73
3097.93,3098.39
3097.93,3097.93
3097.93,3101.31
3097.93,3098.46
3097.93,3097.93
3097.93,3097.93
3097.93,3097.93
3097.93,3122.54
3097.93,3097.93
3097.93,3097.93
3097.93,3104.93
3097.93,3102.32
3097.93,3097.93
3097.93,3097.93
3097.93,3097.93
3095.81,3105.17
3097.93,3105.81
3097.93,3097.93
3097.93,3097.93
3097.93,3097.93
3097.93,3097.93
3097.93,3097.93
3097.93,3097.93
3097.93,3097.93
3097.93,3101.59
3095.81,3103.83
3097.93,3097.93
3097.93,3097.93
3097.93,3097.93
3097.93,3105.47
3097.93,3097.93
3097.93,3099.93
3097.93,3111.23
3097.93,3097.93
3097.93,3097.93
3097.93,3098.28
3097.93,3097.93
3001.57,3108.8
3097.93,3097.93
3097.93,3099.17
3097.93,3097.93
3095.81,3097.91
3097.93,3098.26
3097.93,3097.94
3097.93,3097.93
3097.93,3126.26
3097.93,3099.62
3097.93,3098.01
3097.93,3097.93
3097.93,3097.93
3097.93,3097.93
3097.93,3097.93
3097.93,3097.93
3097.93,3097.93
3097.93,3097.93
3097.93,3097.93
3097.93,3097.93
3097.93,3102.62
3097.93,3116.2
3097.93,3099.19
3097.93,3097.93
3097.93,3097.93
3097.93,3097.93
3097.93,3097.93
3097.93,3097.93
3097.93,3097.93
3097.93,3097.93
3097.93,3097.93
3097.93,3100.24
3097.93,3097.93
3097.93,3097.93
3097.93,3112.97
3097.93,3097.93
3097.93,3097.93
3097.93,3097.93
3097.93,3097.93
3097.93,3098.04
3097.93,3097.93
3097.93,3098.48
3097.93,3097.93
3097.93,3097.93
3097.93,3097.93
3097.93,3097.93
3097.93,3097.93
3097.93,3097.93
3097.93,3097.93
3097.93,3097.93
3097.93,3100.6
3097.93,3097.93
3097.93,3098.38
3097.93,3097.93
3097.93,3097.93
3097.93,3097.93
3097.93,3097.93
3097.93,3097.93
3097.93,3111.6
3097.93,3097.93
3097.93,3097.93
3097.93,3097.93
3097.93,3098.01
3097.93,3097.93
3097.93,3097.93
3097.93,3097.93
3097.93,3097.93
3097.93,3097.93
3097.93,3101.55
3097.93,3097.93
3097.93,3112.65
3097.93,3100.48
3097.93,3097.93
3097.93,3097.93
3097.93,3097.93
3097.93,3097.93
3097.93,3103.19
3097.93,3104.94
3097.93,3097.93
3097.93,3097.93
3097.93,3097.93
3097.93,3097.93
3097.93,3097.93
3097.93,3097.93
3097.93,3097.93
3001.57,3097.53
3097.93,3097.93
3097.93,3102.75
3097.93,3097.93
3097.93,3097.93
3097.93,3097.93
3097.93,3097.93
3097.93,3117.83
3097.93,3098.59
3095.81,3102.12
3097.93,3097.93
3097.93,3119.19
3097.93,3097.93
3097.93,3097.93
3097.93,3111.73
3097.93,3098.16
3097.93,3097.93
3097.93,3116.75
3097.93,3114.25
3097.93,3097.93
3097.93,3097.93
3097.93,3098.45
3097.93,3097.93
3097.93,3097.93
3097.93,3097.93
3097.93,3097.93
3097.93,3130.49
3097.93,3097.93
3097.93,3097.93
3097.93,3097.93
3097.93,3097.93
3097.93,3097.93
3097.93,3098.01
3097.93,3097.93
3097.93,3097.93
3095.81,3097.91
3097.93,3098.47
3097.93,3097.93
3097.93,3098.49
3097.93,3097.93
3097.93,3098.15
3097.93,3097.93
3097.93,3099.52
3097.93,3120.91
3097.93,3097.93
3097.93,3097.93
3097.93,3098.85
3097.93,3097.93
3095.81,3097.91
3097.93,3097.93
3097.93,3103.28
3097.93,3097.93
3097.93,3099.79
3097.93,3097.93
3097.93,3097.93
3097.93,3097.93
3097.93,3097.93
3097.93,3097.93
3097.93,3097.93
3097.93,3097.93
3097.93,3097.93
3097.93,3097.93
3097.93,3099.6
3097.93,3097.93
3097.93,3097.93
3097.93,3107.33
3097.93,3098.44
3097.93,3097.93
3097.93,3097.93
3097.93,3112.14
3097.93,3100.71
3097.93,3098.24
3097.93,3097.93
3097.93,3100.96
3097.93,3103.21
3097.93,3097.93
3097.93,3097.93
3097.93,3097.93
3097.93,3097.93
3097.93,3097.93
3097.93,3097.93
3097.93,3108.97
3097.93,3097.93
3097.93,3097.93
3097.93,3101.76
3097.93,3097.93
3097.93,3097.93
3097.93,3097.93
3097.93,3107.33
3097.93,3097.93
3095.81,3097.91
3097.93,3125.42
3097.93,3098.13
3097.93,3097.93
3097.93,3111.15
3097.93,3097.93
3097.93,3097.93
3097.93,3097.93
3097.93,3097.93
3097.93,3097.93
3097.93,3097.93
3097.93,3104.8
3097.93,3102.38
3097.93,3097.93
3097.93,3097.93
3097.93,3097.93
3097.93,3099.85
3097.93,3111.88
3097.93,3097.93
3095.81,3097.91
3097.93,3097.93
3095.81,3097.91
3097.93,3097.93
3095.81,3099.24
3001.57,3096.94
3095.81,3097.17
3095.81,3112.39
3095.81,3095.81
3095.81,3095.81
3095.81,3095.81
3095.81,3095.81
3095.81,3095.81
2999.46,3093.89
2999.46,3102.44
2999.46,3002.39
2999.46,2999.46
2999.46,3001.35
2999.46,3001.01
2999.46,2999.46
2999.46,2999.46
2999.46,2999.46
2999.46,2999.46
2999.46,2999.91
2999.46,3000.15
2999.46,3000.92
2999.46,2999.8
2999.46,3001.35
2999.46,2999.46
2999.46,2999.46
2999.46,3000.49
2999.46,2999.46
2999.46,2999.97
2999.46,2999.46
2999.46,2999.46
2999.46,2999.46
2999.46,2999.46
2999.46,2999.46
2999.46,2999.59
2999.46,2999.46
2999.46,3000.83
2999.46,2999.46
2999.46,3000.38
2999.46,2999.46
2999.46,3001.31
2999.46,3000.66
2999.46,2999.46
2999.46,2999.46
2999.46,2999.46
2999.46,3000.15
2999.46,2999.46
2999.46,3000.45
2999.46,2999.46
2999.46,3000.15
2999.46,2999.46
2999.46,2999.46
2999.46,2999.46
2999.46,2999.46
2999.46,2999.46
2999.46,3000.32
2999.46,2999.46
2999.46,2999.46
2999.46,3000.63
2999.46,2999.46
2999.46,3000.43
2999.46,3001.52
2999.46,3002.04
2999.46,2999.46
2999.46,3002.29
2999.46,2999.8
2999.46,2999.46
2999.46,3001.12
2999.46,3000.14
2999.46,2999.46
2999.46,3001.18
2999.46,3000.32
2999.46,2999.46
2999.46,2999.46
2999.46,3000.32
2999.46,2999.46
2999.46,2999.46
2999.46,2999.46
2999.46,3000.01
2999.46,2999.46
2999.46,2999.46
2999.46,2999.46
2999.46,2999.46
2999.46,3001.87
2999.46,2999.46
2999.46,2999.46
2999.46,2999.46
2999.46,3001.33
2999.46,2999.46
2999.46,3000.29
2999.46,2999.46
2999.46,2999.46
2999.46,2999.46
2999.46,3001.52
2999.46,2999.46
2999.46,2999.46
2999.46,2999.46
2999.46,2999.63
2999.46,3001.81
2999.46,2999.46
2999.46,2999.46
2999.46,2999.46
2999.46,2999.46
2999.46,2999.46
2999.46,2999.46
2999.46,2999.46
2999.46,2999.46
2999.46,3000.49
2999.46,2999.46
2999.46,2999.46
2999.46,3000.66
2999.46,2999.46
2999.46,2999.46
2999.46,2999.46
2999.46,2999.46
2999.46,2999.46
2999.46,2999.97
2999.46,2999.46
2999.46,2999.46
2999.46,2999.46
2999.46,2999.46
2999.46,2999.46
2999.46,2999.46
2999.46,2999.46
2999.46,2999.46
2999.46,3000.8
2999.46,2999.46
2999.46,2999.46
2999.46,2999.46
2999.46,2999.46
2999.46,3000.97
2999.46,2999.46
2999.46,2999.96
2999.46,2999.46
2999.46,2999.46
2999.46,2999.46
2999.46,3000.95
2999.46,2999.46
2999.46,2999.46
2999.46,2999.63
2999.46,3002.21
2999.46,3001.18
2999.46,2999.46
2999.46,2999.46
2999.46,3002.13
2999.46,2999.46
2999.46,2999.46
2999.46,2999.46
2999.46,2999.97
2999.46,2999.46
2999.46,3001.18
2999.46,2999.46
2999.46,2999.46
2999.46,2999.46
2999.46,2999.46
2999.46,2999.46
2999.46,3001.18
2999.46,2999.46
2999.46,2999.46
2999.46,2999.46
2999.46,2999.46
2999.46,2999.46
2999.46,2999.46
2999.46,2999.46
2999.46,2999.8
2999.46,2999.46
2999.46,2999.46
2999.46,2999.46
2999.46,2999.46
2999.46,2999.46
2999.46,3000.32
2999.46,2999.48
2999.46,2999.46
2999.46,3001.18
2999.46,2999.46
2999.46,2999.46
2999.46,2999.46
2999.46,2999.76
2999.46,2999.8
2999.46,2999.63
2999.46,3001.35
2999.46,2999.46
2999.46,2999.46
2999.46,2999.46
2999.46,2999.46
2999.46,2999.46
2999.46,2999.46
2999.46,2999.94
2999.46,3000.15
2999.46,2999.46
2999.46,2999.46
2999.46,2999.46
2999.46,2999.46
2999.46,2999.46
2999.46,2999.46
2999.46,2999.46
2999.46,2999.46
2999.46,3000.65
2999.46,2999.8
2999.46,2999.46
2999.46,2999.76
2999.46,2999.46
2999.46,2999.46
2999.46,2999.46
2999.46,2999.46
2999.46,2999.46
2999.46,2999.46
2999.46,2999.46
2999.46,3000.15
2999.46,3000.46
2999.46,3006.54
2999.46,2999.46
2999.46,3000.62
2999.46,2999.46
2999.46,3000.66
2999.46,3000.14
2999.46,2999.46
2999.46,2999.46
2999.46,3000.83
2999.46,2999.63
2999.46,2999.46
2999.46,2999.46
2999.46,2999.46
2999.46,2999.97
2999.46,2999.46
2999.46,2999.46
2999.46,3001.72
2999.46,2999.46
2999.46,2999.46
2999.46,2999.46
2999.46,2999.46
2999.46,2999.46
2999.46,2999.95
2999.46,2999.46
2999.46,2999.46
2999.46,2999.46
2999.46,3000.3
2999.46,2999.71
2999.46,3000.92
2999.46,3000.34
2999.46,2999.46
2999.46,2999.46
2999.46,3000.51
2999.46,2999.46
2999.46,2999.46
2999.46,2999.46
2999.46,2999.46
2999.46,3000.83
2999.46,2999.46
2999.46,2999.46
2999.46,3002.04
2999.46,2999.46
2999.46,2999.46
2999.46,2999.63
2999.46,2999.46
2999.46,2999.46
2999.46,2999.46
2999.46,2999.46
2999.46,2999.46
2999.46,2999.46
2999.46,2999.46
2999.46,3001.35
2999.46,3000.83
2999.46,2999.46
2999.46,2999.46
2999.46,2999.46
2999.46,2999.46
2999.46,2999.46
2999.46,2999.46
2999.46,2999.46
2999.46,2999.46
2999.46,3000.15
2999.46,2999.46
2999.46,2999.46
2999.46,3000.66
2999.46,3000.1
2999.46,2999.46
2999.46,2999.46
2999.46,2999.46
2999.46,2999.46
2999.46,3001.67
2999.46,2999.46
2999.46,2999.46
2999.46,2999.46
2999.46,2999.46
2999.46,2999.46
2999.46,2999.46
2999.46,2999.46
2999.46,2999.46
2999.46,2999.46
2999.46,2999.46
2999.46,2999.46
2999.46,3001.18
2999.46,2999.46
2999.46,2999.46
2999.46,2999.46
2999.46,2999.46
2999.46,3000.54
2999.46,3000.15
2999.46,2999.46
2999.46,2999.46
2999.46,2999.46
2999.46,2999.46
2999.46,2999.97
2999.46,2999.46
2999.46,3001.35
2999.46,2999.63
2999.46,2999.77
2999.46,2999.63
2999.46,2999.46
2999.46,2999.46
2999.46,2999.46
2999.46,2999.46
2999.46,2999.46
2999.46,2999.46
2999.46,3002.73
2999.46,2999.46
2999.46,2999.46
2999.46,3001.01
2999.46,2999.46
2999.46,3000.81
2999.46,2999.46
2999.46,2999.74
2999.46,2999.46
2999.46,2999.46
2999.46,2999.46
2999.46,3000.83
2999.46,2999.46
2999.46,2999.97
2999.46,2999.46
2999.46,3000.32
2999.46,2999.46
2999.46,2999.46
2999.46,2999.46
2999.46,2999.46
2999.46,2999.46
2999.46,2999.46
2999.46,2999.46
2999.46,2999.46
2999.46,2999.46
2999.46,2999.46
2999.46,2999.46
2999.46,2999.46
2999.46,2999.46
2999.46,2999.46
2999.46,2999.46
2999.46,2999.93
2999.46,2999.78
2999.46,2999.46
2999.46,2999.46
2999.46,2999.63
2999.46,3000.83
2999.46,2999.46
2999.46,3000.28
2999.46,2999.46
2999.46,2999.93
2999.46,3001.16
2999.46,2999.46
2999.46,2999.46
2999.46,2999.46
2999.46,2999.46
2999.46,3000.32
2999.46,2999.46
2999.46,3000.15
2999.46,2999.46
2999.46,2999.97
2999.46,2999.46
2999.46,3000.96
2999.46,2999.46
2999.46,2999.8
2999.46,3000.49
2999.46,2999.46
2999.46,2999.46
2999.46,2999.46
2999.46,2999.63
2999.46,2999.46
2999.46,2999.46
2999.46,3000.83
2999.46,2999.46
2999.46,2999.46
2999.46,2999.46
2999.46,2999.46
2999.46,2999.46
2999.46,2999.46
2999.46,2999.93
2999.46,2999.46
2999.46,2999.46
2999.46,2999.46
2999.46,2999.93
2999.46,2999.72
2999.46,2999.46
2999.46,2999.46
2999.46,2999.46
2999.46,2999.46
2999.46,2999.46
2999.46,2999.46
2999.46,2999.46
2999.46,2999.46
2999.46,3001.75
2999.46,2999.97
2999.46,2999.46
2999.46,2999.46
2999.46,2999.46
2999.46,2999.46
2999.46,3000.45
2999.46,2999.46
2999.46,2999.46
2999.46,2999.46
2999.46,3000.83
2999.46,2999.46
2999.46,2999.46
2999.46,2999.46
2999.46,2999.97
2999.46,2999.46
2999.46,2999.46
2999.46,2999.46
2999.46,3000.12
2999.46,2999.46
2999.46,3000.83
2999.46,2999.46
2999.46,3000.15
2999.46,2999.46
2999.46,2999.97
2999.46,2999.46
2999.46,2999.46
2999.46,2999.46
2999.46,2999.46
2999.46,3000.66
2999.46,2999.46
2999.46,2999.46
2999.46,2999.46
2999.46,2999.46
2999.46,2999.97
2999.46,2999.8
2999.46,3000.06
2999.46,2999.46
2999.46,2999.46
2999.46,2999.46
2999.46,2999.46
2999.46,3001.85
2999.46,2999.46
2999.46,2999.46
2999.46,2999.46
2999.46,2999.46
2999.46,2999.46
2999.46,2999.46
2999.46,3001.48
2999.46,2999.46
2999.46,2999.46
2999.46,2999.46
2999.46,2999.46
2999.46,2999.46
2999.46,2999.46
2999.46,2999.46
2999.46,3002.04
2999.46,2999.46
2999.46,2999.46
2999.46,3000.62
2999.46,2999.46
2999.46,3000.77
2999.46,3000.62
2999.46,2999.46
2999.46,2999.46
2999.46,2999.46
2999.46,3000.45
2999.46,2999.97
2999.46,2999.76
2999.46,2999.46
2999.46,2999.61
2999.46,2999.46
2999.46,2999.46
2999.46,3001.12
2999.46,2999.46
2999.46,2999.46
2999.46,3001.01
2999.46,2999.8
2999.46,2999.8
2999.46,2999.46
2999.46,2999.8
2999.46,2999.46
2999.46,2999.46
2999.46,2999.46
2999.46,2999.46
2999.46,2999.46
2999.46,2999.46
2999.46,2999.63
2999.46,2999.46
2999.46,2999.46
2999.46,2999.99
2999.46,3001.7
2999.46,2999.46
2999.46,2999.46
2999.46,3003.42
2999.46,2999.46
2999.46,2999.46
2999.46,2999.46
2999.46,2999.46
2999.46,2999.46
2999.46,2999.46
2999.46,2999.46
2999.46,2999.97
2999.46,3000.17
2999.46,3000.12
2999.46,2999.46
2999.46,2999.46
2999.46,2999.46
2999.46,3000.1
2999.46,2999.46
2999.46,2999.46
2999.46,2999.46
2999.46,2999.46
2999.46,2999.46
2999.46,2999.46
2999.46,2999.46
2999.46,2999.46
2999.46,2999.46
2999.46,2999.46
2999.46,3000.9
2999.46,2999.46
2999.46,2999.46
2999.46,2999.46
2999.46,2999.46
2999.46,2999.46
2999.46,2999.46
2999.46,2999.46
2999.46,2999.46
2999.46,2999.46
2999.46,2999.46
2999.46,3000.26
2999.46,2999.46
2999.46,2999.46
2999.46,2999.46
2999.46,3001.01
2999.46,3000.49
2999.46,2999.46
2999.46,3000.6
2999.46,3001.18
2999.46,2999.46
2999.46,2999.46
2999.46,3002.7
2999.46,2999.46
2999.46,2999.46
2999.46,2999.46
2999.46,2999.46
2999.46,2999.46
2999.46,2999.46
2999.46,2999.46
2999.46,2999.46
2999.46,3000.12
2999.46,2999.46
2999.46,2999.46
2999.46,2999.46
2999.46,2999.46
2999.46,2999.99
2999.46,3001.01
2999.46,2999.46
2999.46,2999.78
2999.46,2999.46
2999.46,2999.46
2999.46,2999.46
2999.46,2999.46
2999.46,3000.83
2999.46,2999.46
2999.46,2999.46
2999.46,2999.46
2999.46,2999.46
2999.46,2999.46
2999.46,2999.46
2999.46,2999.46
2999.46,2999.46
2999.46,2999.46
2999.46,2999.46
2999.46,2999.63
2999.46,2999.46
2999.46,2999.46
2999.46,2999.46
2999.46,2999.46
2999.46,2999.46
2999.46,2999.46
2999.46,2999.46
2999.46,2999.46
2999.46,2999.8
2999.46,3000.78
2999.46,2999.46
2999.46,2999.46
2999.46,2999.46
2999.46,2999.46
2999.46,2999.46
2999.46,2999.46
2999.46,2999.76
2999.46,2999.46
2999.46,3000.32
2999.46,2999.46
2999.46,2999.46
2999.46,2999.46
2999.46,2999.46
2999.46,2999.46
2999.46,2999.46
2999.46,2999.46
2999.46,2999.46
2999.46,3000.32
2999.46,2999.46
2999.46,2999.46
2999.46,2999.46
2999.46,2999.46
2999.46,2999.63
2999.46,2999.46
2999.46,2999.46
2999.46,2999.46
2999.46,3001.11
2999.46,2999.46
2999.46,2999.46
2999.46,2999.46
2999.46,2999.46
2999.46,3002.04
2999.46,2999.46
2999.46,2999.8
2999.46,2999.46
2999.46,2999.46
2999.46,2999.46
2999.46,3000.1
2999.46,3001.01
2999.46,2999.76
2999.46,2999.46
2999.46,3002.35
2999.46,2999.46
2999.46,2999.46
2999.46,3000.49
2999.46,2999.46
2999.46,2999.46
2999.46,3001.01
2999.46,2999.46
2999.46,2999.46
2999.46,2999.46
2999.46,2999.46
2999.46,2999.46
2999.46,2999.46
2999.46,2999.63
2999.46,2999.46
2999.46,2999.46
2999.46,2999.46
2999.46,3000.66
2999.46,2999.46
2999.46,2999.46
2999.46,3000.32
2999.46,2999.46
2999.46,2999.46
2999.46,2999.46
2999.46,2999.46
2999.46,2999.46
2999.46,2999.46
2999.46,2999.46
2999.46,3000.49
2999.46,2999.46
2999.46,2999.46
2999.46,3000.15
2999.46,2999.97
2999.46,2999.46
2999.46,2999.97
2999.46,2999.46
2999.46,2999.46
2999.46,2999.46
2999.46,2999.46
2999.46,3000.79
2999.46,2999.46
2999.46,2999.46
2999.46,2999.97
2999.46,2999.97
2999.46,2999.46
2999.46,3001.87
2999.46,2999.46
2999.46,2999.46
2999.46,3000.8
2999.46,2999.46
2999.46,3001.01
2999.46,2999.46
2999.46,3000.32
2999.46,2999.46
2999.46,2999.46
2999.46,3001.59
2999.46,2999.46
2999.46,2999.46
2999.46,2999.46
2999.46,2999.46
2999.46,2999.46
2999.46,2999.46
2999.46,2999.46
2999.46,2999.46
2999.46,3000.63
2999.46,2999.97
2999.46,2999.46
2999.46,2999.46
2999.46,3003.37
2999.46,2999.46
2999.46,2999.46
2999.46,3000.82
2999.46,2999.46
2999.46,2999.46
2999.46,2999.99
2999.46,2999.46
2999.46,2999.46
2999.46,2999.46
2999.46,3000.49
2999.46,2999.46
2999.46,2999.46
2999.46,2999.46
2999.46,3000.66
2999.46,2999.63
2999.46,2999.46
2999.46,2999.46
2999.46,2999.8
2999.46,2999.46
2999.46,2999.46
2999.46,2999.63
2999.46,2999.46
2999.46,2999.46
2999.46,2999.46
2999.46,2999.46
2999.46,2999.46
2999.46,2999.46
2999.46,2999.46
2999.46,2999.46
2999.46,2999.46
2999.46,3000.49
2999.46,3000.96
2999.46,2999.97
2999.46,2999.46
2999.46,3001.01
2999.46,3002.35
2999.46,2999.46
2999.46,2999.46
2999.46,2999.46
2999.46,3000.17
2999.46,2999.46
2999.46,2999.46
2999.46,2999.46
