449.656,488.111
438.235,456.416
400.968,441.428
412.03,430.118
395.088,414.391
379.809,399.572
375.605,387.931
367.678,378.354
361.595,370.943
359.53,366.765
346.033,362.667
347.53,356.421
343.577,350.659
335.384,347.209
336.995,342.12
331.663,339.586
328.66,335.16
324.534,331.921
321.892,327.994
318.241,324.801
310.833,321.711
306.416,317.963
307.68,313.274
303.309,309.615
296.868,307.586
296.541,302.699
291.494,299.204
286.48,295.486
284.7,293.058
282.615,289.516
274.894,286.157
278.503,283.554
275.182,280.739
276.257,279.984
272.798,280.22
264.958,278.722
263.333,276.556
257.131,269.059
256.462,265.74
253.237,261.384
247.048,258.386
250.107,256.198
247.306,254.079
246.194,252.871
245.989,251.278
244.077,250.512
242.086,248.674
241.315,246.305
240.013,244.739
238.795,244.439
238.29,243.689
237.56,241.426
237.1,240.954
236.003,240.443
232.644,239.889
233.831,240.147
232.297,239.904
230.795,236.58
230.733,235.127
230.283,234.345
229.357,233.334
229.581,233.02
229.137,232.942
228.306,232.094
228.146,231.874
226.567,232.096
225.029,232.514
226.423,231.127
223.597,228.514
223.903,227.9
224.177,229.003
222.738,225.404
222.452,224.879
222.733,224.947
222.392,223.463
221.287,223.832
220.141,223.187
218.109,223.462
218.17,222.434
216.022,220.465
210.454,218.878
215.457,218.288
214.064,217.909
214.238,218.852
210.229,217.796
212.542,216.511
211.884,214.964
211.838,214.919
212.118,215.351
211.633,214.835
211.517,214.245
210.671,213.395
207.564,212.477
204.974,212.183
205.128,210.475
202.878,208.169
202.876,205.897
200.283,204.536
198.491,205.693
198.168,203.91
195.401,201.845
195.702,199.784
193.41,198.129
193.118,197.841
193.044,197.016
193.795,196.847
193.887,195.943
193.396,194.717
192.877,195.36
192.785,195.608
193.365,195.149
193.307,194.377
192.35,193.812
191.207,194.732
192.346,194.572
191.795,194.315
191.488,194.066
191.304,193.213
190.869,193.546
190.979,192.939
190.357,192.317
190.165,192.228
190.121,194.879
189.244,194.209
188.991,192.481
188.517,192.28
188.66,192.927
188.538,191.484
188.122,189.573
186.517,189.715
187.22,189.625
186.538,189.636
186.708,189.046
186.708,187.805
186.583,187.384
186.529,187.037
186.077,187.086
186.158,187.844
185.676,187.435
184.262,186.977
184.362,186.725
183.197,186.229
178.362,185.425
181.877,185.212
183.354,185.269
178.064,185.143
182.771,185.805
182.875,186.17
182.45,184.911
182.78,183.721
182.599,183.633
180.851,184.082
181.3,183.822
181.579,184.359
181.485,183.263
181.569,183.107
180.134,182.118
179.876,181.805
176.16,181.85
178.637,181.309
177.491,180.019
176.684,180.717
176.876,180.268
176.996,178.697
173.45,179.002
176.517,177.698
176.48,178.215
176.141,178.1
176.517,178.241
175.195,177.916
175.624,177.254
173.041,176.677
173.322,176.377
173.902,177.264
174.847,177.204
174.268,176.714
172.592,175.781
169.367,175.624
172.249,175.584
171.26,175.074
170.288,173.721
171.551,173.518
169.156,173.619
171.18,174.446
170.733,173.657
170.733,173.575
168.957,173.982
165.24,173.505
169.88,172.145
168.066,171.398
164.35,171.568
165.363,169.084
163.792,168.51
165.363,168.395
163.503,166.182
164.458,165.641
165.238,167.049
165.238,167.573
165.141,167.315
165.212,166.877
164.867,166.573
164.918,167.066
164.118,166.026
164.126,165.955
161.255,165.838
162.679,165.571
161.871,165.089
162.29,164.655
161.844,163.503
161.857,162.708
160.021,163.339
161.611,162.897
159.311,164.229
161.034,163.484
161.219,164.347
159.728,164.255
161.219,163.525
158.251,163.599
161.014,164.13
157.407,165.177
161.014,163.038
160.844,162.953
160.02,162.258
160.926,162.441
160.552,162.151
157.319,162.09
156.59,161.836
160.235,162.103
160.235,162.504
160.018,162.171
158.269,161.774
158.717,161.582
158.717,161.188
158.717,159.841
158.469,160.153
158.49,160.098
157.82,160.207
158.449,159.291
158.49,160.375
158.49,160.443
158.218,159.522
157.143,159.247
157.693,159.731
157.284,159.98
157.735,159.164
156.261,158.198
157.01,158.134
156.796,159.191
156.253,158.74
156.874,158.883
155.223,159.26
154.057,158.228
154.229,157.481
153.153,155.956
153.681,156.44
153.703,157.806
153.099,155.7
153.46,155.583
153.292,155.496
152.094,154.707
152.795,154.822
152.486,155.006
151.315,155.579
151.152,155.734
147.558,154.135
150.227,153.332
150.485,153.157
146.893,152.787
149.067,151.333
149.166,152.497
149.503,153.718
148.321,153.466
149.536,152.897
148.675,151.354
148.17,151.124
149.066,150.731
148.431,150.929
148.868,149.896
148.314,150.803
148.135,150.723
148.493,150.336
146.385,150.143
147.718,149.806
147.64,148.882
146.956,149.65
147.342,149.084
146.797,148.519
147.42,148.283
145.578,149.41
145.72,148.712
144.721,148.999
145.905,149.948
146.318,148.522
146.312,147.677
145.665,146.966
144.982,147.921
143.835,148.767
144.828,147.762
144.828,147.736
142.935,147.353
144.206,146.592
143.623,146.135
143.673,146.248
141.112,145.37
142.492,145.544
142.399,145.672
142.492,143.966
142.492,144.84
141.828,144.694
140.953,144.762
142.379,143.969
142.133,143.843
142.379,143.715
142.179,143.696
142.144,144.777
140.35,144.577
140.053,143.87
140.142,141.786
139.396,142.297
140.267,141.556
140.267,141.447
140.267,141.882
139.903,141.861
140.267,142.235
140.267,140.902
139.922,141.19
140.148,141.578
140.06,142.393
140.083,142.188
139.761,142.585
139.203,142.319
139.911,142.097
139.958,140.964
139.958,141.063
139.958,141.809
138.42,142.303
139.833,141.543
139.904,142
139.904,142.379
138.365,141.295
139.106,141.877
139.811,141.582
138.249,142.171
139.504,140.986
139.504,140.835
137.505,140.329
138.979,141.087
138.979,140.528
138.979,141.01
137.867,140.292
136.409,139.705
138.979,140.262
138.979,141.698
138.647,141.052
138.149,140.714
138.699,140.594
138.45,140.051
138.699,139.635
137.131,139.56
138.484,139.548
137.421,140.75
137.645,140.38
137.132,140.187
137.645,139.468
136.756,139.368
136.487,139.104
136.767,138.334
136.391,138.743
136.537,139.344
136.537,138.695
136.205,137.449
136.537,138.657
136.537,138.336
136.537,138.532
136.537,138.388
136.49,137.553
135.171,137.315
136.433,136.978
134.176,138.457
136.433,138.099
135.562,138.179
136.153,138.328
133.345,138.276
136.023,137.124
136.153,137.229
136.153,137.62
135.981,137.682
136.139,138.517
136.151,138.15
135.768,139.099
135.768,139.187
135.768,139.349
133.878,137.958
134.626,138.099
135.117,137.747
135.493,138.099
134.456,136.791
135.328,137.296
134.943,137.168
135.435,136.762
135.456,137.834
135.162,138.212
135.484,136.909
135.479,137.733
135.484,137.3
135.484,136.97
135.484,137.239
135.296,136.855
134.731,136.677
134.971,137.168
134.971,137.306
134.971,136.774
134.448,137.779
134.914,136.843
134.914,136.37
134.663,137.712
134.783,137.48
134.783,137.041
134.15,135.991
134.783,136.109
134.492,136.396
134.783,137.308
134.409,135.692
134.783,135.887
134.41,136.024
134.182,136.455
134.783,136.104
134.735,136.339
134.203,135.372
134.783,136.015
134.783,135.578
134.783,137.477
134.371,136.52
134.783,135.943
134.626,136.36
134.783,136.341
134.584,137.018
134.611,137.266
134.489,137.041
134.551,137.461
134.551,135.956
134.495,136.053
128.793,135.649
128.793,135.971
128.608,135.99
128.923,134.193
128.923,131.633
128.923,130.856
128.923,130.95
128.209,129.764
128.923,129.914
128.923,130.635
128.923,131.176
128.923,130.634
128.573,130.813
127.959,129.78
128.158,129.543
128.158,130.182
127.908,130.331
127.745,128.975
128.008,130.619
127.653,131.24
127.708,131.17
127.932,130.881
127.932,130.526
127.932,131.758
127.932,129.937
127.733,129.244
127.932,129.297
127.932,129.427
127.629,129.282
127.932,130.11
127.932,129.577
127.932,129.431
127.932,129.889
127.713,129.457
127.853,129.566
127.713,129.111
125.74,129.623
127.616,129.315
127.913,129.531
127.913,128.807
127.714,131.083
127.709,129.668
127.182,128.807
127.813,129.613
127.753,129.2
127.813,129.542
127.813,130.484
127.187,130.076
127.393,129.964
127.813,129.769
127.666,129.653
127.773,130.121
127.773,130.058
127.773,129.975
127.773,129.898
127.773,130.486
127.773,130.482
126.763,129.248
127.382,129.913
126.769,129.381
127.382,130.225
127.235,128.553
126.372,128.731
126.875,129.85
126.836,128.777
126.818,129.593
126.818,128.472
126.818,128.444
124.928,128.441
126.818,129.429
126.818,128.319
126.193,129.602
126.818,129.331
126.799,129.592
126.617,129.691
126.818,129.467
126.737,129.395
126.818,128.437
126.818,127.993
126.818,130.208
126.491,128.926
126.818,129.824
126.814,128.159
126.818,127.547
126.535,128.278
126.693,129.152
126.693,128.446
126.693,127.964
126.693,128.215
126.693,128.722
126.474,128.321
126.627,127.014
126.627,129.706
125.234,128.703
126.318,129.54
126.318,127.736
126.174,126.991
124.965,127.424
126.049,127.665
125.973,128.658
126.049,127.47
126.049,128.885
126.049,129.014
126.049,127.695
124.89,127.188
125.933,127.554
125.468,128.302
125.64,126.901
125.712,127.697
124.984,128.425
125.64,130.171
125.492,128.787
125.64,127.137
125.396,127.082
125.64,127.027
125.64,126.123
125.303,126.947
125.513,128.426
125.513,128.288
125.513,127.369
125.513,127.326
125.461,127.123
125.513,126.139
125.513,127.914
125.513,127.357
125.513,126.683
125.513,127.503
125.513,127.42
125.513,128.026
124.354,127.159
125.513,128.354
125.261,127.694
125.513,126.487
124.27,127.532
124.16,127.585
125.468,127.664
125.468,127.713
124.531,128.535
125.11,127.873
125.468,127.069
125.468,126.962
125.2,128.634
125.467,127.473
125.467,127.708
124.674,127.162
125.32,126.582
125.409,128.665
124.917,128.499
124.09,127.798
123.217,128.635
123.185,128.098
123.274,126.174
123.274,126.084
123.274,126.295
123.161,127.257
123.274,125.754
123.167,125.069
123.15,124.364
123.274,125.385
122.938,124.701
122.865,124.159
123.091,127.151
123.235,127.123
122.815,125.314
123.235,125.512
122.637,125.86
122.93,126.806
122.823,125.331
122.93,126.637
122.93,126.08
122.809,124.805
122.754,125.961
122.878,126.321
122.878,125.642
122.878,124.658
122.878,123.526
122.878,123.739
122.878,124.007
122.867,124.004
122.717,123.748
122.503,123.332
122.61,123.506
122.61,123.343
122.61,123.692
117.478,125.161
122.61,124.641
122.348,124.285
122.61,123.794
122.61,123.57
122.61,124.365
122.61,123.729
122.444,123.559
122.503,123.759
122.61,123.694
121.128,124.695
122.61,123.303
122.61,123.357
122.61,123.755
122.61,124.624
122.379,124.068
122.568,123.351
122.61,123.42
122.283,123.674
122.61,123.357
122.61,123.182
122.558,123.216
122.61,123.594
122.61,123.879
121.971,124.77
122.61,124.556
122.61,124.312
122.209,123.633
121.997,124.039
122.61,124.163
122.61,123.801
122.61,124.318
122.568,124.127
122.61,123.848
122.61,125.261
122.61,123.075
122.61,123.509
121.673,123.999
122.131,123.416
122.131,123.466
121.723,123.347
122.131,123.433
121.195,123.461
122.024,123.893
121.882,123.116
121.911,124.036
121.911,123.866
121.802,123.329
121.911,123.151
121.911,122.378
121.911,122.518
121.911,123.042
121.911,122.874
121.825,122.509
121.911,123.094
121.911,122.848
121.911,122.905
121.278,122.792
121.278,123.33
121.278,122.184
121.278,122.018
121.278,122.081
121.278,122.558
121.278,122.606
120.341,122.345
120.994,122.461
121.278,122.31
121.278,121.886
121.278,123.039
121.278,122.584
120.866,122.843
121.117,121.871
120.956,123.128
121.191,123.444
121.191,123.067
121.067,122.335
120.819,122.654
121.191,121.362
121.149,121.717
121.082,122.109
121.191,122.666
121.191,122.491
119.89,121.861
121.107,121.525
119.784,122.183
121.043,121.725
121.191,122.3
120.777,122.688
121.191,122.714
120.641,122.158
121.191,121.636
121.191,121.824
121.191,122.764
120.267,122.877
120.955,123.661
120.737,122.804
120.737,123.049
119.265,123.002
120.737,121.785
120.218,122.344
120.452,122.263
120.469,121.012
120.737,122.018
120.141,122.967
120.737,121.492
120.676,121.081
120.737,121.226
120.41,122.385
120.469,121.157
119.813,121.854
120.53,121.389
120.5,121.457
120.478,121.564
120.53,121.68
120.4,121.046
120.53,121.194
120.53,121.037
119.895,121.21
120.364,121.135
120.364,120.882
120.364,120.871
120.364,120.828
119.768,121.324
120.364,121.411
120.364,121.225
120.364,121.382
120.364,120.601
120.364,121.375
120.364,121.421
120.364,121.399
120.364,121.533
120.364,121.372
119.91,121.97
120.364,122.585
120.324,122.053
120.364,121.138
120.239,121.326
120.324,121.094
120.149,121.21
119.685,121.33
120.009,122.222
119.523,121.066
119.595,122.213
119.595,122.576
119.5,122.274
119.205,120.63
119.267,121.666
119.267,119.826
119.267,119.783
119.267,120.044
119.267,120.571
119.267,120.106
119.267,120.182
119.267,120.534
118.794,120.529
119.267,122.386
118.858,119.792
118.654,120.04
119.265,119.599
119.265,120.915
119.137,120.474
118.81,119.734
119.265,119.514
119.089,119.802
119.117,119.985
119.118,119.731
118.989,120.481
118.9,120.025
117.652,120.167
118.999,121.344
118.999,121.368
117.792,121.942
117.533,120.474
117.992,119.12
117.992,119.265
117.992,118.884
117.311,118.87
117.992,118.919
117.311,118.191
117.656,118.712
117.992,119.486
117.992,118.826
117.992,119.664
117.042,118.443
117.254,118.421
117.072,118.387
117.311,119.398
116.837,118.076
117.311,117.962
117.311,118.024
116.361,118.848
117.311,119.013
117.09,118.79
116.789,119.432
116.387,118.236
117.079,117.674
117.079,117.315
117.079,117.473
117.049,117.371
117.079,117.901
117.079,117.844
117.079,117.68
117.079,117.615
117.079,117.9
117.079,118.544
116.903,118.615
117.079,118.129
117.079,118.064
117.079,118.939
117.079,118.781
117.079,118.317
117.079,118.576
116.606,118.259
116.931,118.537
117.013,118.964
116.557,118.796
116.58,118.989
116.58,118.88
116.58,117.995
116.58,117.859
116.58,117.372
116.58,117.263
115.942,117.715
116.58,117.237
116.003,117.28
115.723,117.061
116.026,117.214
115.522,118.16
115.522,118.592
114.679,117.176
115.187,117.082
115.522,117.556
115.522,115.954
115.522,116.566
115.466,117.697
115.522,116.179
115.522,118.098
115.522,116.813
115.522,117.844
115.522,117.441
114.909,116.652
115.522,116.727
114.573,116.259
115.522,118.077
115.522,116.41
115.522,116.672
115.522,116.595
115.522,116.845
115.522,116.852
115.273,116.38
115.378,116.829
115.39,116.44
115.513,116.082
115.513,116.698
115.513,117.049
115.513,116.776
115.513,116.131
115.513,116.003
115.395,116.513
115.513,116.617
115.513,116.271
115.491,115.899
115.513,116.222
115.513,116.578
115.513,117.368
115.292,117.301
114.9,117.469
115.513,118.625
115.513,116.718
115.333,116.382
115.513,116.755
115.513,116.689
115.452,117.539
115.285,116.614
115.381,116.243
115.513,116.076
115.513,115.953
115.333,117.471
115.395,116.438
115.513,116.555
114.884,116.533
115.513,116.224
115.513,116.17
115.513,116.648
115.204,117.369
115.513,117.125
115.513,116.506
114.564,116.533
115.513,117.522
115.379,116.177
115.513,116.551
115.513,116.73
115.513,116.257
115.513,117.459
115.513,116.68
115.23,117.777
115.513,117.194
115.473,116.331
115.513,118.286
115.513,117.104
115.513,115.921
115.513,116.267
115.23,115.922
115.471,115.969
114.997,115.933
115.471,115.947
115.29,115.798
115.471,115.879
115.471,117.473
115.339,116.309
115.471,115.87
115.25,115.743
115.29,115.734
114.811,116.18
115.29,115.762
115.29,116.068
115.29,116.679
115.29,116.231
115.29,116.737
115.29,116.237
115.052,116.172
115.257,117.008
115.2,117.899
114.948,116.756
115.257,116.474
114.414,116.044
114.948,116.79
114.948,116.441
114.948,115.948
114.553,116.458
114.912,116.342
114.912,115.716
114.715,116.643
114.129,116.557
114.77,115.372
114.77,115.358
114.77,115.741
114.77,115.311
114.713,115.709
113.972,115.741
114.291,116.348
114.291,116.147
114.291,114.861
114.291,115.463
114.291,115.125
113.923,115.044
114.291,115.36
114.291,115.8
114.291,114.922
114.229,115.958
114.291,115.662
114.291,115.211
114.291,115.982
114.211,115.238
114.291,115.177
114.291,114.98
114.291,115.906
113.939,116.617
114.229,115.895
113.667,114.719
114.291,114.479
114.291,114.756
113.492,114.61
114.291,114.517
114.291,115.751
114.102,115.102
114.28,114.702
114.291,115.102
114.291,114.643
114.291,114.758
114.291,114.77
114.291,114.886
114.291,114.888
114.291,115.17
114.291,114.988
114.189,114.596
113.896,116.392
114.291,115.875
114.291,115.328
114.291,114.717
114.291,114.871
113.76,114.844
114.291,115.923
114.291,117.006
113.981,115.344
114.291,115.689
114.291,115.58
114.291,116.932
114.291,115.981
114.291,116.029
114.291,115.407
113.939,115.209
113.492,115.685
114.291,115.991
114.291,115.661
114.291,115.948
114.291,114.548
114.291,114.883
114.291,115.053
114.291,115.031
114.291,115.505
114.233,115.85
114.229,114.775
114.291,114.868
114.291,114.593
114.291,114.852
114.291,115.14
114.189,115.876
113.65,115.135
113.662,114.798
113.778,114.854
113.778,114.489
113.778,114.373
113.778,115.635
113.778,114.962
113.154,114.659
113.778,114.316
113.778,114.383
113.778,114.268
113.778,115.503
113.778,114.75
113.778,114.054
113.778,115.572
113.778,114.908
113.692,114.916
113.778,115.61
113.746,114.819
113.58,114.343
113.746,114.777
113.746,114.453
113.746,114.67
113.746,114.455
113.746,115.402
113.746,115.386
113.746,114.794
113.133,114.323
113.746,114.394
113.746,114.607
113.746,115.114
113.645,115.393
112.948,115.07
113.549,114.907
113.743,114.194
113.743,114.901
113.743,114.22
113.743,114.493
113.743,115.395
113.743,114.627
113.743,115.188
113.743,114.756
113.119,114.885
113.743,114.238
113.743,114.109
113.743,114.679
113.743,114.901
113.033,114.918
113.663,114.95
113.033,113.963
113.743,114.057
113.743,114.099
113.743,114.681
113.743,114.425
113.743,114.723
113.114,114.074
113.345,114.366
113.595,115.284
113.595,115.138
113.595,114.442
113.151,113.748
113.595,114.258
113.595,114.655
113.595,114.557
113.595,114.716
113.595,114.928
113.595,114.1
113.595,114.897
113.595,114.98
113.595,115.022
113.595,114.679
113.595,114.086
113.595,114.079
113.595,114.26
112.971,114.531
113.564,117.127
113.564,116.376
113.484,115.582
113.507,114.228
113.167,115.797
113.507,113.923
112.878,113.688
112.558,114.846
113.414,116.431
113.427,114.825
113.137,114.069
113.427,115.416
113.427,114.891
113.427,114.578
113.145,115.832
113.427,115.818
112.478,114.083
113.427,114.188
113.427,114.086
113.427,114.414
113.427,114.488
113.427,115.233
113.427,115.625
113.427,115.97
113.427,114.067
113.427,114.81
113.427,115.038
113.199,114.495
113.427,115.398
113.427,115.844
113.206,115.419
113.427,114.995
113.427,114.721
113.427,114.048
113.427,113.95
113.132,114.736
113.427,114.617
113.299,114.455
113.427,114.868
113.299,115.018
113.427,114.794
113.427,114.738
113.427,114.105
113.416,114.918
113.427,114.157
113.427,114.655
113.427,113.849
113.427,114.134
113.427,114.689
113.373,114.292
113.427,113.857
113.427,113.907
113.427,113.787
113.427,113.845
113.427,114.079
113.427,115.233
113.427,115.255
113.137,115.228
113.427,114.608
113.427,115.297
113.427,114.079
113.075,114.123
113.427,114.699
113.427,115.091
113.427,113.871
113.427,114.346
113.427,114.84
113.137,114.449
113.427,114.236
112.813,114.636
113.145,114.712
113.145,114.866
112.521,115.077
113.145,115.119
113.145,114.563
113.145,114.698
113.145,114.776
113.113,114.124
113.145,113.966
113.145,114.166
113.145,114.439
113.145,115.336
113.145,114.293
113.145,114.438
113.118,114.213
112.925,114.274
113.077,114.329
113.077,114.219
113.077,113.91
112.999,113.598
113.077,114.395
112.85,114.019
113.077,114.787
113.077,114.055
113.077,113.962
113.077,113.598
113.077,113.909
113.077,114.174
112.633,113.436
112.453,114.336
113.077,114.518
113.077,114.83
112.599,114.194
113.077,113.571
113.077,113.742
112.998,113.677
113.077,114.083
113.077,115.001
113.077,115.183
113.077,113.786
113.077,113.597
113.045,113.702
113.077,113.791
113.077,114.033
113.077,113.977
113.077,113.823
113.077,113.892
112.768,114.422
113.077,113.667
113.077,113.819
112.999,114.326
113.037,114.847
113.077,114.82
113.077,114.909
113.077,115.226
112.999,115.251
113.077,114.945
113.077,114.445
113.077,113.912
113.077,115.054
113.077,114.482
113.077,113.607
113.077,114.338
113.077,114.479
113.077,113.937
112.128,114.128
113.077,115.757
113.077,114.321
112.736,114.296
112.708,113.783
112.555,114.662
113.077,114.085
113.077,114.353
113.077,114.014
112.743,113.644
112.818,114.862
112.818,115.252
112.554,114.349
112.794,113.831
111.56,114.255
112.794,114.56
112.785,113.456
112.261,113.823
112.794,115.08
112.794,113.94
112.794,113.452
112.315,113.939
112.794,114.119
112.794,113.872
112.794,113.392
112.653,113.503
112.794,113.486
112.794,113.815
112.794,113.453
112.794,113.247
112.675,113.888
112.794,113.767
112.794,113.392
112.794,113.721
111.988,113.543
112.794,113.984
112.662,113.978
112.794,113.407
112.794,114.546
112.794,114.581
112.794,115.504
112.531,114.652
112.794,113.724
112.794,113.513
112.794,113.375
112.794,113.478
112.794,113.823
112.794,113.599
112.272,113.272
112.499,113.679
112.165,114.419
112.484,117.47
112.484,116.047
112.484,113.999
111.871,115.054
112.484,114.072
112.484,114.206
112.484,114.236
112.484,114.224
112.15,113.629
112.474,114.084
112.474,113.319
112.474,113.171
112.136,112.805
112.323,112.828
112.474,113.557
111.861,113.514
112.338,113.641
112.474,113.981
112.474,113.324
112.474,113.6
112.474,113.824
112.474,113.976
112.139,114.8
112.417,114.338
112.139,113.846
112.474,114.397
112.474,112.781
112.474,114.541
112.474,113.364
112.474,114.164
112.474,113.659
112.474,113.523
112.474,114.048
109.931,114.008
112.421,113.593
112.218,114.009
112.421,113.281
112.421,112.92
111.899,114.209
111.737,113.496
112.421,113.796
112.421,113.862
112.421,113.156
112.127,112.931
112.412,114.048
112.412,112.702
112.412,112.624
112.412,112.909
110.55,113.879
111.289,113.537
112.412,113.466
112.412,114.665
112.412,115.479
112.412,115.436
112.192,114.068
112.247,113.318
111.114,113.128
112.247,112.76
112.247,112.941
112.247,112.879
111.991,112.777
111.114,112.548
112.035,114.32
111.802,112.994
110.912,113.596
111.163,113.22
111.606,113.646
111.606,113.944
111.606,113.059
110.88,112.832
111.515,112.328
111.332,112.463
111.549,113.353
111.606,112.345
111.606,112.23
110.483,112.405
111.566,113.746
111.561,112.707
111.606,112.876
111.606,113.032
111.606,113.404
111.606,113.696
111.505,112.974
111.606,114.189
111.606,113.617
111.606,113.002
111.606,113.461
111.606,114.252
111.022,114.068
111.373,113.901
111.373,113.305
110.789,112.407
111.373,112.958
110.647,112.492
111.239,111.834
110.567,112.156
110.233,112.411
110.46,112.551
110.455,112.086
110.46,111.859
110.46,111.076
110.46,111.06
110.29,111.017
110.46,111.188
110.46,111.218
110.46,111.397
110.46,111.39
110.46,111.135
110.187,111.279
110.46,111.615
110.236,111.784
110.46,111.394
110.46,111.044
110.46,111.671
110.46,111.335
110.46,112.35
110.322,111.748
110.46,111.768
110.46,111.122
110.46,111.493
110.46,111.764
110.46,111.302
110.46,110.888
110.236,111.936
110.46,111.997
109.877,111.76
110.455,111.466
110.455,110.992
110.455,111.822
109.783,111.155
110.455,111.983
110.455,112.234
110.455,112.106
110.455,111.343
110.455,112.093
110.455,112.25
110.455,112.752
110.455,113.428
110.455,113.251
110.455,111.863
109.468,112.248
110.455,113.381
110.455,111.885
110.455,112.204
110.455,112.755
109.468,112.966
110.455,111.788
109.783,111.475
110.434,112.528
110.455,112.793
110.285,111.22
110.455,111.56
110.455,111.627
110.455,111.758
110.415,111.573
110.07,111.94
110.455,112.857
110.19,111.036
110.455,111.466
110.455,110.959
110.455,111.827
110.455,111.396
109.88,111.185
110.455,110.991
110.455,111.339
110.455,112.331
110.455,112.107
110.455,111.281
110.455,111.47
109.831,111.123
110.016,111.577
109.103,111.522
110.455,111.742
110.398,111.783
110.455,111.919
110.386,112.778
110.455,112.23
110.455,111.063
110.455,112.214
110.415,111.804
109.468,111.422
110.455,111.674
110.455,111.302
110.455,111.97
110.434,111.137
110.455,113.252
110.455,111.651
110.455,111.378
109.637,111.54
110.455,111.915
108.767,112.257
110.455,112.14
110.455,111.945
110.455,111.779
110.455,111.644
109.322,110.89
110.07,111.793
110.114,112.344
110.114,111.553
110.114,112.303
109.893,112.049
110.074,111.918
109.804,111.077
110.114,110.966
109.29,110.645
110.114,111.145
110.114,111.092
109.953,110.51
110.114,111.084
110.114,110.869
110.114,111.512
109.938,111.066
110.114,111.695
109.641,111.414
110.093,112.326
110.093,112.702
110.093,112.948
110.093,110.85
110.093,110.454
110.093,111.015
109.421,111.244
109.89,112.23
109.89,113.563
109.89,112.171
109.89,111.37
109.89,110.521
109.89,110.177
109.89,111.126
109.843,112.276
109.89,111.413
109.665,111.079
109.89,111.4
109.89,110.964
109.89,110.242
109.89,111.145
109.741,111.143
109.833,110.897
109.833,110.546
109.833,110.621
109.833,110.545
109.833,111.951
108.604,111.001
109.743,110.633
109.833,110.654
109.833,110.498
109.833,111.696
109.009,111.554
109.563,111.199
109.667,111.531
109.185,110.554
109.519,110.658
109.667,110.206
109.667,110.157
109.667,110.679
109.667,110.562
109.667,110.589
109.667,110.866
109.667,110.463
109.667,110.378
109.667,110.756
109.667,111.756
109.667,111.337
109.667,110.894
109.667,110.934
109.667,111.096
108.906,110.276
108.906,110.858
109.65,110.786
108.995,112.314
109.667,111.122
109.667,111.308
109.667,110.682
109.667,111.668
109.667,112.685
109.667,110.921
109.667,110.479
109.667,110.507
109.667,110.054
109.667,109.808
109.549,110.288
109.667,110.189
109.667,110.495
109.195,111.236
109.667,110.551
109.667,110.257
109.667,111.045
109.238,111.613
109.298,110.827
108.438,111.254
109.667,110.731
109.667,111.287
109.667,111.393
109.667,110.721
109.519,112.094
109.447,110.957
109.667,111.062
109.667,110.924
109.667,110.835
109.667,110.718
109.667,111.878
109.667,110.792
109.667,110.398
109.667,110.864
109.667,110.593
109.667,110.676
109.497,110.976
108.535,110.285
109.667,110.64
109.667,110.103
109.549,111.383
109.667,110.725
109.627,110.246
109.497,110.513
109.547,111.43
109.549,111.175
108.969,110.555
109.445,111.871
109.445,111.118
109.398,110.885
108.773,111.331
109.445,111.271
109.445,111.935
109.445,111.083
109.445,109.857
109.18,110.733
107.757,111.277
108.977,110.659
109.445,110.602
109.445,110.528
109.311,111.942
109.445,111.522
109.224,110.103
109.445,110.283
108.773,110.061
109.18,109.975
109.398,110.415
109.349,111.244
109.398,110.691
108.574,110.853
109.398,110.062
109.398,111.203
109.398,110.632
109.398,110.099
109.398,110.687
109.398,110.075
109.398,110.327
109.398,111.199
108.916,110.77
109.398,110.881
108.704,109.962
109.398,109.686
109.351,110.877
109.398,111.24
109.19,110.721
109.398,110.094
109.398,110.217
109.398,110.28
109.398,110.94
109.398,110.206
109.398,110.631
109.398,110.294
109.398,110.906
109.351,110.56
109.249,111.35
109.398,110.081
108.046,109.964
109.398,110.109
109.398,109.658
109.228,110.008
109.349,110.749
109.398,110.422
109.398,111.158
109.398,109.807
109.398,111.454
109.398,111.029
109.398,110.242
109.398,110.047
109.398,109.915
109.398,110.891
109.398,110.554
109.205,110.614
109.109,110.773
109.177,111.375
109.228,111.877
109.124,112.259
109.228,111.442
109.228,111.198
109.228,111.675
109.228,110.726
108.843,110.611
109.228,109.653
108.456,110.366
109.228,110.551
109.228,111.406
109.228,110.646
109.011,109.865
109.02,110.628
109.02,110.654
109.02,110.467
109.02,110.248
109.02,110.297
108.871,110.291
109.02,110.429
108.799,109.924
109.02,111.203
109.02,111.352
109.02,109.724
109.02,110.046
108.635,110.794
109.02,110.597
109.02,110.539
109.02,109.512
109.02,110.129
109.02,109.996
109.02,109.445
109.02,110.812
109.02,110.467
109.02,110.352
108.441,110.028
108.974,110.643
108.974,111.26
108.974,110.663
108.974,112.162
108.974,112.177
108.928,110.475
108.35,110.063
108.501,110.396
108.974,110.251
108.934,109.994
108.957,109.78
108.957,109.645
108.957,110.559
108.957,110.417
108.957,109.471
108.957,109.264
108.957,110.086
108.957,110.998
108.957,111.4
108.957,109.991
108.957,109.842
108.957,109.392
108.957,109.189
108.957,109.262
108.485,109.707
108.957,109.905
108.683,110.532
108.683,109.254
108.899,110.056
108.899,110.369
108.899,109.867
108.899,109.142
108.899,109.284
108.899,109.553
108.595,109.867
108.899,109.612
108.899,109.49
108.899,109.548
108.899,109.902
108.853,109.833
108.899,109.187
108.552,110.484
108.127,110.208
108.757,110.284
108.757,109.716
108.12,110.336
107.854,110.568
108.813,110.487
108.859,110.439
108.859,109.994
108.479,110.921
108.859,110.951
108.512,110.159
108.859,111.168
108.823,109.65
108.859,110.265
108.859,110.915
108.859,110.835
108.859,110.009
108.823,110.398
108.235,109.901
107.758,110.617
107.603,110.39
108.176,109.335
108.479,110.306
107.807,109.239
108.479,108.962
108.479,109.353
108.479,108.72
108.479,109.15
108.479,109.743
108.479,109.156
108.479,109.282
108.288,108.72
108.176,108.776
108.07,109.528
108.479,110.319
108.479,109.789
108.479,109.142
107.273,110.054
108.479,109.633
108.479,110.5
108.093,111.339
108.228,112.351
108.223,111.167
107.456,110.599
108.228,109.766
108.228,109.081
108.228,108.867
108.228,108.388
108.228,108.502
108.228,110.579
108.228,108.889
107.924,109.374
108.228,109.246
108.228,108.894
106.385,110.408
108.228,110.324
106.875,109.716
108.228,109.304
108.007,109.447
108.228,109.735
108.228,109.295
108.228,109.784
108.228,109.817
108.228,109.436
106.935,110.058
108.228,109.357
108.228,109.426
107.819,109.024
108.228,110.271
108.228,110.29
108.061,109.182
108.228,109.058
108.223,109.235
108.228,108.995
108.228,108.694
108.228,108.927
108.228,108.907
107.095,109.379
108.228,109.987
107.644,109.454
106.875,108.882
108.228,109.546
107.755,109.479
108.228,109.406
108.228,108.622
108.228,111.1
108.228,109.54
108.228,109.997
108.228,109.482
107.095,110.918
108.228,110.656
108.228,109.299
108.178,110.382
107.456,109.432
108.228,110.543
108.228,109.457
108.228,109.03
108.228,108.859
107.556,109.025
108.228,109.14
108.228,109.149
106.54,109.441
106.875,109.626
106.875,107.825
106.251,108.42
106.875,108.266
106.591,109.028
106.591,109.22
106.591,108.104
106.591,107.848
106.008,107.459
106.591,108.048
106.591,107.621
106.591,109.926
106.591,109.444
106.591,108.208
106.591,106.996
106.591,107.539
106.591,108.809
106.591,107.898
106.288,107.722
106.591,107.847
106.591,107.815
106.591,107.251
106.591,107.103
106.206,107.885
106.591,108.536
106.591,107.465
106.591,107.441
106.591,107.674
106.591,107.706
106.591,107.612
106.591,108.401
106.591,108.12
106.591,107.37
106.591,107.434
106.591,107.541
106.591,107.901
106.591,108.046
106.591,108.254
106.591,108.279
106.591,107.078
106.591,108.666
106.591,108.497
105.967,107.668
106.591,108.217
106.591,107.441
106.591,107.158
106.591,108.253
106.591,107.862
106.591,109.048
106.591,107.909
106.591,107.946
106.591,108.712
106.591,109.028
106.591,108.094
106.591,107.575
106.591,108.091
106.591,107.98
106.371,107.221
106.387,108.695
106.387,108.299
106.379,108.005
106.387,107.894
106.387,107.638
106.387,107.577
106.387,107.356
106.17,107.865
106.387,107.36
106.387,107.76
106.387,107.166
106.387,107.034
105.91,108.364
106.387,107.762
106.387,109.326
106.387,108.592
106.387,109.075
106.387,108.929
106.387,108.491
106.17,107.283
106.335,107.259
106.335,107.169
106.335,107.313
106.335,107.167
106.335,106.725
106.335,106.67
106.327,107.307
106.335,107.37
106.335,108.262
106.335,108.113
106.335,107.972
106.118,107.179
105.986,107.711
106.335,106.789
106.335,107.217
106.335,108.218
106.335,108.133
106.335,108.807
106.335,107.593
106.335,107.184
106.335,107.912
106.285,107.778
106.335,107.433
105.868,107.369
105.711,106.897
106.335,108.209
106.335,107.327
106.335,106.89
106.335,107.032
106.114,106.876
106.335,106.852
106.335,106.964
106.335,107.073
106.335,106.726
106.335,107.075
106.335,107.52
105.202,107.547
106.335,107.576
106.335,107.92
106.335,107.817
106.335,108.156
106.112,107.808
106.335,107.994
106.335,108.632
106.335,107.738
105.202,108.26
106.335,107.016
106.114,106.866
106.335,107.169
106.335,108.86
106.335,107.29
106.144,108.095
106.335,107.645
106.114,107.658
105.752,108.855
106.335,108.205
106.335,107.317
106.335,106.748
106.335,107.699
106.335,107.761
106.335,106.842
106.335,106.514
106.335,106.97
106.335,107.623
