422.254,488.991
428.223,452.861
410.58,429.163
399.772,417.194
392.282,404.834
382.047,395.828
370.221,387.098
358.193,378.814
359.748,372.492
352.98,365.127
351.732,360.669
341.021,355.91
339.469,350.351
338.05,345.226
331.45,342.862
331.49,339.605
324.439,335.017
316.415,331.461
312.578,328.085
311.059,323.22
301.417,317.176
305.388,313.233
301.078,309.441
296.779,305.702
286.938,300.222
285.747,295.817
284.325,290.816
278.302,287.783
276.391,285.742
275.776,281.663
273.704,279.089
270.574,276.531
265.715,273.929
264.837,271.691
260.345,270.004
254.91,266.115
252.223,261.601
246.773,257.726
244.037,255.15
241.195,252.233
240.432,249.436
238.745,247.166
239.673,244.322
235.699,241.443
234.387,240.747
232.317,238.783
229.964,237.04
227.51,234.405
221.913,232.136
221.545,228.326
219.297,222.972
219.728,222.991
217.932,224.3
216.434,223.734
215.861,223.135
214.508,222.463
214.508,220.557
213.239,218.151
211.285,217.544
208.712,214.191
207.306,212.326
206.879,211.361
203.777,209.754
204.405,209.494
202.915,209.13
203.456,207.953
202.396,206.055
201.437,205.186
201.53,203.504
199.959,203.195
198.452,202.221
198.273,202.668
195.722,201.114
195.713,200.466
195.822,200.021
194.285,198.049
193.339,197.093
192.356,195.166
191.696,195.57
190.668,195.139
191.393,193.18
191.602,193.573
190.971,193.355
191.264,192.788
190.803,193.321
191.052,192.897
189.631,193.133
188.959,192.621
188.467,191.763
188.467,190.361
186.069,190.015
185.92,189.225
184.972,189.514
185.172,188.836
184.443,187.558
181.253,187.041
184.205,185.565
182.513,185.735
179.261,184.679
178.501,183.508
180.992,183.394
180.282,184.988
179.566,183.908
180.121,184.473
179.688,184.042
179.658,182.061
178.731,181.512
177.506,181.226
177.757,179.297
176.293,178.584
175.971,179.809
175.62,177.948
174.55,179.099
172.315,177.838
175.035,177.696
173.5,177.094
173.653,177.033
172.438,177.081
170.481,176.294
171.032,176.168
169.089,173.972
167.287,173.658
169.804,172.455
169.12,172.287
169.352,174.029
169.357,172.437
166.219,171.614
165.65,170.773
164.814,168.911
162.255,167.539
161.48,166.913
160.902,165.061
161.038,163.643
159.847,162.49
158.831,162.111
159.605,163.173
159.585,161.339
158.557,160.886
158.573,160.682
158.04,160.421
157.469,160.112
156.813,158.851
152.978,159.275
154.337,158.487
151.896,158.841
154.183,158.141
155.991,157.774
154.151,157.08
153.627,156.606
153.627,158.088
153.212,156.123
150.631,153.957
151.373,154.931
149.566,154.853
150.974,154.583
150.377,153.588
150.457,153.956
150.102,153.572
149.172,152.311
147.863,151.426
147.601,151.17
147.597,149.856
147.246,148.976
147.246,149.27
146.373,148.356
147.16,149.738
146.824,149.071
146.699,149.057
146.411,148.83
144.385,148.037
144.527,147.789
144.936,147.647
143.158,147.143
143.835,145.995
142.853,147.162
143.969,147.627
143.788,147.785
143.292,147.254
143.726,145.908
143.474,144.34
142.348,144.833
143.137,145.609
141.782,144.869
141.772,144.89
142.511,144.78
142.378,145.282
141.92,144.061
141.695,143.881
141.147,143.446
140.641,143.991
140.973,142.682
141.261,143.263
140.726,143.197
140.189,143.857
140.729,143.937
140.729,142.907
140.605,143.379
139.079,143.712
140.31,143.121
140.377,141.875
140.316,143.071
139.446,143.007
140.156,142.208
139.049,141.842
138.872,141.903
137.832,142.187
138.614,141.647
138.683,139.99
138.378,139.925
138.223,139.329
138.568,139.788
137.67,139.55
137.576,139.902
137.232,141.013
136.4,142.021
136.839,140.695
136.607,139.04
136.287,139.152
136.624,138.215
136.158,138.902
135.815,138.932
136.493,137.986
136.275,137.918
135.308,138.699
136.245,138.33
136.088,138.246
135.335,137.878
135.443,137.615
135.849,137.777
135.761,137.807
135.635,138.608
134.933,138.321
135.225,138.188
135.106,138.086
134.835,137.203
135.011,136.799
135.087,135.814
134.621,136.237
134.497,137.475
134.313,135.122
133.643,135.669
133.811,136.865
133.112,135.307
133.129,135.866
132.385,136.239
133.926,136.284
132.662,134.71
132.533,134.611
132.974,134.753
133.362,135.128
133.18,134.957
133.213,134.203
133.441,134.607
132.878,136.404
132.953,134.877
133.213,135.75
132.779,135.971
133.051,135.207
133.227,133.885
131.433,134.446
132.788,133.923
131.16,134.49
132.526,135.146
129.77,134.873
128.895,132.933
128.939,131.896
128.835,131.762
128.859,131.665
128.112,131.131
128.859,130.805
128.045,130.675
128.392,131.835
128.392,131.683
128.104,129.933
128.019,129.591
128.01,129.784
127.274,129.625
127.459,130.247
127.459,130.645
127.459,129.343
127.239,129.272
125.872,130.017
126.866,129.261
126.272,129.144
125.12,128.669
126.33,127.608
126.33,128.74
125.516,128.105
125.33,127.699
125.621,126.987
125.924,127.663
125.894,128.504
125.555,128.137
124.285,128.19
125.572,127.912
125.478,127.854
124.966,127.572
124.762,127.094
125.421,127.096
123.902,127.454
124.432,127.104
124.481,126.946
124.506,127.48
124.315,126.723
124.393,125.63
124.378,125.786
123.971,125.69
123.921,126.701
124.166,125.627
124.337,126.018
123.691,125.84
124.253,126.637
124.253,126.934
124.253,126.477
124.253,125.795
124.253,125.417
124.253,125.956
123.204,125.148
124.253,125.874
123.342,126.352
123.875,125.185
123.118,125.334
123.117,126.068
123.387,124.932
122.808,124.797
122.823,126.015
121.912,124.93
122.618,124.137
122.051,124.784
122.516,124.608
122.516,124.583
121.664,124.116
121.918,124.161
121.517,123.872
121.892,123.257
122.091,123.937
121.759,124.131
122.087,124.491
120.514,123.879
121.315,124.372
122.06,124.044
121.315,123.302
122.087,123.038
121.581,122.898
121.722,123.795
121.722,124.035
121.679,123.412
121.712,124.02
121.525,123.526
121.722,123.564
121.722,123.807
120.907,122.456
121.722,123.588
120.95,123.626
120.819,124.23
121.251,123.705
120.475,123.087
120.925,122.992
121.176,123.319
121.198,123.736
121.198,122.484
120.752,122.653
121.198,123.21
121.198,123.153
121.078,122.853
121.108,122.316
121.198,121.688
120.899,122.623
120.426,123.233
121.078,122.611
121.108,122.34
121.198,123.229
119.622,123.027
119.98,121.858
120.426,122.71
119.847,122.244
119.98,122.146
118.202,121.68
119.07,123.827
119.07,123.273
119.07,123.1
119.07,122.234
117.832,120.086
119.07,120.9
119.07,119.597
118.024,120.303
119.07,121.219
118.602,121.629
118.42,120.627
119.048,121.911
118.59,120.73
118.476,120.13
118.501,120.912
118.274,121.315
118.071,119.821
118.387,120.619
118.486,121.567
118.486,119.684
116.781,120.335
117.941,120.065
118.161,119.037
117.678,118.915
118.178,119.096
116.92,120.51
118.155,120.014
117.155,120.093
118.155,120.897
118.076,119.496
118.14,120.307
117.762,119.996
116.435,119.187
117.71,120.788
116.314,119.923
117.483,120.007
117.578,118.495
117.578,119.403
117.578,119.094
117.497,119.079
116.319,118.615
116.678,119.16
116.107,118.454
116.026,117.733
115.473,118.728
116.004,117.777
116.004,117.284
115.867,117.036
116.004,117.479
115.143,117.941
116.004,117.886
116.004,117.113
116.004,117.379
116.004,117.453
116.004,117.865
114.458,117.469
114.745,116.876
115.245,116.714
114.832,116.3
113.699,116.275
114.672,120.015
114.588,118.664
114.672,119.024
114.475,115.494
114.672,115.488
114.462,115.662
114.615,115.093
112.631,116.334
111.675,115.108
112.446,114.888
112.858,115.08
112.801,114.413
112.858,113.829
112.695,114.505
111.687,114.116
112.251,113.83
112.309,112.818
111.811,113.868
111.723,113.29
112.309,113.415
112.309,114.723
112.107,114.003
112.146,113.431
112.146,116.32
110.131,115.342
112.146,115.767
112.146,114.174
111.735,113.571
112.146,113.491
112.146,113.52
111.839,114.485
112.146,113.917
112.146,113.143
112.146,114.162
112.146,114.217
112.146,113.539
112.146,113.497
112.146,113.869
112.146,114.393
111.718,115.454
112.146,114.014
111.973,114.788
112.146,113.968
112.067,113.986
111.616,113.921
111.95,113.262
112.146,113.654
112.146,113.628
111.616,113.472
112.146,114.062
112.146,113.412
111.72,113.885
112.067,113.891
112.067,114.236
112.067,114.053
111.386,113.909
111.989,113.226
112.036,112.963
111.45,113.362
112.036,113.523
111.617,113.423
112.036,114.17
111.586,114.149
111.809,112.852
111.809,113.29
111.396,113.215
111.656,113.945
111.809,113.846
109.959,113.489
111.535,112.74
111.809,113.343
111.801,113.672
111.809,113.492
111.278,114.678
111.809,114.319
111.809,113.536
110.886,113.372
111.627,113.501
111.397,113.145
111.48,113.738
111.558,113.084
111.516,112.998
110.943,112.727
111.558,113.333
111.558,112.866
111.432,112.563
111.558,112.538
111.558,112.62
111.251,113.481
111.139,113.442
111.361,112.735
111.388,113.445
111.388,113.578
111.388,113.712
111.388,113.04
110.956,113.705
111.388,114.577
111.191,113.632
111.379,113.369
111.379,112.334
110.849,112.454
110.914,112.635
110.749,113.404
110.914,113.192
110.72,113.272
110.882,113.913
109.064,113.151
110.879,111.761
110.882,111.772
110.882,112.534
110.882,112.439
110.882,113.07
110.729,112.273
110.882,113.1
110.882,112.495
109.491,112.354
110.514,112.829
109.45,112.824
110.514,111.979
110.514,112.179
110.514,112.296
110.503,111.92
110.487,112.155
110.514,112.994
110.514,112.305
110.378,111.428
110.487,111.401
110.514,112.816
110.514,112.187
110.514,112.203
110.514,112.228
110.514,111.874
110.514,111.809
109.591,112.11
109.959,111.806
110.079,111.473
110.102,112.204
110.102,111.747
109.241,111.256
110.102,111.674
109.241,111.37
109.572,110.994
110.102,112.036
109.85,111.778
110.092,111.024
109.799,111.394
110.092,111.192
109.791,111.594
110.092,111.252
110.092,111.517
110.092,111.455
109.966,111.315
110.084,110.965
110.092,110.813
109.301,111.424
109.287,112.04
109.772,111.778
109.407,111.808
108.687,111.185
109.318,111.461
109.321,110.597
106.603,110.182
109.067,110.285
108.609,109.848
108.576,111.305
108.789,110.349
109.243,110.626
108.896,110.057
108.874,110.21
109.243,110.032
109.243,110.321
108.072,110.877
109.139,110.711
109.139,111.312
109.06,112.066
109.139,110.676
109.018,109.948
106.837,110.155
108.423,110.327
109.079,110.334
108.297,109.651
106.148,110.568
107.347,110.106
107.347,108.945
107.347,109.337
107.32,108.52
107.347,108.143
106.826,108.978
107.347,108.601
107.054,109.485
107.347,109.627
106.635,109.406
105.553,108.199
107.204,108.274
107.347,108.794
107.171,109.926
107.347,108.475
106.257,108.49
104.516,108.698
106.468,108.474
106.468,107.896
105.657,107.398
105.425,106.996
104.981,107.117
103.96,107.51
105.92,109.441
104.199,108.451
102.875,108.148
103.484,107.618
103.831,106.274
103.317,105.248
101.846,104.556
101.601,104.504
103.135,104.851
103.135,104.421
103.135,103.816
103.135,103.91
103.135,104.054
102.534,104.124
102.475,103.873
102.395,106.266
101.232,108.227
102.108,105.053
101.972,104.905
102.244,105.084
102.244,103.882
102.244,103.455
102.035,103.217
102.244,103.465
102.244,104.856
102.244,103.976
101.757,104.466
102.039,103.519
102.123,102.962
102.244,103.661
102.244,103.584
101.577,104.662
102.244,104.011
101.794,103.037
102.221,103.065
101.528,103.159
101.859,103.945
101.859,104.242
101.504,103.322
101.515,102.876
101.542,102.22
101.512,103.4
101.542,102.534
101.542,102.274
100.883,103.301
101.389,103.19
101.389,102.794
101.389,102.3
100.423,102.236
101.155,103.158
100.654,103.391
101.155,102.623
101.155,102.217
101.069,102.409
101.155,102.587
101.039,101.834
101.155,102.16
101.155,102.418
101.155,102.124
101.155,102.282
101.155,102.021
101.155,102.715
101.155,104.722
100.635,102.846
101.128,102.315
100.607,102.422
99.812,105.934
99.812,104.691
99.2975,102.929
99.812,102.096
99.812,101.135
99.2975,100.821
99.7256,101.788
98.7759,100.432
98.7759,100.365
98.7759,99.7504
98.7759,99.6821
98.7759,99.5212
98.7759,100.433
98.7313,99.9982
98.0344,100.025
98.7759,99.7679
98.7759,99.9263
97.903,99.5743
98.1795,99.8005
98.7759,101.141
98.7759,100.538
98.7759,99.912
98.0344,99.6998
98.7451,99.8625
97.7567,99.7352
98.6117,100.478
98.7451,101.104
98.7451,101.509
98.4301,99.9765
98.7451,99.7912
98.7451,100.46
98.7451,99.5973
98.7451,100.13
98.7451,100.206
98.7451,99.9124
98.7451,99.0726
98.7326,99.6689
98.7451,99.661
98.0882,99.3876
98.7451,100.362
98.7451,100.81
98.7451,99.0553
98.7268,99.7186
98.7451,99.441
98.7451,99.0398
98.4301,99.7689
98.7451,100.556
98.7451,101.099
98.7451,99.8079
98.7451,99.8782
98.0322,99.5246
98.7451,101.081
98.7451,100.1
98.7451,99.5125
98.7451,98.9891
98.7451,99.0084
98.0322,100.37
98.6206,102.505
98.6206,102.955
98.6206,102.252
98.6206,100.943
98.6206,99.5688
98.6206,100.057
98.1342,99.393
98.4001,99.3982
98.4001,99.6177
98.4001,99.8797
98.3876,99.6284
98.4001,99.8389
98.4001,99.4617
98.203,99.0951
98.3363,99.763
98.4001,99.566
98.4001,99.4888
98.4001,100.187
98.4001,99.91
98.203,99.5774
97.9005,100.031
98.3056,100.434
97.5741,99.5282
97.6659,99.7613
98.3056,99.2279
97.6558,99.5043
98.3056,100.882
98.3056,99.3903
98.2337,99.3172
97.806,100.397
98.3056,99.9516
98.1251,99.0582
98.3056,100.256
98.3056,98.6839
98.3056,99.3193
98.3056,100.098
98.2416,99.1315
98.07,98.8195
98.2533,99.1421
98.3056,98.7285
96.4367,99.0362
97.6558,99.1708
98.3056,99.2442
98.3056,100.062
97.997,98.7405
98.3056,98.703
98.0497,99.0633
98.3056,98.9866
98.3056,100.138
97.9627,99.5016
97.6558,99.7205
97.9627,98.9117
97.8508,99.9671
98.2588,100.235
98.2588,100.381
98.0175,99.0888
96.3898,98.8176
97.4331,99.9709
97.4331,102.762
97.4331,99.6699
97.3998,98.725
96.6916,98.765
97.1898,98.3371
97.3279,99.1616
96.7114,98.1619
97.3612,97.651
97.3612,98.3637
97.3612,98.0574
97.3612,97.9826
97.1807,99.1699
97.0465,97.8201
97.3612,98.0972
97.1631,100.044
97.3612,99.1179
97.3612,97.6485
97.2473,98.2399
97.3612,99.4739
97.3612,99.0625
97.3601,98.8639
97.3612,98.5288
97.3612,98.5576
97.3322,98.4748
97.3612,98.3242
97.3612,98.1294
97.2473,98.1008
97.3488,98.6539
97.3612,98.5547
97.2972,97.809
97.3036,98.7602
96.4307,98.9535
97.3036,98.9125
97.3036,99.2763
97.3036,98.6274
97.273,98.6859
97.3036,97.6749
97.3036,97.5119
97.3036,97.4929
97.3036,97.5905
97.3036,97.8541
96.5907,98.6675
96.6538,97.6097
96.6538,96.8971
96.6538,97.7878
96.6538,97.5187
96.6538,98.0852
96.2592,97.1919
96.6538,97.3696
96.117,97.3919
96.6538,97.6837
96.6538,97.2241
96.117,97.8778
96.2752,97.021
96.4557,97.2287
96.2752,97.6174
96.4557,97.5098
96.2752,97.2089
96.4557,96.8278
96.4557,96.9962
96.4557,97.0912
96.4557,98.5013
96.4557,97.5027
96.4557,97.3252
96.4557,97.1472
96.4557,97.7693
96.4557,97.3487
96.4557,97.8952
95.3819,97.7382
96.4557,97.2663
96.4432,97.7918
96.0329,97.5322
96.4557,97.6373
96.4557,97.6586
96.4557,97.9619
96.4557,97.7132
96.4557,97.3259
96.4557,97.2263
96.4557,96.791
95.9189,96.7601
96.4557,96.7699
96.4557,97.4262
96.4557,97.9472
96.4557,97.7697
96.0329,97.5969
95.9189,97.3979
96.1674,97.1729
96.4557,97.5153
96.3903,97.5873
96.4251,98.0029
96.0267,97.1498
95.7962,96.9616
96.4557,97.9803
96.4557,99.9042
96.4557,98.4675
96.4557,98.4609
95.9397,97.3577
96.4557,98.0514
96.3903,97.9463
96.4557,97.1266
96.4557,97.8646
96.4557,97.0377
95.7142,97.6142
96.4557,97.3206
96.4557,98.1002
95.9092,96.9683
96.4224,97.7422
96.4557,97.594
96.0324,97.5146
96.4557,96.8057
96.4557,97.8645
96.2586,97.9406
96.4557,96.8195
96.4557,97.0793
96.4557,96.7463
96.2462,96.8417
96.0569,97.7153
96.4557,97.0931
96.4557,97.8702
95.7142,97.8421
95.7142,97.172
95.7142,97.9688
95.7142,96.8334
95.7142,96.7
95.7142,96.6125
95.0204,96.828
95.6808,97.0214
95.6808,98.1783
95.6808,97.2013
95.6808,97.5843
95.6808,96.5851
95.6808,97.3874
95.6808,97.2689
95.0214,96.9433
95.6808,96.9244
95.6808,97.4257
95.6808,97.8159
95.4635,97.35
95.6808,97.8993
95.6808,97.9636
95.258,97.0465
95.6808,96.4968
95.6808,96.0444
95.6808,96.8803
95.6808,96.9583
95.5528,98.0365
95.6808,97.4842
95.6808,96.9487
95.6808,97.7982
95.6808,98.0582
95.6808,97.0746
95.6808,97.3682
95.6808,96.6581
95.6808,96.4767
95.6808,96.4493
95.6808,96.8973
95.3722,97.3547
95.6808,96.7135
95.6808,96.3952
95.6808,97.5541
95.6808,96.2945
95.6149,97.1242
95.6808,96.9989
95.4724,98.0464
95.6808,96.9911
95.6808,96.3962
95.6808,96.662
95.2519,97.5134
95.6808,96.8227
95.6808,97.3325
95.6808,97.2278
95.6808,96.7978
95.6808,96.6294
95.6808,96.6122
95.6808,96.43
95.6808,97.0046
95.6808,98.8108
95.6808,96.6461
95.6808,97.09
95.6808,97.0364
95.6808,97.4743
95.6684,97.2527
95.6808,97.4903
95.6808,96.9987
95.6808,96.8334
95.6808,97.2965
95.2519,96.526
95.6808,96.7389
95.6808,97.0939
95.6808,96.9819
95.5868,96.7779
95.6808,96.7119
95.6808,98.4667
95.6808,98.3693
95.6808,97.3148
95.6808,97.533
95.6808,97.022
95.1649,97.3874
95.1664,97.953
95.6808,97.2822
95.6808,96.7896
95.6808,97.5911
95.6808,97.2101
95.6808,97.7704
95.6808,97.3587
95.6808,96.618
95.6808,97.1938
95.6808,97.2706
95.6808,97.0926
95.6808,96.8659
95.6808,97.052
95.6808,97.8771
95.2519,97.0012
95.6808,96.9252
95.6808,97.1933
95.6808,97.5847
95.6808,96.7305
95.6808,96.9163
95.0928,97.3993
95.6808,96.2286
95.6808,96.5667
95.6149,96.7934
95.4724,96.7509
95.6808,96.6817
95.6808,96.1681
95.6808,96.3518
95.6808,96.8846
95.6808,97.2113
95.6808,96.8309
95.6808,97.0064
95.6808,96.6018
95.6808,97.3221
95.6808,97.5081
95.0214,96.8439
95.6808,96.7522
95.6808,96.4278
95.6808,96.6665
95.6808,97.6755
95.6808,98.3209
95.6808,96.9103
95.6808,97.3247
95.6808,97.7469
95.6808,97.284
95.6808,97.4817
95.5004,97.4832
95.6149,96.4999
95.3031,96.8286
95.3063,97.1396
95.6149,97.4547
95.6149,96.887
95.6149,97.0457
95.3063,97.2859
95.6149,96.9141
94.9834,97.9779
95.0989,97.9945
95.5782,97.4859
95.3031,96.9111
95.2536,96.6596
95.4618,96.6397
95.1859,96.9712
95.6149,96.9487
95.6149,97.0066
95.1859,96.6224
95.3266,96.6909
95.6149,97.3346
95.6149,97.0179
95.6149,96.5422
95.3266,96.0968
95.6149,96.2609
95.6149,96.3746
95.0989,96.3268
95.6149,96.4364
95.1421,97.1445
95.6149,96.7167
94.6036,96.7979
95.4344,97.0392
95.4344,96.9301
95.4344,97.7728
95.4344,96.8847
95.0054,96.2304
95.1226,96.3758
95.1226,96.4401
95.1226,95.779
95.1226,95.6827
95.1226,95.9873
94.8343,96.1268
95.1226,96.1547
95.0088,96.0889
95.1226,96.0224
95.1226,96.1286
95.1226,96.2833
95.1226,96.548
94.7013,96.5168
95.1226,95.677
95.1226,96.4709
95.1226,98.1581
95.1226,97.7049
94.9141,96.3916
94.9695,96.7869
94.9695,95.9003
94.9022,96.1988
94.6778,96.0498
94.9695,96.7079
94.9695,96.0939
94.9695,96.3824
94.9695,96.0045
94.0128,95.5912
94.4551,96.2855
94.5482,96.1954
94.9695,96.3032
93.8183,95.768
94.9695,96.2622
94.9695,95.9767
94.9695,96.443
94.9695,95.8811
94.9695,95.8471
94.9695,95.6597
94.9695,95.8555
94.9695,96.0137
94.9695,96.9003
94.9695,95.6982
94.8557,95.7851
94.9695,96.0338
94.9473,96.8898
94.9695,96.7475
94.9695,96.5698
93.9414,96.531
94.9695,96.3904
94.9695,96.8317
94.9695,96.8904
94.9695,95.8476
94.9695,96.5036
94.3815,97.0722
94.957,96.9108
94.957,96.0617
94.957,96.6951
94.5358,96.4577
94.8898,96.6642
94.957,96.1097
94.957,96.7293
94.957,97.2286
94.957,95.8684
94.957,96.0415
94.957,96.565
94.957,96.0043
94.957,95.5626
94.957,96.4906
94.9252,96.5825
94.957,96.4679
94.957,96.8158
94.957,95.9112
94.957,96.085
94.957,96.4577
94.957,97.2105
94.5281,95.9692
94.6653,96.9919
94.957,96.286
94.957,96.6743
94.957,97.3815
94.957,95.9879
94.957,96.2653
94.957,95.4735
94.957,96.7913
94.957,96.5103
94.957,96.1725
94.957,96.7938
94.957,96.5682
94.8587,96.7126
94.957,96.2777
94.957,95.7335
94.957,96.1537
94.5344,96.0685
94.957,96.4089
94.957,96.2604
94.92,97.3721
94.7327,96.7632
94.957,97.5109
94.957,95.8834
94.957,96.1687
94.957,96.649
94.8523,97.1806
94.4426,96.6764
94.957,96.5589
94.8898,96.7762
94.6653,96.4638
94.957,97.3206
94.957,96.6743
94.957,96.4789
94.957,97.4725
94.957,97.6683
94.6653,96.7225
94.957,96.4925
94.957,96.4103
94.957,96.3706
93.4556,95.5404
94.957,96.6219
94.957,96.5637
93.4556,96.47
94.957,96.7305
94.6484,96.7032
94.5281,96.5332
94.0003,96.5244
94.2405,95.834
94.5491,95.6805
93.4721,96.0321
94.5491,95.7197
93.5923,96.098
94.3133,97.1963
94.5405,97.1043
94.1436,96.0701
94.5405,95.3251
94.5405,96.3133
94.5405,95.8293
94.2284,96.807
94.5405,96.4516
94.5405,96.8625
93.9411,96.1099
94.5405,95.9613
94.5405,95.754
94.5189,95.2038
94.0583,95.28
93.5838,95.4735
94.5405,96.2973
94.0261,96.2254
93.5838,95.8823
94.5405,95.2507
94.5405,95.2608
94.5405,95.7213
94.5405,95.7778
94.32,95.8467
94.5405,95.8595
94.5405,95.0585
94.5405,96.4247
94.5405,95.7664
94.0886,96.0226
94.0261,95.7513
94.5405,95.4003
94.5405,95.6265
94.5405,96.019
94.5405,96.2242
94.5405,96.3417
94.5405,94.9849
94.5405,95.5508
94.5405,96.2669
94.5405,96.1976
94.5405,95.2985
94.1115,95.1166
94.5405,95.6703
94.5405,96.1478
94.5405,95.9496
94.5086,95.8538
94.5405,95.8746
94.5405,95.5936
94.5405,95.9641
94.0261,96.3741
94.0583,96.2608
94.5405,95.6445
93.4635,95.7522
94.1192,95.9374
94.1192,95.0489
94.1192,95.4734
94.1192,95.6915
94.1192,95.9536
94.1192,95.1116
93.1625,95.7247
93.6048,95.5904
94.1192,96.1321
94.1192,95.7255
94.1192,95.4478
94.1192,95.0159
94.1192,94.9599
94.1192,96.0848
94.1192,95.0563
93.9019,94.6451
93.892,95.2127
94.0873,95.216
94.0873,95.3865
93.6051,95.4613
94.0873,94.412
94.0873,95.5384
94.0873,95.0675
94.0873,95.2755
94.0873,95.4146
94.0873,95.0255
94.0873,96.0331
94.0873,95.8462
94.0201,95.5363
94.0873,95.43
93.989,95.5865
94.0873,95.1722
94.0873,95.093
94.0873,95.5492
94.0873,95.1128
94.0873,95.9749
94.0873,95.1025
94.0873,95.622
93.6529,95.6675
93.5088,95.1629
93.7361,95.3106
93.7361,94.8283
93.7361,94.9422
93.7361,94.8375
93.7361,94.5077
93.7361,94.4703
93.7361,94.5953
93.7361,95.7859
93.7361,94.953
93.6228,96.254
93.7361,96.7797
93.7361,95.1155
93.7361,94.9395
93.4274,94.9609
93.7361,94.3104
93.7361,95.6846
93.7361,95.7945
93.7361,95.3909
93.7361,95.4258
93.7361,95.1332
93.7361,95.327
93.486,95.3688
93.7361,97.0339
93.7361,97.4331
93.7361,96.737
93.6529,94.368
93.5187,95.017
93.5187,94.2732
93.4274,95.6931
93.5997,95.6903
93.5997,94.8498
93.5997,94.8948
93.5997,94.8565
93.5997,94.64
93.5997,94.2592
93.5997,94.5119
93.2876,94.9337
93.3763,94.3669
93.3763,94.0201
93.1589,94.255
93.3763,95.5125
93.3763,94.8986
93.3763,96.1892
93.3763,95.2827
93.3763,94.6427
93.3763,94.7194
93.3763,94.4603
93.3763,95.0604
93.3763,95.2937
93.3763,94.6553
93.011,94.0214
93.3763,96.4346
93.3763,95.1655
93.3763,95.2586
93.3763,95.5244
93.3763,95.3106
93.3763,95.2133
93.3763,94.5041
93.3763,94.4783
93.3763,95.5007
93.3763,94.9508
93.3763,94.8394
93.3763,94.9073
93.1263,94.4657
93.3763,94.4043
93.3763,94.6885
93.1589,95.359
93.309,94.7288
93.309,94.7368
93.309,94.7274
93.309,94.9141
93.309,95.1655
93.309,94.4823
93.309,94.6381
93.309,94.8645
93.309,95.3214
93.309,95.0173
93.309,94.7785
93.2874,93.902
93.309,94.0386
93.309,94.1915
93.309,94.5094
93.309,94.4529
91.9509,95.7255
93.309,94.6975
93.309,94.492
93.309,94.9023
93.309,95.592
93.309,94.98
93.309,94.559
93.309,94.5725
93.309,94.0783
93.309,94.7333
93.1835,94.7721
93.309,94.2197
93.309,94.4126
93.309,94.4537
93.309,94.8486
93.309,95.8271
93.309,94.9342
93.309,94.6653
93.0818,94.8986
93.309,94.4612
93.309,94.7383
93.309,94.5978
92.7071,95.0072
93.309,94.5243
93.309,94.4255
93.309,95.3159
93.309,95.4068
93.309,95.4208
93.2874,94.6178
93.309,95.2476
93.309,94.6653
93.1952,94.5778
92.6175,94.9034
93.309,94.5897
93.0486,95.2954
93.309,94.0189
93.309,94.1314
93.309,94.998
93.0916,96.3062
93.309,94.3875
93.309,95.107
93.309,94.6166
93.309,94.4484
93.309,94.456
93.309,94.5257
93.309,94.529
93.309,94.0545
92.0614,94.6374
93.309,94.5384
93.2998,94.9274
92.7747,94.4653
93.0486,94.8138
93.309,94.7045
93.309,94.6305
93.309,94.1438
93.309,93.9932
93.309,94.3799
93.309,94.4323
93.309,94.6304
93.309,95.2389
93.309,94.8067
93.309,94.6629
93.309,95.0239
93.309,94.9239
93.309,95.0705
93.309,94.301
93.309,94.134
93.309,93.887
93.1952,93.7668
92.9969,93.9052
93.0886,94.0372
93.309,94.7758
93.309,95.2232
93.309,93.9668
93.309,94.3981
93.309,94.6624
93.309,94.1455
93.309,95.0824
93.309,95.2705
93.309,94.7361
93.3081,94.2227
93.309,94.4236
93.309,94.2958
93.309,95.1834
93.309,95.081
93.309,95.0378
93.309,94.4739
93.309,94.8086
93.309,95.0605
93.309,93.8675
93.309,94.5632
93.309,93.9799
92.0614,93.9987
93.309,94.3071
93.1952,94.0934
93.309,94.8735
93.309,95.5986
93.1952,95.0424
93.309,95.3933
93.309,94.7472
93.309,95.3303
93.309,94.7566
93.309,94.0369
93.309,94.9022
92.232,95.0988
93.309,94.8278
93.309,94.7425
93.309,95.7374
93.309,94.8564
92.7071,94.872
93.309,94.0501
93.309,94.2272
93.309,94.7343
93.0818,94.9312
93.309,95.3312
93.309,94.8439
93.309,95.5387
93.309,95.1318
93.309,94.6636
93.309,95.179
92.4019,94.3117
93.309,94.867
93.309,93.9709
93.309,94.0883
93.309,94.8968
93.309,94.4923
93.309,93.9694
93.1906,93.8901
93.309,93.8063
93.1958,94.4404
93.309,95.0702
93.309,94.9305
93.309,94.9565
93.309,94.4876
93.309,95.0844
92.7747,95.3253
93.0486,94.8952
93.0486,95.6358
93.0486,94.1944
93.0486,94.8819
93.0486,94.9618
92.8214,94.0064
92.923,94.3388
93.0486,95.0458
93.0486,94.0529
93.0486,94.6258
93.0486,95.1158
93.0486,94.9543
93.0486,93.998
93.0486,94.2147
93.0486,94.2526
92.5664,94.7482
92.0985,95.541
92.7886,95.4061
92.79,94.5628
92.79,93.6978
92.79,93.1002
92.5695,93.1026
92.7186,93.7934
92.79,93.8784
92.79,93.6146
92.79,94.151
92.79,93.948
92.79,94.2422
92.7389,93.6775
92.79,94.1793
92.79,94.4874
92.5007,94.7639
92.79,93.6069
92.79,93.8837
92.79,94.4278
92.7896,95.0862
92.79,94.5917
92.79,94.0224
92.2556,94.6163
92.5627,94.2855
92.5627,95.0553
92.0805,94.6088
92.5627,94.7353
92.5627,93.4059
92.5627,93.8192
92.5627,93.7515
92.3423,94.0792
92.5627,94.677
92.5627,93.7509
92.5627,93.4506
92.0284,94.2617
92.5627,95.2164
92.48,95.1781
92.5627,93.7725
92.5627,93.8983
92.2735,93.8886
92.5417,93.8036
92.5417,94.2265
92.5417,94.3732
92.5417,93.8851
92.459,93.313
92.5417,93.8908
92.4162,94.65
92.0074,94.5999
92.5417,94.0544
92.5417,94.2351
92.5417,94.2542
92.5417,95.029
92.0074,94.3124
92.459,94.0495
92.5417,94.333
92.5417,93.3571
92.2296,93.483
92.5417,95.017
92.5417,93.879
92.5417,94.9222
92.5417,94.4342
92.5417,93.879
92.5417,94.0901
92.5417,93.4374
92.5417,93.3553
92.5417,93.1001
92.5417,93.5806
92.1305,93.6554
92.4162,93.2628
92.5417,93.6155
92.5417,93.8376
92.5417,93.6199
92.5417,94.0196
92.5417,93.746
92.5417,94.015
92.5417,93.1044
92.5417,93.4919
92.5417,93.2899
92.5417,93.2573
92.5417,95.0134
92.5417,93.7425
92.5417,93.871
92.5417,94.2865
92.5071,94.8421
92.5071,94.4749
92.5417,93.5814
92.5417,93.9221
92.5417,94.0117
92.5417,93.9588
92.5417,94.6563
92.1305,94.5625
92.5417,94.692
92.5417,93.7061
92.5417,93.9387
92.0074,93.1319
92.5417,93.5804
92.5417,93.1633
92.5417,93.4612
92.5417,93.8787
92.5417,94.0925
92.5417,94.439
92.5417,93.2481
92.5417,93.5938
92.5417,93.8863
92.1157,93.3539
92.098,93.6765
92.3901,93.8785
92.4239,93.4468
92.0372,93.6946
92.0372,94.0994
92.2805,96.3228
92.2805,96.1621
92.2805,93.9757
92.2805,94.2106
92.2004,93.3605
91.3833,92.9393
92.2805,92.9444
91.9912,93.7893
92.0114,93.7246
91.7322,93.7942
91.8018,93.8059
91.8338,93.4736
91.8338,93.0437
91.8338,92.5972
91.8338,92.7289
91.8338,93.0846
91.8338,93.3575
91.8338,93.0904
90.9366,92.7498
91.8338,92.6422
91.8338,92.8794
91.2995,93.598
91.3516,92.4733
91.8122,92.5825
91.8122,93.6558
91.8122,92.5142
91.8122,92.6326
89.0977,92.0029
91.8122,93.0705
91.8122,92.5905
91.8122,92.6663
91.8122,92.3966
91.8122,92.6683
91.8122,94.065
91.2779,93.3636
91.2779,92.9645
91.8122,92.7677
91.8122,92.4852
91.7832,92.7734
91.227,93.7067
91.6904,93.6424
91.6904,93.0965
91.6904,93.7125
91.6904,93.0124
91.5791,92.75
91.6191,92.4974
91.6191,92.0359
91.6191,92.5421
91.6191,92.9807
91.6191,93.0582
91.6191,93.0142
91.6191,93.1395
91.0848,92.7929
91.6191,92.6017
91.6191,93.139
91.6191,92.6249
91.0848,92.2619
91.498,92.3693
91.6191,92.2019
91.6191,92.4705
90.9276,92.168
90.5421,92.5954
91.5901,93.3468
91.6191,92.5111
91.1369,92.1135
91.558,92.9299
91.558,92.6531
91.4193,92.0165
91.0237,92.8119
91.166,92.5608
91.166,92.9143
91.166,92.1825
91.166,92.1697
89.8773,92.3423
91.0405,92.1013
91.0405,92.5116
90.993,92.4295
89.7518,91.9821
91.0405,92.8064
91.0405,92.1947
91.0405,92.1324
91.0405,92.7233
91.0405,91.9909
90.602,92.0538
91.0405,93.4533
91.0405,92.0085
91.0405,91.6713
90.9532,91.8458
91.0405,92.1188
91.0405,92.1868
91.0084,92.6558
91.0405,92.8518
90.5062,92.766
90.6471,93.7526
90.6471,91.6736
90.6471,90.9331
90.5671,90.9604
90.6471,91.9601
89.5701,91.372
90.6471,91.5923
90.6471,91.0763
89.4919,92.0558
90.6471,91.6504
90.6471,92.1094
90.6471,91.9887
90.6471,91.5924
90.5651,92.4387
90.615,91.4482
90.498,90.9266
90.615,92.869
90.615,92.3332
89.8157,91.4306
90.5483,92.4395
90.5598,93.5593
90.5482,93.2166
90.0433,92.0549
90.5598,92.2884
89.7193,91.8184
90.0433,92.0536
89.9633,91.9834
90.0433,91.652
90.0433,91.4797
90.0433,90.9889
90.0433,90.5848
89.9067,90.3262
90.0433,91.0966
90.0433,90.8203
90.0433,90.9162
89.9587,91.2015
89.5611,90.3863
89.7409,90.4076
89.9614,91.0047
89.9614,91.7945
89.9614,90.2458
89.9614,90.5751
89.9614,91.3316
89.9614,91.8981
89.9614,90.8188
89.9614,90.4786
89.1997,90.6518
89.9614,90.551
89.9614,90.7426
89.9614,90.6236
89.9614,90.9164
89.9419,90.5922
89.9614,90.6564
89.9614,90.9246
89.9614,91.4853
89.9614,90.7322
89.85,91.8597
89.9614,90.643
89.9614,90.6459
89.9614,90.6279
89.9614,90.5305
89.9614,91.506
89.9614,90.7527
89.8786,91.5149
89.9614,91.1722
89.9614,90.8232
89.8443,90.7666
89.9614,91.0339
89.6422,91.1804
89.9614,90.9039
89.9614,91.7254
89.9614,90.874
89.9614,91.2298
89.9614,91.5104
89.9614,91.2739
89.9614,90.5059
89.9556,90.4042
89.9614,90.468
89.9614,90.4615
89.9614,90.2913
89.9614,91.1589
89.9614,91.6793
89.9614,90.705
89.9614,90.6547
89.9614,90.6079
89.9614,91.5714
89.6652,91.6549
89.9614,90.7728
89.1208,90.6472
89.8786,90.4221
89.8786,91.1628
89.5595,90.3442
89.6661,90.6718
89.6661,91.9906
89.6661,90.8662
89.6661,91.2468
89.6661,91.6274
89.6661,91.0786
89.6661,90.2472
89.6661,90.187
89.6661,92.1639
89.6661,91.2385
89.6661,90.5453
89.5273,90.5833
89.6661,90.521
89.6661,89.9748
89.6661,90.8806
89.6661,90.7521
89.6661,90.3501
89.6661,90.8245
89.6661,91.1777
88.4008,90.1994
89.6661,89.9462
89.6661,90.4126
89.6661,90.767
88.4008,90.5267
89.6661,90.0722
89.6661,90.2983
89.6661,91.2267
89.6661,91.1692
89.6661,90.5524
89.6661,91.1359
89.6661,90.3292
89.6661,90.1943
89.2202,90.6649
89.6661,90.4318
89.6661,91.5327
89.6661,90.4281
89.1838,90.7115
89.6661,90.7597
89.6661,91.1474
89.6661,90.4728
89.6661,90.7666
89.6661,89.7779
89.3703,90.0212
89.6661,90.799
89.6614,90.4057
89.6661,90.1288
89.6661,90.1012
89.1838,90.1139
89.6661,90.5377
89.6661,90.955
89.6661,91.455
89.6661,90.6458
89.6661,90.2402
89.6661,90.1666
89.4882,90.3634
89.6661,90.0949
89.6661,90.2553
89.6661,89.7563
89.6661,91.2227
89.6661,90.0709
89.6661,90.1722
89.6661,90.195
89.6661,91.0497
89.6661,89.8727
89.6661,89.9215
89.6661,89.9705
89.6661,90.0656
89.6661,90.1395
89.6661,90.1854
89.5814,90.4102
88.5891,90.6012
89.6661,90.8851
89.6661,91.684
89.6661,90.9637
89.6661,90.2534
89.6661,91.3032
89.6661,90.3287
89.6661,90.4131
88.5891,90.7938
89.2275,91.3275
89.2275,91.7575
89.2275,90.5036
89.2275,91.1599
88.7453,90.5854
89.2275,90.5591
89.0909,91.1904
89.2275,89.9062
89.2275,90.5622
89.2275,91.5475
89.2275,91.6825
89.2275,91.2767
89.2275,91.2134
89.2275,91.4786
89.0071,90.5332
89.2275,90.3514
89.2139,90.2763
89.2275,89.6045
89.2275,89.9917
89.2275,89.8666
89.2275,90.0878
89.0071,89.9511
89.2275,90.3992
89.2275,90.5294
89.2275,90.9937
89.2275,90.6065
88.3392,91.3987
89.2139,90.3251
89.2173,89.6953
89.2173,89.6652
88.7453,90.2792
89.2173,91.1827
89.2173,90.8718
89.2173,90.4022
89.2173,89.8065
89.2173,90.173
89.2173,91.1644
89.1114,90.2441
89.2173,90.0332
89.2173,90.1227
88.7715,89.9735
89.2173,90.0871
89.2173,90.3102
89.2173,90.951
89.2173,90.5602
88.7351,89.9631
89.2173,89.4065
89.2173,89.4847
89.2173,89.6861
89.2173,90.2099
89.2173,90.1288
89.2173,89.6762
89.2173,90.6599
88.9216,90.4596
89.0807,91.5219
89.0807,90.4583
89.0807,89.3863
88.0037,89.3959
88.5713,90.9566
88.5713,89.2491
88.2756,89.6688
88.2756,89.8463
88.2394,90.4822
88.1558,89.9544
87.4303,90.4226
88.2709,89.4332
88.2426,89.1453
88.2709,89.8399
88.2709,89.0557
