14.1686,17.2391
13.5296,14.9723
12.7303,13.7766
11.7238,12.9036
11.57,12.2756
11.1062,11.7459
11.0425,11.3271
10.6638,11.1509
10.1297,10.7794
10.3138,10.4705
10.0793,10.3054
9.23259,10.1735
9.08146,9.62727
8.8613,9.2357
8.88139,8.98954
8.60366,8.89073
8.5129,8.71916
8.42427,8.54491
8.39253,8.48693
8.34459,8.43363
8.34459,8.363
8.22239,8.34337
8.02016,8.33946
7.6876,8.26074
8.15168,8.15542
8.14902,8.15539
8.14902,8.15539
8.15546,8.15546
8.06593,8.15456
7.85694,8.1521
8.11874,8.14004
8.11874,8.12114
8.11874,8.11874
7.97375,8.11729
8.01212,8.11767
7.87843,8.11586
8.07129,8.11538
7.92499,8.06983
8.07129,8.07129
8.07129,8.07129
7.98031,8.07038
8.07129,8.07129
8.07129,8.07129
8.07129,8.07129
7.96035,8.06955
7.75344,8.04028
8.00769,8.01406
7.86782,8.01259
7.73638,8.00838
7.91404,8.00584
7.9167,7.95772
7.9167,7.9167
7.82306,7.91577
7.85728,7.91611
7.90139,7.91655
7.9167,7.9167
7.80577,7.9156
7.6454,7.91352
7.71076,7.89098
7.5733,7.81026
7.49177,7.6763
7.43234,7.52627
7.46354,7.47725
7.46354,7.46354
7.46354,7.46354
7.40412,7.46295
7.40412,7.46295
7.33247,7.46147
7.25975,7.41875
7.16624,7.30715
7.1687,7.25883
7.25975,7.25975
7.20826,7.25919
7.24777,7.25799
6.9342,7.24975
7.18571,7.2652
7.18571,7.18905
7.18571,7.18571
7.1045,7.1849
7.18571,7.18571
7.18571,7.18571
7.18571,7.18571
7.18571,7.18571
7.13423,7.18475
7.14084,7.16682
7.14084,7.14084
7.14084,7.14084
7.14084,7.14084
7.14084,7.14084
7.14084,7.14084
7.14084,7.14084
7.14084,7.14084
7.14084,7.14084
7.14084,7.14084
7.08935,7.14032
7.14084,7.14084
7.14084,7.14084
7.14084,7.14084
7.08935,7.14032
6.6509,7.13346
6.84939,7.00469
6.89359,6.89359
6.81677,6.89282
6.72736,6.89193
6.40366,6.88869
6.40366,6.88869
6.89359,6.89359
6.89359,6.89359
6.89359,6.89359
6.89359,6.89359
6.89359,6.89359
6.81677,6.89282
6.84211,6.89308
6.81677,6.89282
6.85888,6.89324
6.89359,6.89359
6.89359,6.89359
6.89359,6.89359
6.89359,6.89359
6.89359,6.89359
6.89359,6.89359
6.89359,6.89359
6.40366,6.88869
6.79468,6.89126
6.81677,6.8562
6.81677,6.81677
6.80323,6.81663
6.75911,6.81619
6.81677,6.81677
6.55772,6.81418
6.81677,6.81677
6.77213,6.81632
6.81677,6.81677
6.80323,6.81663
6.81677,6.81677
6.75911,6.81619
6.81677,6.81677
6.81677,6.81677
6.81677,6.81677
6.81677,6.81677
6.81677,6.81677
6.81677,6.81677
6.81677,6.81677
6.81677,6.81677
6.81677,6.81677
6.81677,6.81677
6.75291,6.81613
6.81677,6.81677
6.81677,6.81677
6.80323,6.81663
6.59243,6.81452
6.73556,6.81595
6.81677,6.81677
6.81677,6.81677
6.81677,6.81677
6.81677,6.81677
6.73556,6.81595
6.77213,6.81562
6.78205,6.79628
6.78205,6.78205
6.78205,6.78205
6.76664,6.7819
6.66744,6.78091
6.55772,6.77981
6.78205,6.78205
6.78205,6.78205
6.78205,6.78205
6.78205,6.78205
6.78205,6.78205
6.72439,6.78147
6.55772,6.77992
6.77821,6.78201
6.78205,6.78205
6.73742,6.78161
6.78205,6.78205
6.78205,6.78205
6.78205,6.78205
6.55772,6.77753
6.55772,6.65836
6.55772,6.55772
6.55772,6.55772
6.50006,6.55714
6.55772,6.55772
6.55772,6.55772
6.06778,6.55282
6.55772,6.55772
6.55772,6.55772
6.50844,6.55722
6.55772,6.55772
6.55772,6.55772
6.55772,6.55772
6.55772,6.55772
6.55772,6.55772
6.44311,6.55657
6.44311,6.55527
6.39383,6.49441
6.44311,6.44311
6.44311,6.4526
6.39383,6.44262
6.44311,6.44311
6.44311,6.44311
6.44311,6.44311
6.44311,6.44311
6.44311,6.44311
6.44311,6.44311
6.44311,6.44311
6.44311,6.44311
6.39383,6.44212
6.39383,6.42065
6.39383,6.39383
6.39383,6.39383
6.39383,6.39383
6.39383,6.39383
6.39383,6.39383
6.37031,6.39359
6.39383,6.39383
6.39383,6.39383
6.37031,6.39359
6.39383,6.39383
6.31262,6.39301
6.39383,6.39383
6.39383,6.39383
6.38003,6.39369
6.38003,6.39369
6.39383,6.39383
6.39383,6.39383
6.31262,6.39301
6.39383,6.39383
6.39383,6.39383
6.39383,6.39383
6.39383,6.39383
5.90389,6.38788
6.31262,6.35147
6.31262,6.31262
6.31262,6.31262
6.31262,6.31262
6.31262,6.31262
6.31262,6.31262
6.31262,6.31262
6.31262,6.31262
6.31262,6.31262
6.31262,6.31262
6.31262,6.31262
6.31262,6.3134
6.31262,6.31262
6.31262,6.31262
6.31262,6.31262
6.31262,6.31262
6.31262,6.31262
6.31262,6.31262
6.25496,6.31204
6.31262,6.31262
6.31262,6.31262
6.31262,6.31262
6.31262,6.31262
6.31262,6.31262
6.31262,6.31262
6.31262,6.31262
6.31262,6.31262
6.31262,6.31262
6.31262,6.31262
6.31262,6.31262
6.31262,6.31262
6.31262,6.31262
6.29882,6.31248
6.31262,6.31262
6.31262,6.31262
6.31262,6.31262
6.31262,6.31262
6.31262,6.31262
6.31262,6.31262
6.31262,6.31262
5.82268,6.30772
6.31262,6.31262
6.31262,6.31262
6.31262,6.31262
6.31262,6.31262
6.31262,6.31262
6.31262,6.31262
6.31262,6.31262
6.31262,6.31262
6.25496,6.31179
6.25496,6.30114
6.25496,6.26768
6.25496,6.25496
6.25496,6.25496
6.25496,6.25496
6.24255,6.25483
6.18804,6.25429
6.25496,6.25496
6.25496,6.25496
6.18804,6.25404
6.24255,6.27662
6.21904,6.24232
6.24255,6.24255
6.24255,6.24255
6.24255,6.24255
6.24255,6.24255
6.22875,6.24241
6.22875,6.24241
6.24255,6.24255
6.22216,6.24235
6.24255,6.24255
6.24255,6.24255
6.24255,6.24255
6.24255,6.24255
6.24255,6.24255
6.24255,6.24255
6.24255,6.24609
6.22542,6.24238
6.24255,6.24255
6.24255,6.24255
6.21904,6.24232
6.24255,6.24255
6.24255,6.24255
6.24255,6.24255
6.24255,6.24255
6.24255,6.24255
6.24255,6.24255
6.24255,6.24255
6.22542,6.24238
6.17564,6.24188
6.22216,6.24235
6.24255,6.24255
6.24255,6.24255
6.17564,6.24171
6.22542,6.2442
6.22542,6.22542
6.22542,6.22542
6.22542,6.22542
6.21162,6.22528
6.22542,6.22542
6.22542,6.22542
6.22542,6.22542
6.22542,6.22542
6.22542,6.22542
6.22542,6.22542
6.22542,6.22542
6.22542,6.22542
6.22542,6.22542
6.22542,6.22542
6.1585,6.22475
6.21162,6.22528
6.22542,6.22542
6.22542,6.22542
6.22542,6.22542
6.22542,6.22542
6.22542,6.22542
6.22542,6.22542
6.22542,6.22542
6.22542,6.22542
6.22542,6.22542
6.22542,6.22542
6.22542,6.22542
6.22542,6.22542
6.22542,6.22542
6.21162,6.22528
6.1585,6.22454
6.20502,6.2138
6.1815,6.20478
6.20502,6.20502
6.20502,6.20502
6.20502,6.20502
6.20502,6.20502
6.20502,6.20502
6.20502,6.20502
6.20502,6.20502
6.20502,6.20502
6.20502,6.20502
6.20502,6.20502
6.20502,6.20502
6.20502,6.20502
6.20502,6.20502
6.20502,6.20502
6.20502,6.20502
6.20502,6.20502
6.20502,6.20502
6.20502,6.20502
6.20502,6.20502
6.20502,6.20502
6.20502,6.20502
6.20502,6.20502
6.19122,6.20488
6.20502,6.20502
6.20502,6.20502
6.20502,6.20502
6.14744,6.20444
6.14744,6.20444
6.20502,6.20502
6.14744,6.20444
6.20502,6.20502
6.20502,6.20502
6.14744,6.20444
6.19122,6.20488
6.20502,6.20502
6.20502,6.20502
6.20502,6.20502
6.19122,6.20488
6.14744,6.20444
6.20502,6.20502
6.20502,6.20502
6.1815,6.20478
6.20502,6.20502
6.20502,6.20502
6.20502,6.20517
6.20502,6.20502
6.20502,6.20502
6.20502,6.20502
6.20502,6.20502
6.20502,6.20502
6.20502,6.20502
6.20502,6.20502
6.20502,6.20502
6.20502,6.20502
6.20502,6.20502
6.20502,6.20502
6.20502,6.20502
6.20502,6.20502
6.20502,6.20502
6.20502,6.20502
6.14744,6.20431
6.19122,6.1985
6.13364,6.19065
6.19122,6.19122
6.19122,6.19122
6.19122,6.19122
6.19122,6.19122
6.19122,6.19122
6.13364,6.19065
6.19122,6.19122
6.19122,6.19122
6.13364,6.19065
6.19122,6.19122
6.19122,6.19122
6.19122,6.19122
6.19122,6.19122
6.19122,6.19122
6.16956,6.191
6.19122,6.19122
6.19122,6.19122
6.19122,6.19122
6.19122,6.19122
6.19122,6.19122
6.19122,6.19122
6.19122,6.19122
6.19122,6.19122
6.19122,6.19122
6.19122,6.19122
6.19122,6.19122
6.13364,6.19065
6.19122,6.19122
6.19122,6.19122
6.19122,6.19122
6.19122,6.19122
6.19122,6.19122
6.16956,6.191
6.19122,6.19122
6.19122,6.19122
6.19122,6.19122
6.19122,6.19122
6.19122,6.19122
6.19122,6.19122
6.19122,6.19122
6.19122,6.19122
6.19122,6.19122
6.19122,6.19122
6.19122,6.19122
6.19122,6.19122
6.19122,6.19122
6.19122,6.19122
6.19122,6.19122
6.19122,6.19122
6.19122,6.19122
6.19122,6.19122
6.19122,6.19122
6.19122,6.19122
6.16956,6.191
6.19122,6.19122
6.19122,6.19122
6.16956,6.191
6.19122,6.19122
6.16956,6.191
6.13364,6.19065
6.19122,6.19122
6.19122,6.19122
6.19122,6.19122
6.19122,6.19122
6.19122,6.19122
6.19122,6.19122
6.19122,6.19122
6.19122,6.19122
6.19122,6.19122
6.19122,6.19122
6.19122,6.19122
6.19122,6.19122
6.19122,6.19122
6.19122,6.19122
6.19122,6.19122
6.19122,6.19122
6.19122,6.19122
6.19122,6.19122
6.19122,6.19122
6.19122,6.19122
6.19122,6.19122
6.19122,6.19122
6.19122,6.19122
6.19122,6.19122
6.19122,6.19122
6.19122,6.19122
6.16956,6.191
6.19122,6.19122
6.19122,6.19122
6.19122,6.19122
6.19122,6.19122
6.19122,6.19122
6.19122,6.19246
6.19122,6.19122
6.19122,6.19122
6.19122,6.19122
6.19122,6.19122
6.19122,6.19122
6.19122,6.19122
6.19122,6.19122
6.19122,6.19122
6.19122,6.19122
6.19122,6.19122
6.19122,6.19122
6.19122,6.19122
6.19122,6.19122
6.19122,6.19122
6.19122,6.19122
6.19122,6.19122
6.19122,6.19122
6.19122,6.19122
6.19122,6.19122
6.19122,6.19122
6.16956,6.191
6.19122,6.19122
6.19122,6.19122
6.19122,6.19122
6.19122,6.19122
6.19122,6.19122
6.19122,6.21231
6.19122,6.19122
6.19122,6.19122
6.19122,6.19122
6.19122,6.19122
6.19122,6.19122
6.19122,6.19122
6.19122,6.19122
6.19122,6.22525
6.19122,6.19208
6.13364,6.19065
6.19122,6.19122
6.19122,6.19122
6.19122,6.19122
6.19122,6.19122
6.19122,6.19122
6.19122,6.19122
6.13364,6.19065
6.19122,6.19122
6.19122,6.19122
6.19122,6.19122
6.19122,6.19122
6.19122,6.19122
6.19122,6.19122
6.19122,6.19122
6.19122,6.19122
6.19122,6.19122
6.19122,6.19122
6.19122,6.19122
6.19122,6.19122
6.16956,6.191
6.19122,6.19122
6.19122,6.19122
6.19122,6.19122
6.19122,6.19122
6.19122,6.19122
6.19122,6.19122
6.19122,6.19122
6.19122,6.19122
6.19122,6.19122
6.19122,6.19122
6.16956,6.191
6.19122,6.19122
6.19122,6.19122
6.19122,6.19122
6.19122,6.19122
6.19122,6.19122
6.19122,6.19122
6.19122,6.19122
6.19122,6.19122
6.19122,6.19122
6.19122,6.19122
6.19122,6.19122
6.19122,6.19122
6.19122,6.19122
6.19122,6.19122
6.19122,6.19122
6.19122,6.19122
6.19122,6.19122
6.19122,6.19122
6.19122,6.19122
6.19122,6.19122
6.19122,6.19122
6.19122,6.19122
6.16956,6.191
6.19122,6.19122
6.19122,6.19122
6.19122,6.19122
6.19122,6.19122
6.19122,6.19122
6.19122,6.19122
6.19122,6.19122
6.19122,6.19122
6.19122,6.19122
6.19122,6.19122
6.19122,6.19122
6.19122,6.19122
6.19122,6.19122
6.19122,6.19122
6.13364,6.19521
6.19122,6.19122
6.13364,6.19065
6.19122,6.19122
6.19122,6.19122
6.19122,6.19122
6.19122,6.19122
6.19122,6.19122
6.19122,6.19122
6.19122,6.19122
6.19122,6.19122
6.19122,6.19122
6.19122,6.19122
6.19122,6.19122
6.19122,6.19122
6.19122,6.19122
6.19122,6.19122
6.19122,6.19122
6.19122,6.19122
6.19122,6.19122
6.19122,6.19122
6.19122,6.19122
6.19122,6.19122
6.19122,6.19122
6.19122,6.19122
6.16956,6.191
6.19122,6.19122
6.19122,6.19122
6.19122,6.19122
6.19122,6.19122
6.19122,6.19122
6.19122,6.19122
6.19122,6.19122
6.19122,6.19122
6.19122,6.19122
6.19122,6.19122
6.19122,6.19122
6.19122,6.19122
6.19122,6.19122
6.19122,6.19122
6.19122,6.19122
6.19122,6.19122
6.19122,6.19122
6.19122,6.19122
6.19122,6.19122
6.16956,6.191
6.19122,6.19122
6.19122,6.19122
6.19122,6.19122
6.19122,6.19122
6.19122,6.19122
6.19122,6.19122
6.19122,6.19122
6.19122,6.19122
6.19122,6.19122
6.19122,6.19481
6.19122,6.19122
6.19122,6.19122
6.19122,6.19122
6.19122,6.20439
6.19122,6.19122
6.19122,6.19122
6.19122,6.19122
6.19122,6.19122
6.19122,6.19122
6.16956,6.191
6.19122,6.19122
6.19122,6.19122
6.19122,6.19122
6.19122,6.19122
6.19122,6.19122
6.19122,6.19122
6.19122,6.19122
6.13364,6.19065
6.19122,6.19122
6.19122,6.19122
6.19122,6.19122
6.19122,6.19122
6.19122,6.19122
6.19122,6.19122
6.19122,6.19122
6.19122,6.19122
6.19122,6.19122
6.19122,6.19122
6.19122,6.19122
6.19122,6.19122
6.13364,6.19065
6.19122,6.19122
6.19122,6.19122
6.19122,6.19122
6.19122,6.19122
6.19122,6.19122
6.19122,6.19122
6.19122,6.19122
6.19122,6.19122
6.19122,6.19122
6.13364,6.19065
6.19122,6.19122
6.19122,6.19122
6.19122,6.19122
6.19122,6.19122
6.19122,6.19122
6.13364,6.19065
6.19122,6.19122
6.19122,6.19122
6.19122,6.19122
6.19122,6.19122
6.19122,6.19122
6.19122,6.19122
6.19122,6.19122
6.19122,6.19122
6.19122,6.19122
6.19122,6.19122
6.19122,6.19122
6.19122,6.19122
6.19122,6.19122
6.19122,6.19122
6.19122,6.19122
6.19122,6.19122
6.19122,6.19122
6.19122,6.19122
6.19122,6.19122
6.19122,6.19122
6.19122,6.19122
6.19122,6.19122
6.19122,6.19122
6.13364,6.19065
6.19122,6.19122
6.19122,6.19122
6.19122,6.19122
6.19122,6.19122
6.19122,6.19122
6.19122,6.19122
6.19122,6.19122
6.19122,6.19122
6.19122,6.19122
6.19122,6.19122
6.13364,6.19065
6.19122,6.19122
6.16956,6.191
6.19122,6.19122
6.19122,6.19122
6.19122,6.19122
6.19122,6.19122
6.19122,6.19122
6.19122,6.19122
6.19122,6.19122
6.19122,6.19122
6.19122,6.19178
6.19122,6.19122
6.19122,6.19122
6.19122,6.19122
6.19122,6.19122
6.13364,6.19065
6.19122,6.19122
6.19122,6.19122
6.19122,6.19122
6.19122,6.19122
6.19122,6.19122
6.19122,6.19122
6.19122,6.19122
6.19122,6.19122
6.19122,6.19122
6.19122,6.19122
6.19122,6.19122
6.19122,6.19122
6.19122,6.19122
6.19122,6.19122
6.16956,6.19079
6.16956,6.18076
6.16956,6.16956
6.16956,6.16956
6.16956,6.16956
6.16956,6.16956
6.16956,6.16956
6.16956,6.16956
6.16956,6.16956
6.11198,6.16898
6.16956,6.16956
6.16956,6.16956
6.16956,6.16956
6.11198,6.16898
6.16956,6.16956
6.16956,6.16956
6.16956,6.16956
6.16956,6.16956
6.11198,6.16898
6.11198,6.16898
6.16956,6.16956
6.16956,6.16956
6.16956,6.16956
6.16956,6.16956
6.16956,6.16956
6.16956,6.16956
6.16956,6.16956
6.16956,6.16956
6.16956,6.16956
6.16956,6.16956
6.16956,6.16956
6.16956,6.16956
6.16956,6.16956
6.16956,6.16956
6.16956,6.16956
6.16956,6.16956
6.16956,6.16956
6.16956,6.16956
6.16956,6.16956
6.16956,6.16956
6.16956,6.16956
6.16956,6.16956
6.16956,6.16956
6.16956,6.16956
6.16956,6.16956
6.16956,6.16956
6.16956,6.16956
6.16956,6.16956
6.16956,6.16956
6.16956,6.16956
6.16956,6.16956
6.16956,6.16956
6.16956,6.16956
6.11198,6.16898
6.16956,6.16956
6.16956,6.16956
6.16956,6.16956
6.16956,6.16956
6.16956,6.16956
6.16956,6.16956
6.16956,6.16956
6.16956,6.16956
6.16956,6.16956
6.16956,6.16956
6.16956,6.16956
6.16956,6.16956
6.16956,6.16956
6.16956,6.17246
6.11198,6.16898
6.16956,6.17232
6.16956,6.16956
6.16956,6.16956
6.16956,6.16956
6.16956,6.16956
6.16956,6.16956
6.16956,6.16956
6.16956,6.16956
6.16956,6.16956
6.16956,6.17422
6.16956,6.16956
6.16956,6.16956
6.16956,6.16956
6.16956,6.16956
6.16956,6.16956
6.16956,6.16956
6.16956,6.16956
6.16956,6.16956
6.16956,6.16956
6.16956,6.16956
6.16956,6.16956
6.16956,6.16956
6.16956,6.16956
6.16956,6.16956
6.16956,6.16956
6.16956,6.16956
6.16956,6.16956
6.16956,6.16956
6.16956,6.16956
6.16956,6.16956
6.16956,6.16956
6.16956,6.16956
6.16956,6.16956
6.16956,6.16956
6.16956,6.16956
6.16956,6.16956
6.16956,6.16956
6.16956,6.16956
6.16956,6.16956
6.16956,6.16956
6.16956,6.16956
6.16956,6.16956
6.16956,6.16956
6.16956,6.16956
6.11198,6.16898
6.16956,6.16956
6.16956,6.16956
6.16956,6.16956
6.16956,6.16956
6.16956,6.16956
6.16956,6.16956
6.16956,6.16956
6.16956,6.16956
6.11198,6.16898
6.16956,6.16956
6.11198,6.16841
6.11198,6.14507
6.11198,6.11198
6.11198,6.11198
6.11198,6.11198
6.11198,6.11198
6.11198,6.11198
6.11198,6.11198
6.11198,6.11198
6.11198,6.11198
5.81415,6.109
6.11198,6.11198
6.11198,6.11198
6.11198,6.11198
6.11198,6.11198
6.11198,6.11198
6.11198,6.11198
6.11198,6.11198
6.11198,6.11395
6.11198,6.11198
5.81415,6.109
6.11198,6.11198
6.11198,6.11198
6.11198,6.11198
6.11198,6.11198
6.11198,6.11198
6.11198,6.11198
6.11198,6.11198
6.11198,6.11198
6.11198,6.11198
6.11198,6.11198
6.11198,6.11198
6.11198,6.11198
6.11198,6.11198
6.11198,6.11198
6.11198,6.11198
6.11198,6.11198
6.11198,6.11198
6.11198,6.11198
6.11198,6.11198
6.11198,6.11198
6.11198,6.11198
6.11198,6.11198
6.11198,6.11198
6.11198,6.11198
6.11198,6.11198
6.11198,6.11198
6.11198,6.11198
6.11198,6.11198
6.11198,6.11198
6.11198,6.11198
5.81415,6.109
6.11198,6.11198
6.11198,6.11198
6.11198,6.11198
6.11198,6.11198
6.11198,6.11198
6.11198,6.11198
6.11198,6.11198
6.11198,6.11198
6.11198,6.11198
6.11198,6.11198
6.11198,6.11198
6.11198,6.11198
6.11198,6.11198
6.11198,6.11198
6.11198,6.11198
6.11198,6.11198
6.11198,6.11198
6.11198,6.11198
6.11198,6.11198
6.11198,6.11198
6.11198,6.11198
6.11198,6.11198
6.11198,6.11198
6.11198,6.11198
6.11198,6.11198
6.11198,6.11198
6.11198,6.11198
6.11198,6.11198
6.11198,6.11198
6.11198,6.11198
6.11198,6.11198
6.11198,6.11198
5.81415,6.109
6.11198,6.11198
6.11198,6.11198
6.11198,6.11198
5.81415,6.109
6.11198,6.11198
6.11198,6.11198
6.11198,6.11198
6.11198,6.11198
6.11198,6.11198
6.11198,6.11198
6.11198,6.11198
6.11198,6.11198
6.11198,6.11198
6.11198,6.11198
6.11198,6.11198
6.11198,6.11198
6.11198,6.11198
6.11198,6.11198
5.81415,6.11083
6.11198,6.11198
5.81415,6.109
6.11198,6.11198
6.11198,6.11198
6.11198,6.11198
6.11198,6.11198
6.11198,6.11198
6.11198,6.11198
6.11198,6.11198
6.11198,6.11198
6.11198,6.11198
6.11198,6.11198
6.11198,6.11198
6.11198,6.11198
6.11198,6.11198
6.11198,6.11198
6.11198,6.11198
6.11198,6.11198
6.11198,6.11198
6.11198,6.11198
6.11198,6.11198
6.11198,6.11198
6.11198,6.11198
6.11198,6.11198
6.11198,6.11198
6.11198,6.1136
6.11198,6.11198
6.11198,6.11198
6.11198,6.11198
5.81415,6.109
6.11198,6.11198
6.11198,6.11198
6.11198,6.12784
6.11198,6.11198
6.11198,6.11198
6.11198,6.11198
6.11198,6.11198
6.11198,6.11198
6.11198,6.11198
6.11198,6.11198
6.11198,6.11198
6.11198,6.11198
6.11198,6.11198
6.11198,6.11198
6.11198,6.11198
6.11198,6.11198
6.11198,6.11198
6.11198,6.11198
6.11198,6.11198
6.11198,6.11198
5.81415,6.109
6.11198,6.11198
6.11198,6.11198
6.11198,6.11198
6.11198,6.11198
6.11198,6.11198
6.11198,6.11198
6.11198,6.11198
6.11198,6.11198
6.11198,6.11198
6.11198,6.11198
6.11198,6.11198
6.11198,6.11198
6.11198,6.11198
6.11198,6.11198
6.11198,6.11198
6.11198,6.11198
6.11198,6.11198
6.11198,6.11198
6.11198,6.11198
6.11198,6.11198
6.11198,6.11198
5.81415,6.109
6.11198,6.11198
6.11198,6.11198
6.11198,6.11198
5.81415,6.109
6.11198,6.11198
6.11198,6.11198
6.11198,6.11198
6.11198,6.11198
6.11198,6.11198
6.11198,6.11198
6.11198,6.11198
5.81415,6.109
6.11198,6.11198
6.11198,6.11198
6.11198,6.11198
6.11198,6.11198
6.11198,6.11198
6.11198,6.11198
6.11198,6.11198
6.11198,6.11198
6.11198,6.11198
6.11198,6.11198
6.11198,6.11198
6.11198,6.13615
6.11198,6.11198
6.11198,6.11198
6.11198,6.11198
6.11198,6.11198
6.11198,6.11198
6.11198,6.11198
6.11198,6.11198
6.11198,6.11198
6.11198,6.11198
6.11198,6.11198
6.11198,6.11198
6.11198,6.11198
6.11198,6.11198
6.11198,6.11198
6.11198,6.11198
6.11198,6.11198
6.11198,6.11198
6.11198,6.11198
6.11198,6.11198
6.11198,6.11198
6.11198,6.11198
6.11198,6.11198
6.11198,6.11198
6.11198,6.11198
6.11198,6.11198
6.11198,6.11198
6.11198,6.11198
6.11198,6.11198
6.11198,6.11198
6.11198,6.11198
6.11198,6.11198
6.11198,6.11198
6.11198,6.11198
6.11198,6.11198
6.11198,6.11198
6.11198,6.11198
6.11198,6.11279
6.11198,6.11198
6.11198,6.11198
6.11198,6.11198
6.11198,6.11198
6.11198,6.11198
6.11198,6.11198
6.11198,6.11198
6.11198,6.11198
6.11198,6.11198
6.11198,6.11198
6.11198,6.11198
6.11198,6.11198
6.11198,6.11198
6.11198,6.11198
6.11198,6.11198
6.11198,6.11198
6.11198,6.11198
6.11198,6.11198
6.11198,6.11198
5.81415,6.109
6.11198,6.11198
6.11198,6.11198
6.11198,6.11198
6.11198,6.11198
6.11198,6.11198
6.11198,6.11198
5.81415,6.109
6.11198,6.11198
6.11198,6.11198
6.11198,6.11198
6.11198,6.11198
6.11198,6.11198
6.11198,6.11198
6.11198,6.11198
6.11198,6.11198
6.11198,6.11198
6.11198,6.11198
6.11198,6.11198
6.11198,6.11198
6.11198,6.11198
6.11198,6.11198
5.81415,6.109
6.11198,6.11198
6.11198,6.11198
6.11198,6.11198
6.11198,6.11198
6.11198,6.11198
6.11198,6.11198
6.11198,6.11198
5.81415,6.109
6.11198,6.11198
6.11198,6.11198
6.11198,6.11198
6.11198,6.11198
6.11198,6.11198
6.11198,6.11198
6.11198,6.11198
6.11198,6.11198
6.11198,6.11198
6.11198,6.11198
6.11198,6.11198
6.11198,6.11198
6.11198,6.11198
6.11198,6.11198
6.11198,6.11198
6.11198,6.11198
5.81415,6.109
6.11198,6.11198
6.11198,6.11198
6.11198,6.11198
6.11198,6.11198
6.11198,6.11198
6.11198,6.11198
6.11198,6.11198
6.11198,6.11198
6.11198,6.11198
6.11198,6.11198
6.11198,6.11198
6.11198,6.11198
6.11198,6.11198
6.11198,6.11198
6.11198,6.11198
6.11198,6.11198
5.81415,6.109
6.11198,6.11198
6.11198,6.11198
5.81415,6.109
6.11198,6.11198
6.11198,6.11198
6.11198,6.11198
5.81415,6.109
6.11198,6.11198
6.11198,6.11198
6.11198,6.11198
6.11198,6.11198
6.11198,6.11198
6.11198,6.11198
6.11198,6.11198
6.11198,6.11198
6.11198,6.11198
6.11198,6.11198
6.11198,6.11198
6.11198,6.11198
6.11198,6.11198
6.11198,6.11198
6.11198,6.11198
6.11198,6.11198
6.11198,6.11198
6.11198,6.11198
6.11198,6.11198
6.11198,6.11198
6.11198,6.11198
6.11198,6.11198
6.11198,6.11275
6.11198,6.11198
5.81415,6.109
5.81415,6.109
5.81415,6.109
6.11198,6.11198
6.11198,6.11477
6.11198,6.11198
6.11198,6.11198
6.11198,6.11198
6.11198,6.11198
6.11198,6.11198
6.11198,6.11198
6.11198,6.11198
6.11198,6.11198
6.11198,6.11198
6.11198,6.11198
5.81415,6.109
6.11198,6.11198
6.11198,6.11198
6.11198,6.11198
6.11198,6.11198
6.11198,6.11198
6.11198,6.11198
6.11198,6.11198
6.11198,6.11198
6.11198,6.11198
6.11198,6.11198
6.11198,6.11198
6.11198,6.11198
6.11198,6.11198
6.11198,6.11198
6.11198,6.11198
6.11198,6.11198
6.11198,6.11198
6.11198,6.11198
6.11198,6.11198
6.11198,6.11198
6.11198,6.11198
6.11198,6.11198
6.11198,6.11198
5.81415,6.109
6.11198,6.11198
6.11198,6.11198
6.11198,6.11198
6.11198,6.11198
6.11198,6.11198
6.11198,6.11198
6.11198,6.11198
6.11198,6.11198
6.11198,6.11198
6.11198,6.11198
6.11198,6.11198
6.11198,6.11198
6.11198,6.11198
6.11198,6.11198
6.11198,6.11198
6.11198,6.11198
6.11198,6.11198
6.11198,6.11198
6.11198,6.11198
6.11198,6.11198
6.11198,6.11198
6.11198,6.11198
6.11198,6.11198
6.11198,6.11198
5.81415,6.10602
5.81415,5.96666
5.81415,5.81415
5.81415,5.82117
5.81415,5.81415
5.81415,5.81415
5.81415,5.81415
5.81415,5.81415
5.81415,5.81415
5.81415,5.81415
5.81415,5.81415
5.81415,5.81415
5.81415,5.81415
5.81415,5.81415
5.81415,5.81415
5.81415,5.81415
5.81415,5.81415
5.81415,5.81415
5.81415,5.81415
5.81415,5.81415
5.81415,5.81415
5.81415,5.81415
5.81415,5.81415
5.81415,5.81415
5.81415,5.81415
5.81415,5.81415
5.81415,5.81415
5.81415,5.81415
5.81415,5.81415
5.81415,5.81415
5.81415,5.81415
5.81415,5.81415
5.81415,5.81415
5.81415,5.81415
5.81415,5.81415
5.81415,5.81415
5.81415,5.81415
5.81415,5.81415
5.81415,5.81415
5.81415,5.81415
5.81415,5.81415
5.81415,5.81415
5.81415,5.81415
5.81415,5.81415
5.81415,5.81415
5.81415,5.81415
5.81415,5.81415
5.81415,5.81415
5.81415,5.81415
5.81415,5.81415
5.81415,5.81415
5.81415,5.81415
5.81415,5.81415
5.81415,5.81415
5.81415,5.81415
5.81415,5.81415
5.81415,5.81415
5.81415,5.81415
5.81415,5.81415
5.81415,5.81415
5.81415,5.81415
5.81415,5.81415
5.81415,5.81415
5.81415,5.81415
5.81415,5.81415
5.81415,5.81415
5.81415,5.81415
5.81415,5.81415
5.81415,5.81415
5.81415,5.81415
5.81415,5.81415
5.81415,5.81415
5.81415,5.81415
5.81415,5.81415
5.81415,5.81415
5.81415,5.81415
5.81415,5.81415
5.81415,5.81415
5.81415,5.81415
5.81415,5.81415
5.81415,5.81415
5.81415,5.81415
5.81415,5.81415
5.81415,5.81415
5.81415,5.8143
5.81415,5.81415
5.81415,5.81415
5.81415,5.81415
5.81415,5.81415
5.81415,5.81415
5.81415,5.81415
5.81415,5.81415
5.81415,5.81415
5.81415,5.81415
5.81415,5.81415
5.81415,5.81415
5.81415,5.81415
5.81415,5.81415
5.81415,5.81415
5.81415,5.81415
5.81415,5.81415
5.81415,5.81415
5.81415,5.81415
5.81415,5.81415
5.81415,5.81415
5.81415,5.81415
5.81415,5.81415
5.81415,5.81415
5.81415,5.81415
5.81415,5.81415
5.81415,5.81415
5.81415,5.81415
5.81415,5.81415
5.81415,5.81415
5.81415,5.81415
5.81415,5.81415
5.81415,5.81415
5.81415,5.81415
5.81415,5.81415
5.81415,5.81415
5.81415,5.81415
5.81415,5.81415
5.81415,5.81415
5.81415,5.81415
5.81415,5.81415
5.81415,5.81415
5.81415,5.81415
5.81415,5.81415
5.81415,5.81415
5.81415,5.81415
5.81415,5.81415
5.81415,5.81415
5.81415,5.81415
5.81415,5.81415
5.81415,5.81415
5.81415,5.81415
5.81415,5.81415
5.81415,5.81415
5.81415,5.81415
5.81415,5.81415
5.81415,5.81415
5.81415,5.81415
5.81415,5.81415
5.81415,5.81415
5.81415,5.81415
5.81415,5.81415
5.81415,5.81415
5.81415,5.81415
5.81415,5.81415
5.81415,5.81415
5.81415,5.81415
5.81415,5.81415
5.81415,5.81415
5.81415,5.81415
5.81415,5.81415
5.81415,5.81415
5.81415,5.81415
5.81415,5.81415
5.81415,5.81415
5.81415,5.81415
5.81415,5.81415
5.81415,5.81415
5.81415,5.81415
5.81415,5.81415
5.81415,5.81415
5.81415,5.81415
5.81415,5.81415
5.81415,5.81415
5.81415,5.81415
5.81415,5.81415
5.81415,5.81415
5.81415,5.81415
5.81415,5.81415
5.81415,5.81415
5.81415,5.84205
5.81415,5.81415
5.81415,5.81415
5.81415,5.81415
5.81415,5.81415
5.81415,5.81415
5.81415,5.81439
5.81415,5.81415
5.81415,5.81415
5.81415,5.81415
5.81415,5.81415
5.81415,5.81415
5.81415,5.81415
5.81415,5.81415
5.81415,5.81415
5.81415,5.81415
5.81415,5.81415
5.81415,5.81415
5.81415,5.81415
5.81415,5.81415
5.81415,5.81415
5.81415,5.81415
5.81415,5.81415
5.81415,5.81415
5.81415,5.81415
5.81415,5.81415
5.81415,5.81415
5.81415,5.81415
5.81415,5.81415
5.81415,5.81415
5.81415,5.81415
5.81415,5.81415
5.81415,5.81415
5.81415,5.81415
5.81415,5.81415
5.81415,5.81415
5.81415,5.81415
5.81415,5.81415
5.81415,5.81415
5.81415,5.81415
5.81415,5.81415
5.81415,5.81415
5.81415,5.81415
5.81415,5.81415
5.81415,5.81415
5.81415,5.81415
5.81415,5.81415
5.81415,5.81415
5.81415,5.81415
5.81415,5.81415
5.81415,5.81415
5.81415,5.81415
5.81415,5.81415
5.81415,5.81415
5.81415,5.81415
5.81415,5.81415
5.81415,5.81415
5.81415,5.81415
5.81415,5.81415
5.81415,5.81415
5.81415,5.81415
5.81415,5.81415
5.81415,5.81415
5.81415,5.81415
5.81415,5.81415
5.81415,5.81415
5.81415,5.81415
5.81415,5.82223
5.81415,5.81415
5.81415,5.81415
5.81415,5.81415
5.81415,5.81415
5.81415,5.81415
5.81415,5.81415
5.81415,5.81415
5.81415,5.81415
5.81415,5.81415
5.81415,5.81415
5.81415,5.81415
5.81415,5.81415
5.81415,5.81415
5.81415,5.81415
5.81415,5.81415
5.81415,5.81415
5.81415,5.81415
5.81415,5.81415
5.81415,5.81415
5.81415,5.81415
5.81415,5.81415
5.81415,5.81415
5.81415,5.81415
5.81415,5.81415
5.81415,5.81415
5.81415,5.81415
5.81415,5.81415
5.81415,5.81415
5.81415,5.81415
5.81415,5.81415
5.81415,5.81415
5.81415,5.81415
5.81415,5.81415
5.81415,5.81415
5.81415,5.81415
5.81415,5.81415
5.81415,5.81415
5.81415,5.81415
5.81415,5.82526
5.81415,5.81415
5.81415,5.81415
5.81415,5.81415
5.81415,5.81415
5.81415,5.81415
5.81415,5.81415
5.81415,5.81415
5.81415,5.81415
5.81415,5.81415
5.81415,5.81415
5.81415,5.81415
5.81415,5.81415
5.81415,5.81415
5.81415,5.81415
5.81415,5.81415
5.81415,5.81415
5.81415,5.81415
5.81415,5.81415
5.81415,5.81415
5.81415,5.81415
5.81415,5.81415
5.81415,5.81415
5.81415,5.81415
5.81415,5.81415
5.81415,5.81415
5.81415,5.81415
5.81415,5.81415
5.81415,5.81415
5.81415,5.81415
5.81415,5.81415
5.81415,5.81415
5.81415,5.81415
5.81415,5.81415
5.81415,5.81415
5.81415,5.81415
5.81415,5.81415
5.81415,5.81415
5.81415,5.81415
5.81415,5.81415
5.81415,5.81415
5.81415,5.81415
5.81415,5.81415
5.81415,5.81415
5.81415,5.81415
5.81415,5.81415
5.81415,5.81415
5.81415,5.81415
5.81415,5.81415
5.81415,5.81415
5.81415,5.81415
5.81415,5.81415
5.81415,5.81415
5.81415,5.81415
5.81415,5.81415
5.81415,5.81415
5.81415,5.81415
5.81415,5.81415
5.81415,5.81415
5.81415,5.81415
5.81415,5.81415
5.81415,5.81415
5.81415,5.81415
5.81415,5.81415
5.81415,5.81415
5.81415,5.81415
5.81415,5.81415
5.81415,5.81415
5.81415,5.81415
5.81415,5.81415
5.81415,5.81415
5.81415,5.81415
5.81415,5.81415
5.81415,5.81415
5.81415,5.81415
5.81415,5.81415
5.81415,5.81415
5.81415,5.81415
5.81415,5.81415
5.81415,5.81415
5.81415,5.81415
5.81415,5.81415
5.81415,5.81415
5.81415,5.81415
5.81415,5.81415
5.81415,5.81415
5.81415,5.81415
5.81415,5.81415
5.81415,5.81415
5.81415,5.81415
5.81415,5.81415
5.81415,5.81415
5.81415,5.81415
5.81415,5.81415
5.81415,5.81464
5.81415,5.83016
5.81415,5.81415
5.81415,5.81415
5.81415,5.81415
5.81415,5.81415
5.81415,5.81415
5.81415,5.81415
5.81415,5.81415
5.81415,5.81415
5.81415,5.81415
5.81415,5.81415
5.81415,5.81415
5.81415,5.81415
5.81415,5.81415
5.81415,5.81415
5.81415,5.81415
5.81415,5.81415
5.81415,5.81415
5.81415,5.81415
5.81415,5.81415
5.81415,5.81415
5.81415,5.81415
5.81415,5.81415
5.81415,5.81415
5.81415,5.81415
5.81415,5.81415
5.81415,5.81415
5.81415,5.81415
5.81415,5.81415
5.81415,5.81415
5.81415,5.81415
5.81415,5.81415
5.81415,5.81415
5.81415,5.81415
5.81415,5.81415
5.81415,5.81415
5.81415,5.81415
5.81415,5.81415
5.81415,5.81415
5.81415,5.81415
5.81415,5.81415
5.81415,5.81415
5.81415,5.81415
5.81415,5.81415
5.81415,5.81415
5.81415,5.81415
5.81415,5.81415
5.81415,5.81415
5.81415,5.81415
5.81415,5.8386
5.81415,5.81415
5.81415,5.81415
5.81415,5.81415
5.81415,5.81415
5.81415,5.81415
5.81415,5.81415
5.81415,5.81415
5.81415,5.81415
5.81415,5.81415
5.81415,5.81415
5.81415,5.81415
5.81415,5.81415
5.81415,5.81415
5.81415,5.81415
5.81415,5.81415
5.81415,5.81415
5.81415,5.81415
5.81415,5.81415
5.81415,5.81415
5.81415,5.81415
5.81415,5.81415
5.81415,5.81415
5.81415,5.81415
5.81415,5.81415
5.81415,5.81415
5.81415,5.81415
5.81415,5.81415
5.81415,5.81415
5.81415,5.81415
5.81415,5.81415
5.81415,5.81415
5.81415,5.81415
5.81415,5.81415
5.81415,5.81415
5.81415,5.81415
5.81415,5.81415
5.81415,5.81415
5.81415,5.81415
5.81415,5.81415
5.81415,5.81415
5.81415,5.81415
5.81415,5.81415
5.81415,5.81415
5.81415,5.81415
5.81415,5.81415
5.81415,5.81415
5.81415,5.81415
5.81415,5.81415
5.81415,5.81415
5.81415,5.81415
5.81415,5.81415
5.81415,5.81415
5.81415,5.81415
5.81415,5.81415
5.81415,5.81415
5.81415,5.81415
5.81415,5.81415
5.81415,5.81415
5.81415,5.81415
5.81415,5.81415
5.81415,5.81415
5.81415,5.81415
5.81415,5.81415
5.81415,5.81415
5.81415,5.81415
5.81415,5.81415
5.81415,5.81415
5.81415,5.81415
5.81415,5.81415
5.81415,5.81415
5.81415,5.81415
5.81415,5.81415
5.81415,5.81415
5.81415,5.81415
5.81415,5.81415
5.81415,5.81415
5.81415,5.81415
5.81415,5.81415
5.81415,5.81415
5.81415,5.81415
5.81415,5.81415
5.81415,5.81415
5.81415,5.81415
5.81415,5.81415
5.81415,5.81415
5.81415,5.81415
5.81415,5.81415
5.81415,5.81415
5.81415,5.81415
5.81415,5.81415
5.81415,5.81415
5.81415,5.81415
5.81415,5.81415
5.81415,5.81415
5.81415,5.84554
5.81415,5.81415
5.81415,5.81415
5.81415,5.81415
5.81415,5.81415
5.81415,5.81415
5.81415,5.81415
5.81415,5.81415
5.81415,5.81415
5.81415,5.81415
5.81415,5.81415
5.81415,5.81415
5.81415,5.81415
5.81415,5.81415
5.81415,5.81415
5.81415,5.81415
5.81415,5.81415
5.81415,5.81415
5.81415,5.81415
5.81415,5.81415
5.81415,5.81415
5.81415,5.81415
5.81415,5.81415
5.81415,5.81415
5.81415,5.81415
5.81415,5.81415
5.81415,5.81415
5.81415,5.81415
5.81415,5.81415
5.81415,5.81415
5.81415,5.81415
5.81415,5.81415
5.81415,5.81415
5.81415,5.81415
5.81415,5.81415
5.81415,5.81415
5.81415,5.81415
5.81415,5.81415
5.81415,5.81415
5.81415,5.81415
5.81415,5.81415
5.81415,5.81415
5.81415,5.81415
5.81415,5.81415
5.81415,5.81415
5.81415,5.81415
5.81415,5.81415
5.81415,5.81415
5.81415,5.81415
5.81415,5.81415
5.81415,5.81415
5.81415,5.81415
5.81415,5.81415
5.81415,5.81415
5.81415,5.81415
5.81415,5.81415
5.81415,5.81415
5.81415,5.81415
5.81415,5.81415
5.81415,5.81415
5.81415,5.81415
5.81415,5.81415
5.81415,5.81415
5.81415,5.81415
5.81415,5.81415
5.81415,5.81415
5.81415,5.81415
5.81415,5.81415
5.81415,5.81415
5.81415,5.81415
5.81415,5.81415
5.81415,5.81415
5.81415,5.81415
5.81415,5.81415
5.81415,5.81415
5.81415,5.81415
5.81415,5.81415
5.81415,5.81415
5.81415,5.81415
5.81415,5.81415
5.81415,5.81415
5.81415,5.81415
5.81415,5.81415
5.81415,5.81415
5.81415,5.81415
5.81415,5.81415
5.81415,5.81415
5.81415,5.81415
5.81415,5.81415
5.81415,5.81415
5.81415,5.81415
5.81415,5.81415
5.81415,5.81415
5.81415,5.81415
5.81415,5.81415
5.81415,5.81415
5.81415,5.81415
5.81415,5.81415
5.81415,5.81415
5.81415,5.81415
5.81415,5.81415
5.81415,5.81415
5.81415,5.81415
5.81415,5.81415
5.81415,5.81415
5.81415,5.81415
5.81415,5.81415
5.81415,5.81415
5.81415,5.81415
5.81415,5.81415
5.81415,5.81415
5.81415,5.81415
5.81415,5.81415
5.81415,5.81415
5.81415,5.81415
5.81415,5.81415
5.81415,5.81415
5.81415,5.81415
5.81415,5.81415
5.81415,5.81415
5.81415,5.81415
5.81415,5.81415
5.81415,5.81415
5.81415,5.81415
5.81415,5.81415
5.81415,5.81415
5.81415,5.81415
5.81415,5.81415
5.81415,5.81415
5.81415,5.81415
5.81415,5.81415
5.81415,5.81415
5.81415,5.81415
5.81415,5.81415
5.81415,5.81415
5.81415,5.81415
5.81415,5.81415
5.81415,5.81415
5.81415,5.81415
5.81415,5.81415
5.81415,5.81415
5.81415,5.81415
5.81415,5.81415
5.81415,5.81415
5.81415,5.81415
5.81415,5.81415
5.81415,5.81415
5.81415,5.81415
5.81415,5.81415
5.81415,5.81415
5.81415,5.81415
