15.3359,17.2801
13.5639,15.3676
12.719,14.1546
11.8788,12.9133
10.9606,12.059
11.0334,11.5859
10.65,11.1473
10.2216,10.9195
10.2216,10.464
9.83237,10.2041
9.53528,9.94555
9.18215,9.74795
9.22599,9.47937
9.03398,9.34096
8.99671,9.20839
9.03901,9.11578
8.93609,9.03798
8.44868,9.03175
8.78289,8.97095
8.14235,8.90516
8.47734,8.757
8.13276,8.49952
8.04524,8.4236
8.31752,8.36137
8.20746,8.36741
8.20872,8.32591
8.17693,8.28943
8.07428,8.22935
8.20216,8.21255
8.03726,8.20548
8.12377,8.23121
8.18583,8.18836
8.06485,8.18462
8.01761,8.18404
8.17597,8.1808
8.17597,8.17597
7.70743,8.17117
7.95235,8.16808
8.16393,8.16393
8.04825,8.16277
8.16393,8.16393
8.13488,8.16317
7.92842,8.14516
7.7589,8.11088
7.72313,7.95185
7.66575,7.8644
7.32668,7.71993
7.3967,7.5049
7.36416,7.41428
7.24887,7.41027
7.40344,7.4035
7.32869,7.40269
7.19336,7.40134
7.3822,7.40322
7.40344,7.40344
7.40344,7.40344
7.32869,7.40269
7.19336,7.40134
7.29848,7.40218
7.2374,7.39128
7.27717,7.38999
7.21641,7.31905
7.1643,7.28874
7.1756,7.28885
7.28999,7.28999
7.1643,7.28874
7.26039,7.2897
7.28999,7.28999
6.9935,7.28625
7.09989,7.25759
7.09989,7.14388
7.09989,7.09989
7.09989,7.09989
7.07676,7.09966
7.09989,7.09989
7.07676,7.09966
7.02663,7.09895
7.07866,7.0897
7.07679,7.07864
7.07866,7.07866
7.07866,7.07866
7.07866,7.07868
7.07866,7.07866
6.98195,7.07769
7.07866,7.07866
7.07866,7.07866
7.07866,7.07866
6.91889,7.07546
6.91889,7.00047
6.89576,6.91866
6.91889,6.91889
6.91889,6.91889
6.91889,6.91889
6.91889,6.91889
6.7932,6.91763
6.91889,6.91889
6.89576,6.91866
6.91889,6.91889
6.8239,6.91794
6.77995,6.91748
6.91702,6.91805
6.91702,6.91702
6.91702,6.91702
6.89389,6.91679
6.88581,6.91671
6.91702,6.91702
6.77808,6.91563
6.91702,6.91702
6.91702,6.91702
6.91702,6.91702
6.91702,6.91702
6.91702,6.91702
6.77808,6.91563
6.91702,6.91702
6.91702,6.91702
6.91702,6.91702
6.91702,6.91702
6.91702,6.91702
6.91702,6.91702
6.82204,6.91607
6.79133,6.91576
6.89389,6.91679
6.91702,6.91702
6.91702,6.91702
6.91702,6.91702
6.82204,6.91607
6.91702,6.91702
6.91702,6.91702
6.91702,6.91702
6.91702,6.91702
6.91702,6.91702
6.91702,6.91702
6.91702,6.91702
6.91702,6.91702
6.91702,6.91702
6.91702,6.91702
6.91702,6.91702
6.91702,6.91702
6.91702,6.91702
6.91702,6.91702
6.91702,6.91702
6.91702,6.91702
6.91702,6.91702
6.91702,6.91702
6.91702,6.91702
6.91702,6.91702
6.79133,6.91576
6.91702,6.91702
6.82204,6.91607
6.89389,6.91679
6.72635,6.91511
6.76737,6.91552
6.91702,6.91702
6.91702,6.91702
6.91702,6.91702
6.91702,6.91702
6.91702,6.91702
6.91702,6.91702
6.91702,6.91702
6.76737,6.91552
6.91702,6.91702
6.91702,6.91702
6.82204,6.91607
6.89389,6.91679
6.91702,6.91702
6.91702,6.91702
6.76737,6.91457
6.82204,6.86668
6.82204,6.82204
6.7908,6.82173
6.82204,6.82204
6.81915,6.82201
6.81915,6.82201
6.7908,6.82173
6.82204,6.82204
6.82204,6.82204
6.82204,6.82204
6.79083,6.82173
6.82204,6.82204
6.82204,6.82204
6.69635,6.82078
6.82204,6.82204
6.69635,6.82078
6.82204,6.82204
6.82204,6.82204
6.58358,6.81965
6.79083,6.82173
6.80826,6.8219
6.58358,6.81962
6.81103,6.82048
6.81915,6.81915
6.80421,6.819
6.81915,6.81915
6.81915,6.81915
6.81915,6.81915
6.81915,6.81915
6.81915,6.81915
6.76737,6.81863
6.81915,6.81915
6.81915,6.81916
6.81915,6.81915
6.81915,6.81915
6.81915,6.81915
6.81915,6.81915
6.81915,6.81915
6.81915,6.81915
6.81915,6.81915
6.81915,6.81915
6.81915,6.81915
6.81915,6.81915
6.81915,6.81915
6.81915,6.81915
6.81103,6.81906
6.76737,6.81863
6.81915,6.81915
6.81915,6.81915
6.81915,6.81915
6.81915,6.81915
6.81915,6.81915
6.81915,6.81915
6.81915,6.81915
6.81915,6.81915
6.69345,6.81789
6.81915,6.81915
6.81915,6.81915
6.81915,6.81915
6.81915,6.82974
6.81915,6.81915
6.81915,6.81915
6.81915,6.81915
6.81103,6.81906
6.81915,6.81915
6.81915,6.81915
6.81915,6.81915
6.81915,6.81915
6.81915,6.81915
6.81915,6.81915
6.81915,6.81915
6.69345,6.81789
6.81915,6.81915
6.81915,6.81915
6.81915,6.81915
6.81915,6.81915
6.81915,6.81915
6.81915,6.81915
6.81915,6.81915
6.81915,6.81915
6.81915,6.81915
6.76737,6.81855
6.81103,6.81566
6.81103,6.81103
6.81103,6.81103
6.81103,6.81103
6.81103,6.81103
6.81103,6.81103
6.77983,6.81072
6.77983,6.81072
6.81103,6.82708
6.77983,6.81072
6.77549,6.81068
6.81103,6.81103
6.81103,6.81103
6.81103,6.81103
6.81103,6.81103
6.81103,6.81103
6.81103,6.81103
6.81103,6.81103
6.77983,6.81072
6.81103,6.81103
6.81103,6.81103
6.81103,6.81103
6.81103,6.81103
6.81103,6.81103
6.81103,6.81103
6.81103,6.81103
6.81103,6.81103
6.81103,6.81103
6.75318,6.81046
6.68534,6.80978
6.81103,6.81103
6.68534,6.80978
6.81103,6.81103
6.77549,6.81068
6.81103,6.81103
6.81103,6.81103
6.81103,6.81103
6.81103,6.81103
6.81103,6.81103
6.81103,6.81103
6.81103,6.81103
6.81103,6.81103
6.81103,6.81103
6.81103,6.81103
6.77549,6.81068
6.81103,6.81103
6.81103,6.81103
6.81103,6.81103
6.77549,6.81048
6.7908,6.7997
6.7908,6.7908
6.6651,6.78954
6.7232,6.79012
6.7908,6.7908
6.7908,6.7908
6.7908,6.7908
6.7908,6.7908
6.7908,6.7908
6.7908,6.7908
6.7908,6.7908
6.7908,6.7908
6.7908,6.7908
6.77586,6.79065
6.7908,6.7908
6.75959,6.79048
6.7908,6.7908
6.7908,6.7908
6.7908,6.7908
6.7908,6.7908
6.7908,6.7908
6.7908,6.7908
6.75959,6.79048
6.77586,6.79065
6.7908,6.7908
6.7908,6.7908
6.75959,6.79048
6.7908,6.7908
6.7908,6.7908
6.7908,6.7908
6.7908,6.7908
6.7908,6.7908
6.7908,6.7908
6.7908,6.7908
6.6651,6.78954
6.69822,6.78919
6.7069,6.75886
6.7232,6.7232
6.7232,6.7232
6.7232,6.7232
6.7232,6.7232
6.7232,6.7232
6.7232,6.7232
6.7232,6.7232
6.7232,6.7232
6.7232,6.7232
6.7069,6.72304
6.7232,6.7232
6.7232,6.7232
6.7232,6.7232
6.7232,6.7232
6.71737,6.72308
6.71737,6.72029
6.57776,6.71598
6.68617,6.71706
6.71737,6.71737
6.71737,6.71737
6.71737,6.71737
6.71737,6.71737
6.71737,6.71737
6.71737,6.71737
6.71737,6.71737
6.71737,6.71737
6.71737,6.71737
6.70244,6.71722
6.71737,6.71737
6.71737,6.71737
6.71737,6.71737
6.71737,6.71737
6.71737,6.71737
6.71737,6.71737
6.71737,6.71737
6.70244,6.71722
6.71737,6.71737
6.71737,6.71737
6.71737,6.71737
6.71737,6.71737
6.71737,6.71737
6.68617,6.71675
6.5637,6.70093
6.48657,6.63647
6.56047,6.57826
6.56047,6.56047
6.56047,6.56047
6.56047,6.56047
6.56047,6.56047
6.56047,6.56047
6.54992,6.56037
6.56047,6.56047
6.47122,6.55958
6.56047,6.56047
6.53881,6.56026
6.56047,6.56047
6.56047,6.56047
6.47122,6.55936
6.42086,6.54672
6.36757,6.5265
6.51672,6.51672
6.51672,6.51672
6.51672,6.51672
6.51672,6.51672
6.36757,6.51523
6.37711,6.51533
6.51672,6.51672
6.51672,6.51672
6.51672,6.51672
6.51672,6.51672
6.42746,6.51583
6.45116,6.51607
6.37711,6.51531
6.51473,6.51611
6.51473,6.51473
6.51473,6.51473
6.51473,6.51473
6.51473,6.51473
6.51473,6.51473
6.51473,6.51473
6.51473,6.51473
6.44917,6.51408
6.51473,6.51473
6.51473,6.51473
6.51473,6.51473
6.51473,6.51473
6.51473,6.51473
6.51473,6.51473
6.51473,6.51473
6.36558,6.51324
6.51473,6.51473
6.51473,6.51473
6.51473,6.51473
6.37512,6.51334
6.51473,6.51473
6.51473,6.51473
6.51473,6.51473
6.51473,6.51473
6.51473,6.51473
6.51473,6.51473
6.51473,6.51473
6.36558,6.51308
6.49844,6.50836
6.43287,6.49778
6.35882,6.49704
6.49844,6.49844
6.49844,6.49844
6.44095,6.49786
6.34928,6.49694
6.49844,6.49844
6.49844,6.49844
6.49844,6.49844
6.49844,6.49844
6.49844,6.49844
6.49844,6.49844
6.44095,6.49786
6.49844,6.49846
6.35882,6.49646
6.38993,6.46809
6.44095,6.44095
6.44095,6.44095
6.41117,6.44049
6.33244,6.43104
6.4249,6.4249
6.4249,6.4249
6.4249,6.4249
6.28529,6.42351
6.4249,6.4249
6.4249,6.4249
6.4249,6.4249
6.39512,6.42461
6.4249,6.4249
6.4249,6.4249
6.4249,6.4249
6.4249,6.4249
6.4249,6.4249
6.4249,6.4249
6.40208,6.42468
6.4249,6.4249
6.35934,6.42425
6.4249,6.4249
6.35934,6.42425
6.4249,6.4249
6.28529,6.42321
6.37112,6.41183
6.38527,6.39098
6.33149,6.38473
6.38527,6.38527
6.38527,6.38527
6.38527,6.38527
6.24565,6.38387
6.38527,6.38527
6.38527,6.38527
6.24565,6.38387
6.31971,6.38461
6.38527,6.38527
6.38527,6.38527
6.33312,6.38475
6.38527,6.38527
6.24565,6.38334
6.33149,6.35838
6.2775,6.33041
6.2775,6.30449
6.2775,6.2775
6.2775,6.2775
6.2775,6.2775
6.2775,6.2775
6.25929,6.27732
6.2775,6.2775
6.26085,6.27733
6.2775,6.2775
6.2775,6.2775
6.25929,6.27732
6.2775,6.2775
6.2775,6.2775
6.2775,6.2775
6.2775,6.2775
6.2775,6.2775
6.2775,6.2775
6.2775,6.2775
6.13788,6.27471
6.13788,6.2088
6.08496,6.13735
6.13788,6.13788
6.13788,6.13788
6.13788,6.13788
6.13788,6.13788
6.11963,6.1377
6.13788,6.13788
6.13788,6.13788
6.13788,6.13788
6.13788,6.13788
6.13788,6.13788
6.13788,6.13788
6.13788,6.13788
6.11967,6.1377
6.13788,6.13788
6.13788,6.13788
6.13788,6.13788
6.13788,6.13788
6.13788,6.13788
6.13788,6.13788
6.11967,6.1377
6.13788,6.13788
6.13788,6.13788
6.13788,6.13788
6.13788,6.13788
6.13788,6.13788
6.13788,6.13788
6.12123,6.13771
6.13788,6.13788
6.13788,6.13788
6.11963,6.1377
6.13788,6.13788
6.13788,6.13788
6.13788,6.13788
6.13788,6.13788
6.13788,6.13788
6.13788,6.13788
6.13531,6.13786
6.13788,6.13788
6.13788,6.13788
6.13788,6.13788
6.13788,6.13788
6.13531,6.13786
6.13788,6.13788
6.13788,6.13788
6.13788,6.13788
6.13788,6.13788
6.13788,6.13788
6.13788,6.13788
6.13788,6.13788
6.13788,6.13788
6.13788,6.13788
6.13788,6.13788
6.13788,6.13788
6.11963,6.1377
6.13788,6.13788
6.13788,6.13788
6.13788,6.13788
6.12123,6.13771
6.13788,6.13788
6.13788,6.13788
6.13788,6.13788
6.13788,6.13867
6.13788,6.13788
6.13531,6.13786
6.13531,6.13786
6.11963,6.1377
6.13788,6.13788
6.13788,6.13788
6.13788,6.13788
6.13788,6.13788
6.13788,6.13788
6.13788,6.13788
6.11967,6.1377
6.13788,6.13788
6.11967,6.1377
6.13788,6.13788
6.13788,6.13788
6.11967,6.1377
6.13788,6.13788
6.13788,6.13788
6.13788,6.13788
6.13788,6.13788
6.11963,6.1377
6.13788,6.13788
6.13788,6.13788
6.08496,6.13733
6.13345,6.13666
6.13531,6.13531
6.13531,6.13531
6.13531,6.13531
6.12631,6.13522
6.13531,6.13531
6.12631,6.13513
6.12631,6.13178
6.12631,6.12631
6.12631,6.12631
6.03162,6.1246
5.94646,6.09288
5.94646,6.03693
5.94646,5.98744
5.94646,5.94646
5.94646,5.94646
5.94646,5.94646
5.94646,5.94646
5.94646,5.94646
5.94646,5.94646
5.94646,5.94646
5.94646,5.94646
5.94646,5.94646
5.94646,5.94646
5.94646,5.94646
5.94646,5.94646
5.94646,5.94646
5.94646,5.94646
5.94646,5.94646
5.94646,5.94646
5.94646,5.94646
5.94646,5.94646
5.9298,5.94629
5.94646,5.94646
5.94646,5.94646
5.94646,5.94646
5.94646,5.94646
5.94646,5.94646
5.94646,5.94646
5.94646,5.94646
5.94646,5.94646
5.94646,5.94646
5.94646,5.94646
5.94646,5.94646
5.94646,5.94646
5.94646,5.94646
5.94646,5.94646
5.94646,5.94646
5.94646,5.94646
5.9298,5.94629
5.94646,5.94646
5.94646,5.94646
5.94646,5.94646
5.94646,5.94646
5.94646,5.94646
5.94646,5.94646
5.94646,5.94646
5.94646,5.94646
5.94646,5.94646
5.94646,5.94646
5.92892,5.94628
5.94646,5.94646
5.94646,5.94646
5.94646,5.94646
5.94646,5.94646
5.92892,5.94628
5.94646,5.94646
5.94646,5.94646
5.94646,5.94646
5.9298,5.94629
5.94646,5.94646
5.94646,5.94646
5.9298,5.94629
5.94646,5.94646
5.94646,5.94646
5.94646,5.94646
5.9298,5.94629
5.94646,5.94646
5.94646,5.94646
5.94646,5.94646
5.94646,5.94646
5.94646,5.94646
5.94646,5.94646
5.94646,5.94646
5.94646,5.94646
5.92892,5.94628
5.94646,5.94646
5.94646,5.94646
5.94646,5.94646
5.94646,5.94646
5.9298,5.94629
5.94646,5.94646
5.94646,5.94646
5.94646,5.94646
5.94646,5.94646
5.94646,5.94646
5.94646,5.94646
5.94646,5.94646
5.94646,5.94646
5.94646,5.94646
5.94646,5.94646
5.94646,5.94646
5.94646,5.94646
5.92892,5.94628
5.94646,5.94646
5.94646,5.94646
5.9298,5.94629
5.94646,5.94646
5.94646,5.94646
5.94646,5.94646
5.94646,5.94646
5.94646,5.94646
5.94646,5.94646
5.94646,5.94646
5.94646,5.94646
5.92892,5.94991
5.94646,5.94646
5.94646,5.94646
5.94646,5.94646
5.94646,5.94646
5.94646,5.94646
5.94646,5.94646
5.94646,5.94646
5.94646,5.94646
5.94646,5.94646
5.94646,5.94646
5.94646,5.94646
5.94646,5.94646
5.94646,5.94646
5.94646,5.94646
5.94646,5.94646
5.94646,5.94646
5.94646,5.94646
5.94646,5.94646
5.92892,5.94628
5.94646,5.94646
5.94646,5.94646
5.94646,5.94646
5.94646,5.94646
5.94646,5.94646
5.94646,5.94646
5.92892,5.94628
5.94646,5.94646
5.94646,5.94646
5.94646,5.94646
5.94646,5.94646
5.94646,5.94646
5.94646,5.94663
5.94646,5.94646
5.94646,5.94646
5.94646,5.94646
5.94646,5.94646
5.94646,5.94646
5.94646,5.95773
5.94646,5.94646
5.94646,5.94646
5.94646,5.94646
5.94646,5.94646
5.9298,5.94629
5.9298,5.94629
5.94646,5.94646
5.9298,5.94629
5.94646,5.94646
5.94646,5.94646
5.94646,5.94646
5.94646,5.94646
5.94646,5.94646
5.94646,5.94646
5.9298,5.94629
5.94646,5.94646
5.94646,5.94646
5.94646,5.94646
5.94646,5.94646
5.94646,5.94646
5.94646,5.94646
5.94646,5.94646
5.94646,5.94646
5.94646,5.94646
5.94646,5.94646
5.94646,5.94646
5.9298,5.94629
5.94646,5.94646
5.94646,5.94646
5.94646,5.94646
5.94646,5.94646
5.94646,5.94646
5.94646,5.94646
5.94646,5.94646
5.94646,5.94646
5.94646,5.94646
5.94646,5.94646
5.94646,5.94646
5.94646,5.94646
5.94646,5.94646
5.94646,5.94646
5.94646,5.94646
5.94646,5.94646
5.94646,5.94646
5.94646,5.94646
5.92892,5.94628
5.94646,5.94646
5.94646,5.94646
5.94646,5.94646
5.94646,5.94646
5.94646,5.94646
5.94646,5.94646
5.94646,5.94646
5.94646,5.94646
5.94646,5.94646
5.94646,5.94646
5.94646,5.94646
5.94646,5.94646
5.92892,5.94628
5.94646,5.94646
5.94646,5.94646
5.94646,5.94646
5.94646,5.94646
5.94646,5.94646
5.94646,5.94646
5.94646,5.94646
5.92892,5.94628
5.94646,5.94646
5.9298,5.94629
5.94646,5.94646
5.94646,5.94646
5.92892,5.94628
5.94646,5.94646
5.9298,5.94629
5.94646,5.94646
5.94646,5.94646
5.94646,5.94646
5.94646,5.94646
5.94646,5.94646
5.94646,5.94646
5.94646,5.94646
5.94646,5.94646
5.94646,5.94646
5.94646,5.94646
5.94646,5.94646
5.92892,5.94628
5.94646,5.94646
5.94646,5.94646
5.94646,5.94646
5.94646,5.94646
5.94646,5.94646
5.94646,5.94646
5.94646,5.94646
5.94646,5.94646
5.94646,5.94646
5.92892,5.94628
5.94646,5.94646
5.9298,5.94629
5.94646,5.94646
5.94646,5.94646
5.94646,5.94646
5.94646,5.94646
5.94646,5.94646
5.94646,5.94646
5.94646,5.94646
5.94646,5.94646
5.94646,5.94646
5.94646,5.94646
5.94646,5.94646
5.94646,5.94646
5.94646,5.94646
5.94646,5.94646
5.94646,5.94646
5.94646,5.94646
5.94646,5.94646
5.9298,5.94629
5.94646,5.94646
5.94646,5.94646
5.92892,5.94628
5.94646,5.94646
5.94646,5.94646
5.94646,5.94646
5.94646,5.94646
5.92892,5.94628
5.94646,5.94646
5.9298,5.94629
5.94646,5.94646
5.94646,5.94646
5.94646,5.94646
5.94646,5.94646
5.94646,5.94646
5.94646,5.94646
5.94646,5.94646
5.94646,5.94646
5.94646,5.94646
5.94646,5.95399
5.94646,5.94646
5.94646,5.94646
5.9298,5.94629
5.92892,5.94628
5.94646,5.94646
5.94646,5.94646
5.94646,5.94646
5.94646,5.94646
5.94646,5.94646
5.94646,5.94646
5.94646,5.94646
5.94646,5.94646
5.94646,5.94646
5.94646,5.94646
5.94646,5.94646
5.94646,5.94646
5.94646,5.94646
5.94646,5.94646
5.94646,5.94646
5.94646,5.94646
5.94646,5.94646
5.94646,5.94646
5.94646,5.94646
5.94646,5.94646
5.94646,5.94646
5.94646,5.94646
5.94646,5.94646
5.94646,5.94646
5.94646,5.94646
5.94646,5.94646
5.94646,5.94646
5.94646,5.94646
5.94646,5.94646
5.9298,5.94629
5.94646,5.94646
5.94646,5.94646
5.94646,5.94646
5.94646,5.94646
5.94646,5.94646
5.94646,5.94646
5.92892,5.94628
5.9298,5.94629
5.94646,5.94646
5.94646,5.94646
5.94646,5.95336
5.94646,5.94646
5.94646,5.94646
5.94646,5.94646
5.94646,5.94646
5.94646,5.94646
5.94646,5.94646
5.94646,5.94646
5.94646,5.94646
5.94646,5.94646
5.94646,5.94646
5.94646,5.94646
5.94646,5.94646
5.94646,5.94646
5.94646,5.94646
5.94646,5.94646
5.94646,5.94646
5.94646,5.94646
5.94646,5.94646
5.94646,5.94646
5.94646,5.94646
5.94646,5.94646
5.94646,5.94646
5.94646,5.94646
5.94646,5.94646
5.94646,5.94646
5.94646,5.94646
5.94646,5.94646
5.94646,5.94646
5.94646,5.94646
5.94646,5.94646
5.9298,5.94629
5.94646,5.94646
5.94646,5.94646
5.94646,5.94646
5.94646,5.94646
5.94646,5.94646
5.92892,5.94628
5.94646,5.94646
5.94646,5.94646
5.94646,5.94646
5.94646,5.94646
5.94646,5.94646
5.94646,5.94646
5.94646,5.94646
5.94646,5.94646
5.94646,5.94646
5.94646,5.94677
5.94646,5.94646
5.94646,5.94646
5.94646,5.94646
5.94646,5.94646
5.94646,5.94646
5.94646,5.94646
5.94646,5.94646
5.94646,5.94646
5.94646,5.94646
5.94646,5.94646
5.94646,5.94646
5.94646,5.94646
5.94646,5.94646
5.94646,5.94646
5.94646,5.94646
5.94646,5.94646
5.94646,5.94646
5.94646,5.94646
5.94646,5.94646
5.94646,5.94646
5.94646,5.94646
5.92892,5.94628
5.94646,5.94646
5.94646,5.94646
5.94646,5.94646
5.94646,5.94646
5.94646,5.94646
5.94646,5.94646
5.94646,5.94646
5.94646,5.94646
5.94646,5.94646
5.92892,5.94628
5.94646,5.94646
5.94646,5.94646
5.9298,5.94629
5.94646,5.94646
5.94646,5.94646
5.94646,5.94646
5.94646,5.94658
5.94646,5.94646
5.94646,5.94646
5.9298,5.94629
5.9298,5.94629
5.94646,5.94646
5.94646,5.94646
5.94646,5.94646
5.94646,5.94646
5.94646,5.94646
5.94646,5.94646
5.94646,5.94823
5.94646,5.94646
5.94646,5.94646
5.94646,5.94646
5.9298,5.94629
5.94646,5.94646
5.94646,5.94646
5.94646,5.94646
5.94646,5.94646
5.94646,5.94646
5.94646,5.94646
5.9298,5.94629
5.94646,5.94646
5.94646,5.94646
5.94646,5.94656
5.94646,5.94646
5.94646,5.94646
5.94646,5.94646
5.94646,5.94646
5.94646,5.94646
5.94646,5.94646
5.94646,5.94646
5.94646,5.94646
5.94646,5.94646
5.94646,5.94646
5.94646,5.94646
5.94646,5.94646
5.94646,5.94646
5.94646,5.94646
5.94646,5.94646
5.94646,5.94646
5.94646,5.94646
5.94646,5.94646
5.94646,5.94646
5.94646,5.94646
5.92892,5.94628
5.94646,5.94646
5.94646,5.94646
5.94646,5.94646
5.94646,5.94646
5.94646,5.94646
5.94646,5.94646
5.94646,5.94646
5.94646,5.94658
5.9298,5.94629
5.94646,5.94646
5.94646,5.94646
5.94646,5.94646
5.94646,5.94646
5.94646,5.94646
5.94646,5.94646
5.94646,5.95918
5.94646,5.94646
5.94646,5.94646
5.94646,5.94646
5.94646,5.94646
5.94646,5.94646
5.94646,5.94646
5.94646,5.94646
5.94646,5.94646
5.94646,5.94646
5.94646,5.94646
5.9298,5.94629
5.94646,5.94646
5.94646,5.94646
5.94646,5.94646
5.94646,5.94646
5.94646,5.94646
5.94646,5.94646
5.94646,5.94646
5.94646,5.94646
5.92892,5.94628
5.94646,5.94646
5.94646,5.94646
5.92892,5.94628
5.94646,5.94646
5.94646,5.94646
5.94646,5.94646
5.94646,5.94646
5.94646,5.94646
5.94646,5.94646
5.94646,5.94646
5.94646,5.94646
5.94646,5.94646
5.94646,5.94646
5.92892,5.94628
5.94646,5.94646
5.94646,5.94646
5.94646,5.94646
5.94646,5.94646
5.94646,5.94646
5.94646,5.94646
5.94646,5.94646
5.94646,5.94646
5.94646,5.94646
5.94646,5.94646
5.94646,5.94646
5.94646,5.94646
5.94646,5.94646
5.94646,5.94646
5.94646,5.94646
5.9298,5.94629
5.94646,5.94795
5.94646,5.94646
5.94646,5.94646
5.94646,5.94646
5.94646,5.94646
5.94646,5.94646
5.94646,5.94646
5.94646,5.94646
5.94646,5.94646
5.94646,5.94646
5.94646,5.94646
5.94646,5.94646
5.94646,5.94646
5.94646,5.94646
5.94646,5.94646
5.94646,5.94646
5.94646,5.94646
5.94646,5.94646
5.94646,5.94646
5.94646,5.94646
5.94646,5.94646
5.94646,5.94646
5.92892,5.94628
5.92892,5.94628
5.94646,5.94646
5.94646,5.94646
5.94646,5.94646
5.94646,5.94646
5.94646,5.94646
5.94646,5.94646
5.94646,5.94646
5.94646,5.94646
5.94646,5.94646
5.94646,5.94646
5.94646,5.94646
5.94646,5.94646
5.94646,5.94646
5.94646,5.94646
5.94646,5.94646
5.94646,5.94646
5.94646,5.94646
5.94646,5.94646
5.94646,5.94646
5.94646,5.94646
5.94646,5.94646
5.92892,5.94628
5.92892,5.94628
5.94646,5.94646
5.94646,5.94646
5.94646,5.94646
5.94646,5.94646
5.94646,5.94646
5.94646,5.94646
5.94646,5.94646
5.94646,5.94646
5.94646,5.94646
5.94646,5.94646
5.94646,5.94646
5.94646,5.94646
5.94646,5.94646
5.94646,5.94646
5.94646,5.94646
5.94646,5.94646
5.94646,5.94646
5.92892,5.94628
5.94646,5.94646
5.94646,5.94646
5.94646,5.94646
5.94646,5.94646
5.94646,5.94646
5.94646,5.94646
5.94646,5.94646
5.94646,5.94646
5.92892,5.94628
5.92892,5.94628
5.94646,5.94646
5.94646,5.94646
5.94646,5.94646
5.94646,5.94646
5.94646,5.94646
5.94646,5.94646
5.94646,5.94646
5.94646,5.94646
5.92892,5.94628
5.92892,5.94628
5.94646,5.94646
5.94646,5.94646
5.94646,5.94646
5.94646,5.94646
5.94646,5.94646
5.94646,5.94646
5.94646,5.94646
5.94646,5.94646
5.94646,5.94646
5.94646,5.94646
5.94646,5.94646
5.94646,5.94646
5.94646,5.94646
5.92892,5.94628
5.94646,5.94646
5.94646,5.94646
5.9298,5.94629
5.94646,5.94646
5.94646,5.94646
5.94646,5.94646
5.9298,5.94629
5.94646,5.94646
5.94646,5.94646
5.94646,5.94646
5.94646,5.94646
5.94646,5.94646
5.92892,5.94612
5.9298,5.9388
5.9298,5.9298
5.9298,5.9298
5.9298,5.9298
5.9298,5.9298
5.9298,5.9298
5.9298,5.9298
5.9298,5.9298
5.9298,5.9298
5.9298,5.9298
5.9298,5.9298
5.9298,5.9298
5.9298,5.9298
5.9298,5.9298
5.9298,5.9298
5.9298,5.9298
5.9298,5.9298
5.9298,5.9298
5.9298,5.9298
5.9298,5.9298
5.9298,5.9298
5.9298,5.9298
5.9298,5.9298
5.9298,5.9298
5.9298,5.9298
5.9298,5.9298
5.9298,5.9298
5.9298,5.9298
5.9298,5.9298
5.9298,5.9298
5.9298,5.9298
5.9298,5.9298
5.9298,5.9298
5.9298,5.9298
5.9298,5.9298
5.9298,5.9298
5.9298,5.9298
5.9298,5.9298
5.9298,5.9298
5.9298,5.9298
5.9298,5.9298
5.9298,5.9298
5.9298,5.9298
5.9298,5.9298
5.9298,5.9298
5.9298,5.9298
5.9298,5.9298
5.9298,5.9298
5.9298,5.9298
5.9298,5.93527
5.9298,5.9298
5.9298,5.9298
5.9298,5.9298
5.9298,5.9298
5.9298,5.9298
5.9298,5.9298
5.9298,5.9298
5.9298,5.9298
5.9298,5.9298
5.9298,5.9344
5.9298,5.9298
5.9298,5.9298
5.9298,5.9298
5.9298,5.9298
5.9298,5.9298
5.9298,5.9298
5.9298,5.9298
5.9298,5.9298
5.9298,5.9298
5.9298,5.9298
5.9298,5.9298
5.9298,5.93012
5.9298,5.9298
5.9298,5.9298
5.9298,5.9298
5.9298,5.9298
5.9298,5.9298
5.9298,5.9298
5.9298,5.9298
5.9298,5.9298
5.9298,5.9298
5.9298,5.9298
5.9298,5.9298
5.9298,5.9298
5.9298,5.9298
5.9298,5.9298
5.9298,5.9298
5.9298,5.9298
5.9298,5.9298
5.9298,5.9298
5.9298,5.9298
5.9298,5.9298
5.9298,5.9298
5.9298,5.9298
5.9298,5.9298
5.9298,5.9298
5.9298,5.9298
5.9298,5.9298
5.9298,5.9298
5.9298,5.9298
5.9298,5.9298
5.9298,5.9298
5.9298,5.9298
5.9298,5.9298
5.9298,5.9298
5.9298,5.9298
5.9298,5.9298
5.9298,5.9298
5.9298,5.9305
5.9298,5.9298
5.9298,5.9298
5.9298,5.9298
5.9298,5.9298
5.9298,5.9298
5.9298,5.9298
5.9298,5.9298
5.9298,5.9298
5.9298,5.9298
5.9298,5.9298
5.9298,5.9298
5.9298,5.9298
5.9298,5.9298
5.9298,5.9298
5.9298,5.9298
5.9298,5.9298
5.9298,5.9298
5.9298,5.9298
5.9298,5.9298
5.9298,5.9298
5.9298,5.9298
5.9298,5.9298
5.9298,5.9298
5.9298,5.9298
5.9298,5.9298
5.9298,5.9298
5.9298,5.9298
5.9298,5.9298
5.91226,5.92963
5.9298,5.9298
5.9298,5.9298
5.9298,5.9298
5.9298,5.9298
5.9298,5.9298
5.9298,5.9298
5.9298,5.9298
5.9298,5.93297
5.9298,5.9298
5.9298,5.9298
5.9298,5.9298
5.9298,5.9298
5.9298,5.9298
5.9298,5.9298
5.9298,5.9298
5.9298,5.9298
5.9298,5.9298
5.9298,5.9298
5.9298,5.9298
5.9298,5.9298
5.9298,5.9298
5.9298,5.9298
5.9298,5.9298
5.91226,5.92963
5.9298,5.9298
5.9298,5.9298
5.9298,5.9298
5.91226,5.92963
5.9298,5.9298
5.9298,5.9298
5.9298,5.9298
5.9298,5.9298
5.9298,5.9298
5.9298,5.9298
5.9298,5.9298
5.9298,5.9298
5.9298,5.9298
5.9298,5.9298
5.9298,5.9298
5.91226,5.92963
5.9298,5.9298
5.9298,5.9298
5.9298,5.9298
5.9298,5.9298
5.9298,5.9298
5.9298,5.9298
5.91226,5.92963
5.9298,5.9298
5.9298,5.9298
5.9298,5.9298
5.9298,5.9298
5.9298,5.9298
5.9298,5.9298
5.9298,5.9298
5.9298,5.9298
5.9298,5.9298
5.91226,5.92963
5.9298,5.9298
5.91226,5.92963
5.9298,5.9298
5.9298,5.9298
5.9298,5.9298
5.9298,5.9298
5.9298,5.94075
5.9298,5.9298
5.9298,5.9298
5.9298,5.9298
5.9298,5.9298
5.9298,5.9298
5.9298,5.9298
5.9298,5.9298
5.9298,5.9298
5.9298,5.9298
5.9298,5.9298
5.9298,5.9298
5.9298,5.9298
5.9298,5.9298
5.9298,5.93015
5.9298,5.9298
5.9298,5.9298
5.9298,5.9298
5.9298,5.9298
5.9298,5.9298
5.9298,5.9298
5.9298,5.9298
5.9298,5.9298
5.91226,5.92963
5.9298,5.9298
5.9298,5.9298
5.9298,5.9298
5.9298,5.9298
5.9298,5.9298
5.9298,5.9298
5.9298,5.9298
5.9298,5.9298
5.9298,5.9298
5.9298,5.9298
5.9298,5.9298
5.9298,5.9298
5.9298,5.9298
5.9298,5.9298
5.9298,5.93363
5.9298,5.9298
5.9298,5.9298
5.9298,5.9298
5.9298,5.9298
5.9298,5.93485
5.91226,5.92963
5.9298,5.9298
5.9298,5.9298
5.9298,5.9298
5.91226,5.92963
5.9298,5.9298
5.9298,5.9298
5.9298,5.9298
5.9298,5.9298
5.9298,5.9298
5.9298,5.9298
5.9298,5.9298
5.9298,5.9298
5.9298,5.9298
5.9298,5.9298
5.9298,5.9298
5.9298,5.9298
5.9298,5.9298
5.9298,5.9298
5.9298,5.9298
5.9298,5.9298
5.9298,5.9298
5.9298,5.9298
5.9298,5.9298
5.9298,5.9298
5.9298,5.9298
5.9298,5.9298
5.9298,5.9298
5.9298,5.9298
5.9298,5.9298
5.9298,5.9298
5.9298,5.9298
5.9298,5.9298
5.9298,5.9298
5.9298,5.9298
5.9298,5.9298
5.9298,5.9298
5.9298,5.9298
5.9298,5.9298
5.9298,5.9298
5.9298,5.9298
5.9298,5.9298
5.9298,5.9298
5.91226,5.92963
5.9298,5.9298
5.9298,5.9298
5.9298,5.9298
5.9298,5.9298
5.9298,5.9298
5.9298,5.9298
5.9298,5.9298
5.91226,5.92963
5.9298,5.9298
5.9298,5.9298
5.9298,5.9298
5.9298,5.9298
5.9298,5.9298
5.9298,5.9298
5.9298,5.9298
5.9298,5.94238
5.9298,5.9298
5.9298,5.9298
5.9298,5.9298
5.9298,5.9298
5.9298,5.9298
5.9298,5.9298
5.9298,5.9298
5.9298,5.9298
5.9298,5.9298
5.9298,5.9298
5.9298,5.9298
5.91226,5.92963
5.9298,5.9298
5.9298,5.9298
5.9298,5.9298
5.9298,5.9298
5.9298,5.9298
5.9298,5.9298
5.9298,5.9298
5.9298,5.9298
5.9298,5.9298
5.9298,5.9298
5.9298,5.9298
5.9298,5.9298
5.9298,5.9298
5.9298,5.9298
5.9298,5.9298
5.9298,5.9298
5.9298,5.9298
5.9298,5.9298
5.9298,5.9298
5.9298,5.9298
5.9298,5.9298
5.9298,5.9298
5.9298,5.9298
5.9298,5.9298
5.9298,5.9298
5.91226,5.93039
5.9298,5.9298
5.9298,5.9298
5.9298,5.9298
5.9298,5.9298
5.91226,5.92963
5.9298,5.9298
5.9298,5.9298
5.9298,5.9298
5.9298,5.9298
5.9298,5.9298
5.9298,5.9298
5.9298,5.9298
5.9298,5.9298
5.9298,5.9298
5.9298,5.9298
5.9298,5.9298
5.9298,5.9298
5.9298,5.9298
5.9298,5.9298
5.9298,5.9298
5.9298,5.9298
5.9298,5.9298
5.9298,5.9298
5.9298,5.9298
5.9298,5.9298
5.9298,5.9298
5.9298,5.9298
5.9298,5.9298
5.9298,5.9298
5.9298,5.93134
5.9298,5.9298
5.9298,5.9298
5.9298,5.9298
5.9298,5.9298
5.9298,5.93003
5.9298,5.9298
5.9298,5.9298
5.9298,5.9298
5.9298,5.9298
5.91226,5.92963
5.91226,5.92963
5.9298,5.9298
5.9298,5.9298
5.9298,5.9298
5.9298,5.9298
5.9298,5.9298
5.9298,5.9298
5.9298,5.9298
5.9298,5.9298
5.9298,5.9298
5.9298,5.9298
5.9298,5.9298
5.9298,5.9298
5.9298,5.9298
5.9298,5.9298
5.9298,5.9298
5.9298,5.9298
5.9298,5.9298
5.9298,5.9298
5.9298,5.9298
5.9298,5.9298
5.9298,5.9298
5.91226,5.92963
5.9298,5.9298
5.9298,5.9298
5.9298,5.9298
5.9298,5.9298
5.9298,5.9298
5.9298,5.9298
5.9298,5.9298
5.9298,5.9298
5.9298,5.9298
5.9298,5.9298
5.9298,5.9298
5.9298,5.93013
5.9298,5.9298
5.9298,5.9298
5.9298,5.9298
5.9298,5.9298
5.91226,5.92945
5.91226,5.92782
5.91226,5.91226
5.91226,5.91226
5.91226,5.91226
5.91226,5.91226
5.91226,5.91226
5.91226,5.91226
5.91226,5.91226
5.91226,5.91226
5.91226,5.91226
5.91226,5.91226
5.91226,5.91226
5.91226,5.91226
5.91226,5.91226
5.91226,5.91226
5.91226,5.91226
5.91226,5.91226
5.91226,5.91226
5.91226,5.91226
5.91226,5.91226
5.91226,5.91226
5.91226,5.91226
5.91226,5.91226
5.91226,5.91226
5.91226,5.91226
5.91226,5.91226
5.91226,5.91226
5.91226,5.91226
5.91226,5.91226
5.91226,5.91226
5.91226,5.91226
5.91226,5.91226
5.91226,5.91226
5.91226,5.91226
5.91226,5.91226
5.91226,5.91226
5.91226,5.91226
5.91226,5.91226
5.91226,5.91226
5.91226,5.91226
5.91226,5.91226
5.91226,5.91226
5.91226,5.91226
5.91226,5.91226
5.91226,5.91226
5.91226,5.91226
5.91226,5.91226
5.91226,5.91226
5.91226,5.91226
5.91226,5.91226
5.91226,5.91226
5.91226,5.91226
5.91226,5.91226
5.91226,5.91226
5.91226,5.91226
5.91226,5.91226
5.91226,5.91226
5.91226,5.91226
5.91226,5.91226
5.91226,5.91226
5.91226,5.91226
5.91226,5.91471
5.91226,5.91226
5.91226,5.91226
5.91226,5.91226
5.91226,5.91226
5.91226,5.91226
5.91226,5.91226
5.91226,5.91226
5.91226,5.91226
5.91226,5.91226
5.91226,5.91226
5.91226,5.91226
5.91226,5.91226
5.91226,5.91226
5.91226,5.91226
5.91226,5.91226
5.91226,5.91226
5.91226,5.91226
5.91226,5.91226
5.91226,5.91226
5.91226,5.91226
5.91226,5.91226
5.91226,5.91226
5.91226,5.91226
5.91226,5.91226
5.91226,5.91226
5.91226,5.91226
5.91226,5.91226
5.91226,5.91226
5.91226,5.91226
5.91226,5.91226
5.91226,5.91226
5.91226,5.91226
5.91226,5.91226
5.91226,5.91226
5.91226,5.91226
5.91226,5.91226
5.91226,5.91226
5.91226,5.91226
5.91226,5.91226
5.91226,5.91226
5.91226,5.91226
5.91226,5.91226
5.91226,5.91226
5.91226,5.91226
5.91226,5.91226
5.91226,5.91226
5.91226,5.91226
5.91226,5.91226
5.91226,5.91226
5.91226,5.91226
5.91226,5.91226
5.91226,5.91226
5.91226,5.91226
5.91226,5.91226
5.91226,5.91226
5.91226,5.91672
5.91226,5.91226
5.91226,5.91226
5.91226,5.91226
5.91226,5.91226
5.91226,5.91226
5.91226,5.91226
5.91226,5.91226
5.91226,5.91226
5.91226,5.91226
5.91226,5.91226
5.91226,5.91226
5.91226,5.91226
5.91226,5.91226
5.91226,5.91226
5.91226,5.91226
5.91226,5.91226
5.91226,5.91226
5.91226,5.91226
5.91226,5.91226
5.91226,5.91226
5.91226,5.91226
5.91226,5.91226
5.91226,5.91226
5.91226,5.91226
5.91226,5.91226
5.91226,5.91226
5.91226,5.91226
5.91226,5.91226
5.91226,5.91226
5.91226,5.91226
5.91226,5.91226
5.91226,5.91226
5.91226,5.91226
5.91226,5.91226
5.91226,5.91226
5.91226,5.91226
5.91226,5.91226
5.91226,5.91226
5.91226,5.91226
5.91226,5.91226
5.91226,5.91226
5.91226,5.91226
5.91226,5.91226
5.91226,5.91226
5.91226,5.91226
5.91226,5.91226
5.91226,5.91226
5.91226,5.91226
5.91226,5.91226
5.91226,5.91226
5.91226,5.91226
5.91226,5.91226
5.91226,5.91226
5.91226,5.91226
5.91226,5.91226
5.91226,5.91226
5.91226,5.91226
5.91226,5.91226
5.91226,5.91226
5.91226,5.91226
5.91226,5.91226
5.91226,5.91226
5.91226,5.91226
5.91226,5.91226
5.91226,5.91226
5.91226,5.91226
5.91226,5.91226
5.91226,5.91226
5.91226,5.91226
5.91226,5.91226
5.91226,5.91226
5.91226,5.91226
5.91226,5.91226
5.91226,5.91226
5.91226,5.91226
5.91226,5.91226
5.91226,5.91226
5.91226,5.91226
5.91226,5.91226
5.91226,5.91226
5.91226,5.91226
5.91226,5.91226
5.91226,5.91226
5.91226,5.91226
5.91226,5.91226
5.91226,5.91226
5.91226,5.91226
5.91226,5.91226
5.91226,5.91226
5.91226,5.91226
5.91226,5.91226
5.91226,5.91226
5.91226,5.91226
5.91226,5.91226
5.91226,5.91226
5.91226,5.91226
5.91226,5.91226
5.91226,5.91226
5.91226,5.91226
5.91226,5.91226
5.91226,5.91226
5.91226,5.91226
5.91226,5.91226
5.91226,5.91226
5.91226,5.91226
5.91226,5.91226
5.91226,5.91226
5.91226,5.91226
5.91226,5.91226
5.91226,5.91226
5.91226,5.91226
5.91226,5.91226
5.91226,5.91226
5.91226,5.91226
5.91226,5.91226
5.91226,5.91226
5.91226,5.91226
5.91226,5.91226
5.91226,5.91226
5.91226,5.91226
5.91226,5.91226
5.91226,5.91226
5.91226,5.91226
5.91226,5.91226
5.91226,5.91226
5.91226,5.91226
5.91226,5.91226
5.91226,5.91226
5.91226,5.91226
5.91226,5.91226
5.91226,5.91226
5.91226,5.91226
5.91226,5.91226
5.91226,5.91226
5.91226,5.91226
5.91226,5.91226
5.91226,5.91226
5.91226,5.91226
5.91226,5.91226
5.91226,5.91226
5.91226,5.91226
5.91226,5.91226
5.91226,5.91226
5.91226,5.91226
5.91226,5.91226
5.91226,5.91226
5.91226,5.91226
5.91226,5.91226
5.91226,5.91226
5.91226,5.91226
5.91226,5.91226
5.91226,5.91226
5.91226,5.91226
5.91226,5.91226
5.91226,5.91226
5.91226,5.91226
5.91226,5.91226
5.91226,5.91226
5.91226,5.91226
5.91226,5.91226
5.91226,5.91226
5.91226,5.91226
5.91226,5.91226
5.91226,5.91226
5.91226,5.91226
5.91226,5.91226
5.91226,5.91226
5.91226,5.91226
5.91226,5.91226
5.91226,5.91226
5.91226,5.91226
5.91226,5.91226
5.91226,5.91226
5.91226,5.91226
5.91226,5.91226
5.91226,5.91226
5.91226,5.91226
5.91226,5.91226
5.91226,5.9172
5.91226,5.91226
5.91226,5.91226
5.91226,5.91226
5.91226,5.91226
5.91226,5.91226
5.91226,5.91226
5.91226,5.91226
5.91226,5.91226
5.91226,5.91226
5.91226,5.91226
5.91226,5.91226
5.91226,5.91226
5.91226,5.91226
5.91226,5.91226
5.91226,5.91226
5.91226,5.91226
5.91226,5.91226
5.91226,5.91226
5.91226,5.91226
5.91226,5.91226
5.91226,5.91226
5.91226,5.91226
5.91226,5.91226
5.91226,5.91226
5.91226,5.91226
5.91226,5.91226
5.91226,5.91226
5.91226,5.91226
5.91226,5.91226
5.91226,5.91226
5.91226,5.91226
