14.7697,17.1428
14.4343,15.3042
13.1806,14.5537
12.3248,13.8523
12.3228,13.151
12.0045,12.5225
11.181,12.0222
10.9504,11.2681
10.4094,11.0194
10.0406,10.5275
9.4007,10.0758
9.17786,9.70106
9.05334,9.44492
9.07184,9.19102
8.35224,9.1101
8.76998,9.03484
8.64786,8.91614
8.62306,8.78865
8.54121,8.712
8.46171,8.61702
8.33328,8.51347
8.33905,8.45338
8.45019,8.45019
8.35044,8.44887
8.20708,8.43701
8.33413,8.42636
8.15263,8.39166
8.28496,8.33704
8.16727,8.28379
8.17429,8.28386
8.04343,8.28255
8.26966,8.28468
8.0585,8.27566
8.17958,8.238
7.47256,8.12464
7.39745,7.55292
7.38063,7.47126
7.42834,7.4572
7.43419,7.43596
7.40103,7.43386
7.43419,7.43419
7.15332,7.43124
7.24764,7.42839
7.19282,7.40283
6.93338,7.28325
6.89217,7.09064
6.97182,6.97182
6.77045,6.96948
6.93964,6.95552
6.85631,6.93881
6.93683,6.93962
6.73828,6.93763
6.85631,6.93881
6.93683,6.93962
6.93964,6.93964
6.86453,6.9387
6.83944,6.92882
6.71902,6.91819
6.89914,6.91058
6.90195,6.90195
6.78139,6.90072
6.87215,6.8999
6.87215,6.88573
6.78855,6.87063
6.72241,6.84957
6.72411,6.74461
6.63218,6.72244
6.649,6.68731
6.649,6.649
6.55707,6.64799
6.49936,6.64035
6.49765,6.57399
6.49936,6.49936
6.49936,6.49936
6.41603,6.49853
6.49272,6.49929
6.38894,6.49826
6.49936,6.49936
6.49936,6.49936
6.38832,6.49825
6.38894,6.49715
6.38894,6.44746
6.38894,6.38894
6.38894,6.38894
6.38894,6.38894
6.38894,6.38894
6.38894,6.38894
6.38894,6.38894
6.38894,6.38894
6.38894,6.38894
6.38894,6.38894
6.38894,6.38894
6.3823,6.38887
6.38894,6.38894
6.38894,6.38894
6.38894,6.38894
6.37272,6.38877
6.38894,6.38894
6.3056,6.3881
6.29701,6.38802
6.38894,6.38894
6.2779,6.38783
6.38722,6.38892
6.38894,6.38894
6.38722,6.38892
6.38894,6.38894
6.3823,6.38887
6.38894,6.38894
6.38894,6.38894
6.38894,6.38894
6.30862,6.38813
6.38894,6.38894
6.38894,6.38894
6.30862,6.38813
6.38894,6.38894
6.30862,6.38753
6.30802,6.35899
6.32824,6.32824
6.32824,6.32824
6.32824,6.32824
6.32824,6.32824
6.285,6.32781
6.32824,6.32824
6.29425,6.3279
6.32824,6.32824
6.24793,6.32744
6.2172,6.32713
6.32824,6.32824
6.32824,6.32824
6.32824,6.32824
6.32824,6.32824
6.32824,6.32824
6.32824,6.32824
6.32824,6.32824
6.30915,6.32805
6.32824,6.32824
6.32824,6.32824
6.32652,6.32822
6.32824,6.32824
6.2172,6.32679
6.2172,6.31
6.29253,6.29423
6.1921,6.29322
6.27402,6.29404
6.21393,6.29184
6.21393,6.25248
6.21393,6.21393
6.21393,6.21393
6.17069,6.2135
6.02199,6.21195
6.02199,6.20962
6.20729,6.20729
6.20729,6.20729
6.20729,6.20729
6.20729,6.20729
6.20729,6.20729
6.20729,6.20729
6.20729,6.20821
6.20729,6.20729
6.20729,6.20729
6.20729,6.20729
6.20729,6.20729
6.20729,6.20729
6.20729,6.20729
6.20729,6.20729
6.19885,6.20719
6.20558,6.20625
6.20558,6.20558
6.10796,6.2046
6.20558,6.20558
6.20558,6.20558
6.20558,6.20558
6.20558,6.20558
6.20558,6.20558
6.20558,6.20558
6.10796,6.2046
6.20558,6.20558
6.20558,6.20558
6.20558,6.20558
6.20558,6.20558
6.19714,6.20549
6.20558,6.20558
6.20558,6.20558
6.20558,6.20558
6.03423,6.20384
6.20321,6.20451
6.12809,6.20246
6.20321,6.20321
6.20321,6.20321
6.20321,6.20321
6.20321,6.20321
6.20321,6.20321
6.20321,6.20321
6.20321,6.20321
6.20321,6.20321
6.20321,6.20321
6.20321,6.20321
6.20321,6.20321
6.20321,6.20321
6.20321,6.20321
6.20321,6.20321
6.20321,6.20321
6.20321,6.20321
6.20321,6.20321
6.20321,6.20321
6.20321,6.20321
6.20321,6.20321
6.20321,6.20321
6.20321,6.20321
6.20321,6.20321
6.09927,6.20217
6.20321,6.20321
6.20321,6.20321
6.20321,6.20321
6.20321,6.20321
6.20321,6.20321
6.20321,6.20321
6.20321,6.20321
6.20321,6.20321
6.20321,6.20321
6.20321,6.20321
6.20321,6.20321
6.20321,6.20321
6.20321,6.20321
6.20321,6.20321
6.20321,6.20321
6.20321,6.20321
6.20321,6.20321
6.20321,6.20321
6.20321,6.20321
6.09927,6.20142
6.10343,6.18138
5.9491,6.1263
6.12809,6.12809
6.12809,6.12809
6.09403,6.12775
6.10343,6.12785
6.12809,6.12809
6.0545,6.13568
6.12809,6.12809
6.12809,6.12809
6.12809,6.12809
6.12809,6.12809
6.12809,6.12809
6.12809,6.12809
6.02416,6.12706
6.12809,6.12809
6.02416,6.12706
5.9491,6.1263
6.12809,6.12809
6.12809,6.12809
6.12809,6.12809
5.9491,6.1263
6.12809,6.12809
6.12809,6.12809
6.12809,6.12809
6.12809,6.12809
6.10343,6.12785
6.12809,6.12809
6.12809,6.12809
6.09403,6.12775
6.12809,6.12809
6.12809,6.12809
6.12809,6.12809
6.12809,6.12809
6.12809,6.12809
6.12809,6.12809
6.02416,6.12706
6.12809,6.12809
6.12809,6.12809
6.09403,6.12775
6.10343,6.12785
6.02416,6.12706
6.12809,6.12809
6.12809,6.12809
6.12809,6.12809
5.9491,6.1263
6.12809,6.12809
6.12809,6.12809
6.02416,6.12706
6.12809,6.12809
6.12809,6.12809
6.12809,6.12809
6.10343,6.12785
6.12809,6.12809
5.9491,6.1263
6.12809,6.12809
6.12809,6.12809
6.12809,6.12809
6.12809,6.12809
6.12809,6.12809
6.12809,6.12809
6.12809,6.12809
6.09403,6.12775
6.12809,6.12809
6.12809,6.12809
6.12809,6.12809
6.12809,6.12809
6.12809,6.12809
6.12809,6.12809
6.12809,6.12809
6.02416,6.12706
6.12809,6.12809
6.0545,6.12736
6.12809,6.12809
6.12809,6.12809
6.12809,6.12809
6.12809,6.12809
6.12809,6.12809
6.12809,6.12809
6.02416,6.12706
6.12809,6.12809
6.12809,6.12809
6.12809,6.12809
6.12809,6.12809
6.12809,6.12809
6.12809,6.12809
6.12809,6.12809
6.12809,6.12809
6.12809,6.12809
6.12809,6.12809
6.12809,6.12809
6.12809,6.12809
6.0545,6.12736
6.10343,6.12785
6.12809,6.12809
6.12809,6.12809
6.10343,6.13332
6.12809,6.12969
6.12809,6.12809
6.12809,6.12809
6.02416,6.12706
6.12809,6.12809
6.12809,6.12809
6.12809,6.12809
6.10343,6.12785
6.12809,6.12809
6.09403,6.12775
6.12809,6.12809
6.12809,6.12809
6.12809,6.12809
6.02416,6.12706
6.12809,6.12809
6.12809,6.12809
6.12809,6.12809
6.09403,6.12775
6.12809,6.12809
6.12809,6.12809
6.10343,6.1276
6.10343,6.11394
6.10343,6.10343
6.09765,6.10338
6.10343,6.10343
6.10343,6.10343
6.10343,6.10343
6.10343,6.10343
6.10343,6.10343
6.10343,6.10343
6.10343,6.10343
6.10343,6.10343
6.06936,6.10309
6.10343,6.10343
6.10343,6.10343
6.10343,6.10343
6.10343,6.10343
6.10343,6.10343
6.10343,6.10343
6.10343,6.10343
6.10343,6.10343
6.06936,6.10309
6.10343,6.10343
6.10343,6.10343
6.10343,6.10343
6.10343,6.10343
6.10343,6.10343
6.06936,6.10309
6.06936,6.10309
5.92242,6.10162
6.10343,6.10343
6.10343,6.10343
6.10343,6.10343
6.10343,6.10343
6.10343,6.10343
6.00582,6.10155
5.86205,6.04685
5.86299,5.94886
5.8642,5.8642
5.8642,5.8642
5.8642,5.8642
5.8642,5.8642
5.8642,5.8642
5.8642,5.8642
5.8642,5.8642
5.85435,5.8641
5.8642,5.8642
5.8642,5.8642
5.8642,5.8642
5.8642,5.8642
5.8642,5.8642
5.8642,5.8642
5.8642,5.8642
5.8642,5.8642
5.85435,5.8641
5.8642,5.8642
5.83013,5.86386
5.8642,5.8642
5.8642,5.8642
5.8642,5.8642
5.8642,5.8642
5.8642,5.8642
5.8642,5.8642
5.85435,5.8641
5.8642,5.8642
5.8642,5.8642
5.8642,5.8642
5.83013,5.86386
5.8642,5.8642
5.8642,5.8642
5.8642,5.8642
5.85435,5.8641
5.8642,5.8642
5.8642,5.8642
5.8642,5.8642
5.8642,5.8642
5.8642,5.8642
5.8642,5.8642
5.8642,5.8642
5.8642,5.8642
5.8642,5.8642
5.85435,5.8641
5.8642,5.8642
5.8642,5.8642
5.8642,5.8642
5.8642,5.8642
5.8642,5.8642
5.85435,5.8641
5.8642,5.8642
5.83013,5.86386
5.8642,5.8642
5.85435,5.8641
5.8642,5.8642
5.76659,5.86323
5.76659,5.86323
5.8642,5.8642
5.8642,5.8642
5.8642,5.8642
5.8642,5.8642
5.8642,5.8642
5.8642,5.8642
5.8642,5.8642
5.8642,5.8642
5.8642,5.8642
5.8642,5.8642
5.8642,5.8642
5.8642,5.8642
5.8642,5.8642
5.8642,5.8642
5.8642,5.8642
5.8642,5.8642
5.8642,5.8642
5.8642,5.8642
5.8642,5.8642
5.8642,5.8642
5.83013,5.86386
5.8642,5.8642
5.8642,5.8642
5.8642,5.8642
5.8642,5.8642
5.8642,5.8642
5.76659,5.86323
5.8642,5.8642
5.8642,5.8642
5.85435,5.8641
5.8642,5.8642
5.8642,5.8642
5.85435,5.8641
5.8642,5.8642
5.8642,5.8642
5.8642,5.8642
5.8642,5.8642
5.8642,5.8642
5.8642,5.8642
5.8642,5.8642
5.8642,5.8642
5.83013,5.86386
5.8642,5.8642
5.76659,5.86323
5.8642,5.8642
5.8642,5.8642
5.8642,5.8642
5.8642,5.8642
5.8642,5.8642
5.8642,5.8642
5.8642,5.8642
5.8642,5.8642
5.8642,5.8642
5.8642,5.8642
5.8642,5.8642
5.76659,5.86323
5.8642,5.8642
5.8642,5.8642
5.8642,5.8642
5.8642,5.8642
5.8642,5.8642
5.8642,5.8642
5.8642,5.8642
5.8642,5.8642
5.8642,5.8642
5.8642,5.8642
5.8642,5.8642
5.8642,5.8642
5.8642,5.88057
5.8642,5.8642
5.85435,5.8641
5.8642,5.8642
5.8642,5.8642
5.8642,5.8642
5.8642,5.8642
5.8642,5.8642
5.8642,5.8642
5.8642,5.8642
5.8642,5.8642
5.8642,5.8642
5.8642,5.8642
5.8642,5.8642
5.8642,5.8642
5.8642,5.8642
5.8642,5.8642
5.8642,5.8642
5.8642,5.8642
5.8642,5.8642
5.8642,5.8642
5.8642,5.8642
5.8642,5.8642
5.8642,5.8642
5.8642,5.8642
5.8642,5.8642
5.8642,5.8642
5.8642,5.8642
5.8642,5.8642
5.8642,5.8642
5.8642,5.8642
5.8642,5.8642
5.8642,5.8642
5.8642,5.8642
5.8642,5.8642
5.8642,5.8642
5.8642,5.8642
5.8642,5.8642
5.85435,5.8641
5.76659,5.86323
5.8642,5.8642
5.8642,5.8642
5.8642,5.8642
5.8642,5.8642
5.8642,5.8642
5.8642,5.8642
5.8642,5.88227
5.8642,5.8642
5.8642,5.8642
5.8642,5.8642
5.8642,5.8642
5.8642,5.8642
5.8642,5.8642
5.8642,5.8642
5.8642,5.8642
5.8642,5.8642
5.8642,5.8642
5.8642,5.8642
5.8642,5.8642
5.8642,5.8642
5.8642,5.8642
5.8642,5.8642
5.85435,5.8641
5.8642,5.8642
5.8642,5.8642
5.8642,5.8642
5.76659,5.86323
5.8642,5.8642
5.83013,5.86386
5.8642,5.8642
5.8642,5.8642
5.8642,5.8642
5.8642,5.8642
5.8642,5.8642
5.76659,5.86225
5.69751,5.81504
5.69751,5.73619
5.69751,5.69751
5.68336,5.69737
5.69751,5.69751
5.69751,5.69751
5.69751,5.69751
5.69751,5.69751
5.69751,5.69751
5.68766,5.69741
5.69751,5.69751
5.69751,5.69751
5.69751,5.72679
5.69751,5.69751
5.68766,5.69741
5.69751,5.69751
5.68336,5.69737
5.69751,5.69751
5.69751,5.69751
5.68336,5.69737
5.69751,5.69751
5.69751,5.69751
5.69751,5.69751
5.69751,5.69751
5.69751,5.69751
5.69751,5.69751
5.68336,5.69737
5.68766,5.69741
5.68766,5.69741
5.69751,5.69751
5.66344,5.69717
5.68766,5.69741
5.68336,5.69737
5.69751,5.69751
5.69751,5.69751
5.69751,5.69751
5.66344,5.69717
5.69751,5.69751
5.69751,5.69751
5.69751,5.69751
5.66344,5.69717
5.69751,5.69751
5.66344,5.69717
5.69751,5.70447
5.69751,5.69751
5.69751,5.69751
5.69751,5.69751
5.68766,5.69741
5.69751,5.69751
5.69751,5.69751
5.69751,5.69751
5.69751,5.69751
5.66344,5.69707
5.68766,5.6925
5.68766,5.68766
5.68766,5.68766
5.68766,5.68766
5.68766,5.68766
5.68766,5.68766
5.67351,5.68752
5.68766,5.68766
5.68766,5.68766
5.68766,5.68766
5.68766,5.68766
5.68766,5.68766
5.68766,5.68766
5.68766,5.68766
5.67351,5.68752
5.68766,5.68766
5.68766,5.68766
5.68766,5.68766
5.68766,5.68766
5.68766,5.68766
5.68766,5.68766
5.68766,5.68766
5.65359,5.68732
5.68766,5.68766
5.68766,5.68766
5.68766,5.68766
5.67351,5.68752
5.68766,5.68766
5.68766,5.68766
5.65359,5.68732
5.68766,5.68766
5.68766,5.68766
5.68766,5.68766
5.65359,5.68732
5.68766,5.68766
5.68766,5.68766
5.68766,5.68766
5.68766,5.68766
5.68766,5.68766
5.68766,5.68766
5.68766,5.68766
5.68766,5.68766
5.68766,5.68766
5.68766,5.68766
5.68766,5.68766
5.68766,5.68766
5.68766,5.68766
5.67351,5.68752
5.68766,5.68766
5.65359,5.68717
5.67351,5.68042
5.67351,5.67351
5.67351,5.67351
5.67351,5.67351
5.67351,5.67351
5.67351,5.67351
5.67351,5.67351
5.67351,5.67351
5.67351,5.67351
5.67351,5.67351
5.67351,5.67351
5.67351,5.67351
5.67351,5.67351
5.67351,5.67351
5.67351,5.67351
5.67351,5.67351
5.67351,5.67351
5.67351,5.67351
5.67351,5.67351
5.67351,5.67351
5.67351,5.67351
5.67351,5.67351
5.67351,5.67351
5.67351,5.67351
5.67351,5.67351
5.67351,5.67351
5.67351,5.67351
5.67351,5.67351
5.67351,5.67351
5.67351,5.67351
5.67351,5.67351
5.67351,5.67351
5.67351,5.67351
5.67351,5.67351
5.67351,5.67351
5.67351,5.67351
5.67351,5.67351
5.67351,5.68317
5.67351,5.67351
5.67351,5.67351
5.67351,5.67351
5.67351,5.67351
5.67351,5.67351
5.67351,5.67351
5.67351,5.67351
5.67351,5.67351
5.67351,5.67351
5.67351,5.67351
5.67351,5.67351
5.67351,5.67351
5.67351,5.67351
5.67351,5.67351
5.67351,5.67351
5.67351,5.67351
5.67351,5.67351
5.67351,5.67351
5.67351,5.67351
5.67351,5.67351
5.67351,5.67351
5.67351,5.67351
5.67351,5.67351
5.67351,5.67351
5.67351,5.67351
5.67351,5.67351
5.67351,5.67351
5.67351,5.67351
5.67351,5.67351
5.67351,5.67351
5.67351,5.67351
5.67351,5.67351
5.67351,5.67351
5.67351,5.67351
5.67351,5.67351
5.67351,5.67351
5.67351,5.67351
5.67351,5.67351
5.67351,5.70358
5.67351,5.67351
5.67351,5.67351
5.67351,5.67351
5.67351,5.67352
5.67351,5.67351
5.67351,5.67351
5.67351,5.67351
5.67351,5.67351
5.67351,5.67351
5.67351,5.67351
5.67351,5.67351
5.67351,5.67351
5.67351,5.67351
5.67351,5.67351
5.67351,5.67351
5.67351,5.67351
5.67351,5.67351
5.67351,5.67351
5.67351,5.67351
5.67351,5.67351
5.67351,5.67351
5.67351,5.67351
5.67351,5.67351
5.67351,5.67351
5.67351,5.67351
5.67351,5.67351
5.67351,5.67351
5.67351,5.67351
5.67351,5.67351
5.67351,5.67351
5.67351,5.67351
5.67351,5.67351
5.67351,5.67351
5.67351,5.685
5.67351,5.67351
5.67351,5.67351
5.67351,5.67351
5.67351,5.67351
5.67351,5.67351
5.67351,5.67351
5.67351,5.67351
5.67351,5.67351
5.67351,5.67351
5.67351,5.67351
5.67351,5.67351
5.67351,5.67351
5.67351,5.67351
5.67351,5.67351
5.67351,5.67351
5.67351,5.67351
5.67351,5.67351
5.67351,5.67351
5.67351,5.67351
5.67351,5.67351
5.67351,5.67351
5.67351,5.67351
5.67351,5.67351
5.67351,5.67351
5.67351,5.67351
5.67351,5.67351
5.67351,5.67351
5.67351,5.67351
5.67351,5.67351
5.67351,5.67351
5.67351,5.67351
5.67351,5.67351
5.67351,5.67351
5.67351,5.67351
5.67351,5.67351
5.67351,5.67351
5.67351,5.67351
5.67351,5.67351
5.67351,5.67351
5.67351,5.67351
5.67351,5.67351
5.67351,5.67351
5.67351,5.67351
5.67351,5.67351
5.67351,5.67351
5.67351,5.67351
5.67351,5.67351
5.67351,5.67351
5.67351,5.67351
5.67351,5.67351
5.67351,5.67351
5.67351,5.67351
5.67351,5.67351
5.67351,5.67351
5.67351,5.67351
5.67351,5.67351
5.67351,5.67886
5.67351,5.67351
5.67351,5.67351
5.67351,5.67351
5.67351,5.67351
5.67351,5.67351
5.67351,5.67351
5.67351,5.67351
5.67351,5.67351
5.67351,5.67351
5.67351,5.67351
5.67351,5.67351
5.67351,5.67351
5.67351,5.67351
5.67351,5.67351
5.67351,5.67351
5.67351,5.67351
5.67351,5.67351
5.67351,5.67351
5.67351,5.67351
5.67351,5.67351
5.67351,5.67351
5.67351,5.67351
5.67351,5.67351
5.67351,5.67901
5.67351,5.67351
5.67351,5.67351
5.67351,5.67351
5.67351,5.67351
5.67351,5.67351
5.67351,5.67351
5.67351,5.67351
5.67351,5.67351
5.67351,5.67351
5.67351,5.67351
5.67351,5.67351
5.67351,5.67351
5.67351,5.67351
5.67351,5.67351
5.67351,5.67351
5.67351,5.67351
5.67351,5.67351
5.67351,5.67351
5.67351,5.67351
5.67351,5.67351
5.67351,5.67351
5.67351,5.67351
5.67351,5.67351
5.67351,5.67351
5.67351,5.67351
5.67351,5.67351
5.67351,5.67351
5.67351,5.67351
5.67351,5.67351
5.67351,5.67351
5.67351,5.67351
5.67351,5.67351
5.67351,5.67351
5.67351,5.67351
5.67351,5.67351
5.67351,5.67351
5.67351,5.67351
5.67351,5.67351
5.67351,5.67351
5.67351,5.67351
5.67351,5.67351
5.67351,5.67351
5.67351,5.67351
5.67351,5.67351
5.67351,5.67351
5.67351,5.67351
5.67351,5.67351
5.67351,5.67351
5.67351,5.67351
5.67351,5.67351
5.67351,5.67351
5.67351,5.67351
5.67351,5.67351
5.67351,5.67351
5.67351,5.67351
5.67351,5.67351
5.67351,5.67351
5.67351,5.67351
5.67351,5.67351
5.67351,5.67351
5.67351,5.67351
5.67351,5.67361
5.67351,5.67351
5.67351,5.67351
5.67351,5.67351
5.67351,5.67351
5.67351,5.67351
5.67351,5.67351
5.67351,5.67351
5.67351,5.67351
5.67351,5.67351
5.67351,5.67351
5.67351,5.67351
5.67351,5.67351
5.67351,5.67351
5.67351,5.67351
5.67351,5.67351
5.67351,5.67351
5.67351,5.67351
5.67351,5.67351
5.67351,5.67351
5.67351,5.67351
5.67351,5.67351
5.67351,5.67351
5.67351,5.67351
5.67351,5.67351
5.67351,5.67351
5.67351,5.67351
5.67351,5.67351
5.67351,5.67351
5.67351,5.67351
5.67351,5.67351
5.67351,5.67351
5.67351,5.67351
5.67351,5.67351
5.67351,5.67351
5.67351,5.67351
5.67351,5.67351
5.67351,5.67351
5.67351,5.67351
5.67351,5.67351
5.67351,5.67512
5.67351,5.67351
5.67351,5.67351
5.67351,5.67351
5.67351,5.67351
5.67351,5.67351
5.67351,5.67351
5.67351,5.67351
5.67351,5.67351
5.67351,5.67351
5.67351,5.67351
5.67351,5.67351
5.67351,5.67351
5.67351,5.67351
5.67351,5.67351
5.67351,5.67351
5.67351,5.67351
5.67351,5.67351
5.67351,5.67788
5.67351,5.67351
5.67351,5.67351
5.67351,5.67351
5.67351,5.67351
5.67351,5.67351
5.67351,5.67351
5.67351,5.67351
5.67351,5.67351
5.67351,5.67351
5.67351,5.67351
5.67351,5.67351
5.67351,5.67351
5.67351,5.67351
5.67351,5.67351
5.67351,5.67351
5.67351,5.67351
5.67351,5.67351
5.67351,5.67351
5.67351,5.67351
5.67351,5.67351
5.67351,5.67351
5.67351,5.67351
5.67351,5.67351
5.67351,5.67351
5.67351,5.67351
5.67351,5.67351
5.67351,5.67351
5.67351,5.67351
5.67351,5.67351
5.67351,5.67351
5.67351,5.67351
5.67351,5.67351
5.67351,5.67351
5.67351,5.67351
5.67351,5.67351
5.67351,5.67351
5.67351,5.67351
5.67351,5.67351
5.67351,5.67351
5.67351,5.67351
5.67351,5.67351
5.67351,5.67351
5.67351,5.67351
5.67351,5.67351
5.67351,5.67351
5.67351,5.67351
5.67351,5.67351
5.67351,5.67351
5.67351,5.67351
5.67351,5.67351
5.67351,5.67351
5.67351,5.67351
5.67351,5.67351
5.67351,5.67487
5.67351,5.67351
5.67351,5.67351
5.67351,5.67361
5.67351,5.67351
5.67351,5.67351
5.67351,5.67351
5.67351,5.67351
5.67351,5.67351
5.67351,5.67351
5.67351,5.67351
5.67351,5.67361
5.67351,5.67351
5.67351,5.67351
5.67351,5.67351
5.67351,5.67351
5.67351,5.67351
5.67351,5.67351
5.67351,5.67351
5.67351,5.67351
5.67351,5.67351
5.67351,5.67351
5.67351,5.67351
5.67351,5.67351
5.67351,5.67351
5.67351,5.67351
5.67351,5.67351
5.67351,5.67351
5.67351,5.67351
5.67351,5.67351
5.67351,5.67351
5.67351,5.67351
5.67351,5.67351
5.67351,5.67351
5.67351,5.67351
5.67351,5.67351
5.67351,5.67351
5.67351,5.67351
5.67351,5.67351
5.67351,5.67351
5.67351,5.67351
5.67351,5.67351
5.67351,5.67351
5.67351,5.67351
5.67351,5.67351
5.67351,5.67351
5.67351,5.67351
5.67351,5.67351
5.67351,5.67351
5.67351,5.67351
5.67351,5.67351
5.67351,5.67351
5.67351,5.67351
5.67351,5.67351
5.67351,5.67351
5.67351,5.67351
5.67351,5.67351
5.67351,5.67351
5.67351,5.67351
5.67351,5.67351
5.67351,5.67351
5.67351,5.67351
5.67351,5.67351
5.67351,5.67351
5.67351,5.67351
5.67351,5.67351
5.67351,5.67351
5.67351,5.67351
5.67351,5.67351
5.67351,5.67351
5.67351,5.67351
5.67351,5.67351
5.67351,5.67351
5.67351,5.67351
5.67351,5.67351
5.67351,5.67351
5.67351,5.67351
5.67351,5.67351
5.67351,5.67351
5.67351,5.67351
5.67351,5.67351
5.67351,5.67351
5.67351,5.67351
5.67351,5.67351
5.67351,5.67351
5.67351,5.67351
5.67351,5.67351
5.67351,5.6752
5.67351,5.67351
5.67351,5.67351
5.67351,5.67351
5.67351,5.67351
5.67351,5.67351
5.67351,5.67351
5.67351,5.67351
5.67351,5.67351
5.67351,5.67351
5.67351,5.67351
5.67351,5.67351
5.67351,5.67351
5.67351,5.67351
5.67351,5.67351
5.67351,5.67351
5.67351,5.67351
5.67351,5.67351
5.67351,5.67351
5.67351,5.67351
5.67351,5.67351
5.67351,5.67351
5.67351,5.67351
5.67351,5.67351
5.67351,5.67351
5.67351,5.67351
5.67351,5.67351
5.67351,5.67351
5.67351,5.67351
5.67351,5.67351
5.67351,5.67351
5.67351,5.67351
5.67351,5.67351
5.67351,5.67351
5.67351,5.67351
5.67351,5.67351
5.67351,5.67544
5.67351,5.67351
5.67351,5.67351
5.67351,5.67351
5.67351,5.67351
5.67351,5.67351
5.67351,5.67351
5.67351,5.67351
5.67351,5.67351
5.67351,5.67351
5.67351,5.67351
5.67351,5.67351
5.67351,5.67351
5.67351,5.67351
5.67351,5.67351
5.67351,5.67351
5.67351,5.67351
5.67351,5.67351
5.67351,5.67351
5.67351,5.67351
5.67351,5.67351
5.67351,5.67351
5.67351,5.67351
5.67351,5.67351
5.67351,5.67351
5.67351,5.67351
5.67351,5.67351
5.67351,5.67351
5.67351,5.67351
5.67351,5.67351
5.67351,5.67351
5.67351,5.67351
5.67351,5.67351
5.67351,5.67351
5.67351,5.67351
5.67351,5.67351
5.67351,5.67351
5.67351,5.67351
5.67351,5.67351
5.67351,5.67351
5.67351,5.67351
5.67351,5.67351
5.67351,5.67351
5.67351,5.67351
5.67351,5.67351
5.67351,5.67351
5.67351,5.67351
5.67351,5.67351
5.67351,5.67351
5.67351,5.67351
5.67351,5.67351
5.67351,5.67351
5.67351,5.67351
5.67351,5.67351
5.67351,5.67457
5.67351,5.67351
5.67351,5.67351
5.67351,5.67351
5.67351,5.67351
5.67351,5.67351
5.67351,5.67351
5.67351,5.67351
5.67351,5.67351
5.67351,5.67351
5.67351,5.67351
5.67351,5.67351
5.67351,5.67351
5.67351,5.67351
5.67351,5.67351
5.67351,5.67351
5.67351,5.67351
5.67351,5.67351
5.67351,5.67351
5.67351,5.67351
5.67351,5.67468
5.67351,5.67351
5.67351,5.67351
5.67351,5.67351
5.67351,5.67351
5.67351,5.67351
5.67351,5.67351
5.67351,5.67351
5.67351,5.67351
5.67351,5.67351
5.67351,5.67351
5.67351,5.67351
5.67351,5.67351
5.67351,5.67351
5.67351,5.67351
5.67351,5.67351
5.67351,5.67351
5.67351,5.67351
5.67351,5.67351
5.67351,5.67351
5.67351,5.67351
5.67351,5.67351
5.67351,5.67351
5.67351,5.67351
5.67351,5.67351
5.67351,5.67351
5.67351,5.67351
5.67351,5.67351
5.67351,5.67351
5.67351,5.67351
5.67351,5.67351
5.67351,5.67351
5.67351,5.67351
5.67351,5.69741
5.67351,5.67351
5.67351,5.67351
5.67351,5.67351
5.67351,5.67351
5.67351,5.67351
5.67351,5.67351
5.67351,5.67351
5.67351,5.67351
5.67351,5.67351
5.67351,5.67351
5.67351,5.67351
5.67351,5.67398
5.67351,5.67351
5.67351,5.67351
5.67351,5.67351
5.67351,5.67351
5.67351,5.67351
5.67351,5.67351
5.67351,5.67351
5.67351,5.67351
5.67351,5.67351
5.67351,5.67351
5.67351,5.67351
5.67351,5.67351
5.67351,5.67351
5.67351,5.67351
5.67351,5.67351
5.67351,5.67351
5.67351,5.67351
5.67351,5.67351
5.67351,5.67351
5.67351,5.67351
5.67351,5.67351
5.67351,5.67351
5.67351,5.67351
5.67351,5.67351
5.67351,5.67351
5.67351,5.67351
5.67351,5.67351
5.67351,5.67351
5.67351,5.67351
5.67351,5.67351
5.67351,5.67351
5.67351,5.67351
5.67351,5.67351
5.67351,5.67351
5.67351,5.67351
5.67351,5.67351
5.67351,5.67351
5.67351,5.67351
5.67351,5.67351
5.67351,5.67351
5.67351,5.67351
5.67351,5.67351
5.67351,5.67351
5.67351,5.67351
5.67351,5.67351
5.67351,5.67351
5.67351,5.67351
5.67351,5.67351
5.67351,5.67351
5.67351,5.67351
5.67351,5.67351
5.67351,5.67351
5.67351,5.67351
5.67351,5.67351
5.67351,5.67351
5.67351,5.67351
5.67351,5.67351
5.67351,5.67351
5.67351,5.67351
5.67351,5.67351
5.67351,5.67351
5.67351,5.67351
5.67351,5.67351
5.67351,5.67351
5.67351,5.67351
5.67351,5.67351
5.67351,5.67351
5.67351,5.67351
5.67351,5.67351
5.67351,5.67351
5.67351,5.67351
5.67351,5.67351
5.67351,5.67351
5.67351,5.67351
5.67351,5.67351
5.67351,5.67351
5.67351,5.67351
5.67351,5.67351
5.67351,5.67351
5.67351,5.67351
5.67351,5.67351
5.67351,5.67351
5.67351,5.67351
5.67351,5.67351
5.67351,5.67351
5.67351,5.67351
5.67351,5.67351
5.67351,5.67351
5.67351,5.67351
5.67351,5.67351
5.67351,5.67351
5.67351,5.67351
5.67351,5.67351
5.67351,5.6925
5.67351,5.67351
5.67351,5.67351
5.67351,5.67351
5.67351,5.67351
5.67351,5.67351
5.67351,5.67758
5.67351,5.67351
5.67351,5.67351
5.67351,5.67351
5.67351,5.67372
5.67351,5.67351
5.67351,5.67351
5.67351,5.67351
5.67351,5.67351
5.67351,5.67351
5.67351,5.67351
5.67351,5.67351
5.67351,5.67351
5.67351,5.67351
5.67351,5.67351
5.67351,5.67351
5.67351,5.67351
5.67351,5.67351
5.67351,5.67351
5.67351,5.67615
5.67351,5.67351
5.67351,5.67351
5.67351,5.67351
5.67351,5.67351
5.67351,5.67351
5.67351,5.67351
5.67351,5.67351
5.67351,5.67351
5.67351,5.67351
5.67351,5.71733
5.67351,5.67351
5.67351,5.67351
5.67351,5.67351
5.67351,5.67351
5.67351,5.67351
5.67351,5.67351
5.67351,5.67351
5.67351,5.67351
5.67351,5.67351
5.67351,5.67351
5.67351,5.67351
5.67351,5.67351
5.67351,5.67351
5.67351,5.67351
5.67351,5.67351
5.67351,5.67351
5.67351,5.67351
5.67351,5.67351
5.67351,5.67351
5.67351,5.67351
5.67351,5.67351
5.67351,5.67351
5.67351,5.67351
5.67351,5.67351
5.67351,5.67351
5.67351,5.67351
5.67351,5.67351
5.67351,5.67351
5.67351,5.67351
5.67351,5.67351
5.67351,5.67351
5.67351,5.67351
5.67351,5.67351
5.67351,5.67351
5.67351,5.67351
5.67351,5.67351
5.67351,5.67351
5.67351,5.67351
5.67351,5.67351
5.67351,5.67351
5.67351,5.67351
5.67351,5.67351
5.67351,5.67351
5.67351,5.67351
5.67351,5.67351
5.67351,5.67351
5.67351,5.67396
5.67351,5.67351
5.67351,5.67351
5.67351,5.67351
5.67351,5.67351
5.67351,5.67351
5.67351,5.67351
5.67351,5.67351
5.67351,5.67351
5.67351,5.67351
5.67351,5.67351
5.67351,5.67351
5.67351,5.67351
5.67351,5.67351
5.67351,5.7156
5.67351,5.67351
5.67351,5.67351
5.67351,5.67351
5.67351,5.67351
5.67351,5.67351
5.67351,5.67351
5.67351,5.67351
5.67351,5.67351
5.67351,5.67351
5.67351,5.67351
5.67351,5.67351
5.67351,5.67351
5.67351,5.67351
5.67351,5.67351
5.67351,5.67351
5.67351,5.67351
5.67351,5.67351
5.67351,5.67351
5.67351,5.67351
5.67351,5.67351
5.67351,5.67351
5.67351,5.67351
5.67351,5.67351
5.67351,5.67351
5.67351,5.67351
5.67351,5.67351
5.67351,5.67351
5.67351,5.67351
5.67351,5.67351
5.67351,5.67351
5.67351,5.67455
5.67351,5.67351
5.67351,5.67351
5.67351,5.67351
5.67351,5.67351
5.67351,5.67351
5.67351,5.67351
5.67351,5.67351
5.67351,5.67351
5.67351,5.67351
5.67351,5.67351
5.67351,5.67351
5.67351,5.67351
5.67351,5.67351
5.67351,5.67351
5.67351,5.67351
5.67351,5.67351
5.67351,5.67351
5.67351,5.67351
5.67351,5.67351
5.67351,5.67351
5.67351,5.67351
5.67351,5.67351
5.67351,5.67351
5.67351,5.67351
5.67351,5.67351
5.67351,5.67351
5.67351,5.67351
5.67351,5.67351
5.67351,5.67351
5.67351,5.67351
5.67351,5.67351
5.67351,5.67351
5.67351,5.67351
5.67351,5.67351
5.67351,5.67351
5.67351,5.67351
5.67351,5.67351
5.67351,5.67351
5.67351,5.67351
5.67351,5.67351
5.67351,5.67351
5.67351,5.67351
5.67351,5.67351
5.67351,5.67351
5.67351,5.67351
5.67351,5.67351
5.67351,5.67351
5.67351,5.67351
5.67351,5.67351
5.67351,5.67351
5.67351,5.67351
5.67351,5.67351
5.67351,5.67351
5.67351,5.67351
5.67351,5.67351
5.67351,5.67351
5.67351,5.67351
5.67351,5.67351
5.67351,5.67351
5.67351,5.67351
5.67351,5.67351
5.67351,5.67351
5.67351,5.67351
5.67351,5.67351
5.67351,5.67351
5.67351,5.67351
5.67351,5.67351
5.67351,5.67351
5.67351,5.67351
5.67351,5.67351
5.67351,5.67351
5.67351,5.67351
5.67351,5.67351
5.67351,5.67351
5.67351,5.67351
5.67351,5.67351
5.67351,5.67351
5.67351,5.67351
5.67351,5.67351
5.67351,5.67351
5.67351,5.67351
5.67351,5.67351
5.67351,5.67351
5.67351,5.67351
5.67351,5.67351
5.67351,5.67351
5.67351,5.67351
5.67351,5.67351
5.67351,5.67351
5.67351,5.67351
5.67351,5.67351
5.67351,5.67351
5.67351,5.67351
5.67351,5.67351
5.67351,5.67351
5.67351,5.67351
5.67351,5.67351
5.67351,5.67351
5.67351,5.67351
5.67351,5.67351
5.67351,5.67351
5.67351,5.67351
5.67351,5.67351
5.67351,5.67351
5.67351,5.67351
5.67351,5.67351
5.67351,5.67351
5.67351,5.67351
5.67351,5.67351
5.67351,5.67351
5.67351,5.67351
5.67351,5.67351
5.67351,5.67351
5.67351,5.67351
5.67351,5.67351
5.67351,5.67351
5.67351,5.67351
5.67351,5.67351
5.67351,5.67351
5.67351,5.67351
5.67351,5.67351
5.67351,5.67351
5.67351,5.67351
5.67351,5.67351
5.67351,5.67351
5.67351,5.67447
5.67351,5.67351
5.67351,5.67351
5.67351,5.67351
5.67351,5.67351
5.67351,5.67351
5.67351,5.67351
5.67351,5.67351
5.67351,5.67351
5.67351,5.67351
5.67351,5.67351
5.67351,5.67351
5.67351,5.67351
5.67351,5.67351
5.67351,5.67351
5.67351,5.67351
5.67351,5.67351
5.67351,5.67351
5.67351,5.67351
5.67351,5.67351
5.67351,5.67351
5.67351,5.67351
5.67351,5.67351
5.67351,5.67351
5.67351,5.67351
5.67351,5.67351
5.67351,5.67351
5.67351,5.67351
5.67351,5.67351
5.67351,5.67351
5.67351,5.67351
5.67351,5.67351
5.67351,5.67351
5.67351,5.67351
5.67351,5.67351
5.67351,5.67351
5.67351,5.67351
5.67351,5.67351
5.67351,5.67351
5.67351,5.67351
5.67351,5.67444
5.67351,5.67351
5.67351,5.67351
5.67351,5.67351
5.67351,5.67351
5.67351,5.67351
5.67351,5.67351
5.67351,5.67351
5.67351,5.67351
5.67351,5.67351
5.67351,5.67351
5.67351,5.67351
5.67351,5.67351
5.67351,5.67351
5.67351,5.67351
5.67351,5.67351
5.67351,5.67351
5.67351,5.67351
5.67351,5.67351
5.67351,5.67351
5.67351,5.67351
5.67351,5.67351
5.67351,5.67351
5.67351,5.67351
5.67351,5.67351
5.67351,5.67351
5.67351,5.67351
5.67351,5.67351
5.67351,5.67351
5.67351,5.67351
5.67351,5.67351
5.67351,5.67351
5.67351,5.67351
5.67351,5.67351
5.67351,5.67351
5.67351,5.67351
5.67351,5.67351
5.67351,5.67351
5.67351,5.67351
5.67351,5.67351
5.67351,5.67351
5.67351,5.67351
5.67351,5.67351
5.67351,5.67351
5.67351,5.67351
5.67351,5.67351
5.67351,5.67351
5.67351,5.67351
5.67351,5.67351
5.67351,5.67351
5.67351,5.67351
5.67351,5.67351
5.67351,5.67351
5.67351,5.67351
5.67351,5.67351
5.67351,5.67351
5.67351,5.67351
5.67351,5.67351
5.67351,5.67351
5.67351,5.67351
5.67351,5.67351
5.67351,5.67351
5.67351,5.67351
5.67351,5.67351
5.67351,5.67365
5.67351,5.67351
5.67351,5.67351
5.67351,5.67351
5.67351,5.67351
5.67351,5.67351
5.67351,5.67351
5.67351,5.67351
5.67351,5.67351
5.67351,5.67351
5.67351,5.67351
5.67351,5.67351
5.67351,5.67351
5.67351,5.67351
5.67351,5.67351
5.67351,5.67351
5.67351,5.67351
5.67351,5.67351
5.67351,5.67351
5.67351,5.67351
5.67351,5.67351
5.67351,5.67351
5.67351,5.67351
5.67351,5.67351
5.67351,5.67351
5.67351,5.67351
5.67351,5.67351
5.67351,5.67351
5.67351,5.67351
5.67351,5.67351
5.67351,5.67351
5.67351,5.67351
5.67351,5.67351
5.67351,5.67351
5.67351,5.67351
5.67351,5.67351
5.67351,5.67351
5.67351,5.67351
5.67351,5.67351
5.67351,5.67351
5.67351,5.67351
5.67351,5.67351
5.67351,5.67351
5.67351,5.67351
5.67351,5.67351
5.67351,5.67351
5.67351,5.67351
5.67351,5.67351
5.67351,5.67351
5.67351,5.67351
5.67351,5.67351
5.67351,5.67351
5.67351,5.67351
5.67351,5.67351
5.67351,5.67351
5.67351,5.67351
5.67351,5.67351
5.67351,5.67351
5.67351,5.67351
5.67351,5.67351
5.67351,5.67351
5.67351,5.67351
5.67351,5.67351
5.67351,5.67351
5.67351,5.67351
5.67351,5.67351
5.67351,5.67351
5.67351,5.67351
5.67351,5.67351
5.67351,5.67351
5.67351,5.67351
5.67351,5.67351
5.67351,5.67351
5.67351,5.67351
5.67351,5.67351
5.67351,5.67351
5.67351,5.67351
5.67351,5.67351
5.67351,5.67351
5.67351,5.67351
5.67351,5.67351
5.67351,5.67351
5.67351,5.67351
5.67351,5.67351
5.67351,5.67351
5.67351,5.67351
5.67351,5.67351
5.67351,5.67351
5.67351,5.67351
5.67351,5.67351
5.67351,5.67351
5.67351,5.67351
5.67351,5.67351
5.67351,5.67351
5.67351,5.67351
5.67351,5.67351
5.67351,5.67351
5.67351,5.67351
5.67351,5.67351
5.67351,5.67351
5.67351,5.67351
5.67351,5.67351
5.67351,5.67351
5.67351,5.67351
5.67351,5.67351
5.67351,5.67351
5.67351,5.67351
5.67351,5.67351
5.67351,5.67351
5.67351,5.67351
5.67351,5.67351
5.67351,5.67351
5.67351,5.67351
5.67351,5.67351
5.67351,5.67588
5.67351,5.67351
5.67351,5.67351
5.67351,5.67351
5.67351,5.67351
5.67351,5.67351
5.67351,5.67351
5.67351,5.67351
5.67351,5.67351
5.67351,5.67351
5.67351,5.67351
5.67351,5.67351
5.67351,5.67351
5.67351,5.67351
5.67351,5.67351
5.67351,5.67351
5.67351,5.67351
5.67351,5.67351
5.67351,5.67351
5.67351,5.67351
5.67351,5.67351
5.67351,5.67351
5.67351,5.67351
5.67351,5.67351
5.67351,5.67351
5.67351,5.67351
5.67351,5.67351
5.67351,5.67351
5.67351,5.67351
5.67351,5.67351
5.67351,5.67351
5.67351,5.67351
5.67351,5.67351
5.67351,5.67351
5.67351,5.67351
5.67351,5.67351
5.67351,5.67351
5.67351,5.67351
5.67351,5.67351
5.67351,5.67351
5.67351,5.67351
5.67351,5.67351
5.67351,5.67351
5.67351,5.67351
5.67351,5.67351
5.67351,5.67351
5.67351,5.67351
5.67351,5.67351
5.67351,5.67351
5.67351,5.67351
5.67351,5.67351
5.67351,5.67351
5.67351,5.67351
5.67351,5.67351
5.67351,5.67398
5.67351,5.67351
5.67351,5.67351
5.67351,5.67351
5.67351,5.67351
5.67351,5.67351
5.67351,5.67361
5.67351,5.67351
5.67351,5.67351
5.67351,5.67351
5.67351,5.67351
5.67351,5.67351
5.67351,5.67351
5.67351,5.67351
5.67351,5.67351
5.67351,5.67351
5.67351,5.67351
5.67351,5.67351
5.67351,5.67351
5.67351,5.67351
5.67351,5.67351
5.67351,5.67351
5.67351,5.67351
5.67351,5.67351
5.67351,5.67351
5.67351,5.67351
5.67351,5.67351
5.67351,5.67351
5.67351,5.67351
5.67351,5.67351
5.67351,5.67351
5.67351,5.67351
5.67351,5.67351
5.67351,5.67351
5.67351,5.67351
5.67351,5.67351
5.67351,5.67351
5.67351,5.67351
5.67351,5.67351
5.67351,5.67351
5.67351,5.67351
5.67351,5.67351
5.67351,5.67351
5.67351,5.67351
5.67351,5.67383
5.67351,5.67351
5.67351,5.67351
5.67351,5.67351
5.67351,5.67351
5.67351,5.67351
5.67351,5.67351
5.67351,5.67351
5.67351,5.67351
5.67351,5.67351
5.67351,5.67351
5.67351,5.67351
5.67351,5.67351
5.67351,5.67351
5.67351,5.67351
5.67351,5.67351
5.67351,5.67351
5.67351,5.67351
5.67351,5.67351
5.67351,5.67351
5.67351,5.67351
5.67351,5.67351
5.67351,5.67351
5.67351,5.67351
5.67351,5.67351
5.67351,5.67351
5.67351,5.67351
5.67351,5.67351
5.67351,5.67351
5.67351,5.67351
5.67351,5.67351
5.67351,5.67351
5.67351,5.67351
5.67351,5.67351
5.67351,5.67351
5.67351,5.67351
5.67351,5.67351
5.67351,5.67351
5.67351,5.68818
5.67351,5.67351
5.67351,5.67351
