32.4168,39.4053
29.2869,33.1046
27.2966,30.3238
24.0349,28.1261
22.0236,25.3031
23.2761,24.3779
22.5179,23.5925
19.8917,22.9852
19.736,22.068
19.9021,21.351
17.6362,20.4713
18.4345,19.5507
18.156,19.2322
15.9612,18.9341
16.0679,16.8784
15.8501,16.3446
15.9158,16.086
15.5666,16.0518
15.7237,16.0753
15.6664,15.9554
15.7681,16.204
15.6154,15.7918
15.1217,15.9469
15.641,15.6689
15.5767,15.8263
15.4363,15.6573
15.5795,15.7058
14.9652,15.7002
15.5418,15.662
15.593,15.6657
15.3816,15.7122
15.3597,15.7536
15.1372,16.0182
15.4736,15.8453
15.1335,15.6782
14.9508,15.5412
15.116,15.6646
15.0882,15.4092
14.8187,15.1971
14.4231,15.0552
14.7128,14.9192
14.7132,14.9686
14.5083,14.9901
14.5287,14.9408
14.1225,14.5642
14.4115,14.861
14.3252,14.4641
14.3404,14.4681
14.3435,14.4323
14.2535,14.3848
14.2535,14.5716
14.2535,14.3197
14.2499,14.5018
13.8358,14.3267
13.5515,14.2683
14.0539,14.1837
14.0336,14.2183
14.0503,14.0834
13.4341,14.197
14.0539,14.1788
13.6727,14.1443
13.8331,14.1931
13.2434,14.3658
13.6724,13.9941
13.2434,14.0709
13.3913,13.8822
13.3913,13.6391
13.371,13.6859
13.2115,13.4906
12.8992,13.512
12.5405,13.8861
12.2891,12.8953
12.2891,13.1973
12.2891,12.2981
12.2891,12.4337
12.2687,12.5459
12.2891,12.3756
12.2891,12.5293
12.2891,12.6266
12.2891,12.2981
12.2891,12.8388
12.2891,12.4083
12.2891,12.438
12.2891,12.4958
12.2891,12.6522
12.2687,12.6856
12.2891,12.8154
12.2891,12.5952
12.2891,12.3493
11.7676,12.3589
12.2687,12.4042
12.2687,12.343
11.7473,12.5834
12.2687,12.4954
12.2687,12.6585
12.2687,12.4075
12.2687,12.8611
12.2687,12.3434
11.7473,12.5921
11.7473,12.3974
12.2687,12.4549
12.2687,12.7417
12.2687,12.5623
12.2687,12.3324
12.2687,12.4305
11.6671,12.5283
12.2687,12.4097
12.2687,12.4451
12.2687,12.6842
12.2687,12.4169
12.2687,12.547
12.2687,12.2691
12.2687,12.4471
11.7473,12.6244
12.2687,12.6026
12.2687,12.6035
12.2687,12.7721
12.2687,12.7617
12.2687,12.5126
12.2687,12.5232
12.2687,12.3977
12.2687,12.4293
12.2687,12.5314
12.2687,12.3043
12.2687,12.9634
11.7473,12.4948
12.2687,12.6076
12.2687,12.5782
12.2687,12.2797
12.2687,12.6693
12.2687,12.7846
12.2687,12.3815
12.2687,12.5421
12.2687,12.2926
12.2687,12.3419
12.2687,12.4971
12.2687,12.5765
11.7473,12.3264
12.2687,12.5007
12.2687,12.4935
12.2687,12.4957
12.2687,12.5412
12.2687,12.3896
12.2687,12.449
12.2687,12.3978
12.2687,12.4168
12.2687,12.641
11.7473,12.2889
11.7473,12.3509
11.7473,12.3486
11.7473,11.8663
11.7473,11.8251
11.7473,11.9661
11.7473,12.1309
11.7473,12.034
11.7473,11.8988
11.7473,11.8464
11.7473,11.9444
11.7473,11.9707
11.7473,11.7504
11.7473,12.0544
11.7473,12.2214
11.7473,11.8586
11.7473,11.9753
11.7473,11.862
11.7473,12.0143
11.7473,12.5046
11.7473,11.9531
11.7473,12.0692
11.7473,12.0306
11.7473,12.0949
11.7473,11.9291
11.7473,11.8353
11.7473,11.9437
11.7473,11.8984
11.7473,11.8225
11.7473,11.9229
11.7473,12.0503
11.7473,11.8954
11.7473,11.9606
11.7473,11.7873
11.7473,11.9919
11.7473,12.2378
11.7473,11.9806
11.7473,11.8447
11.7473,11.9427
11.3891,11.8517
11.7473,11.8159
11.7473,12.0574
11.7473,11.9842
11.7473,12.0785
11.7473,12.0375
11.7473,12.165
11.7473,12.0727
11.7473,11.7927
11.7473,11.7983
11.7473,11.8483
11.3891,11.9491
11.7473,12.2632
11.7473,11.8998
11.7473,11.965
11.7473,11.8647
11.7473,11.9313
11.7473,11.9013
11.7473,11.8474
11.7473,11.915
11.7473,12.1345
11.7473,11.7473
11.7473,12.0927
11.7473,11.9176
11.7473,11.8345
11.7473,11.873
11.7473,11.7936
11.7473,11.932
11.7473,12.0305
11.7473,11.9434
11.7473,12.2679
11.7473,12.1499
11.7473,11.8557
11.7473,12.0352
11.7473,11.9202
11.7473,11.9683
11.7473,11.9891
11.7473,11.8319
11.7473,11.9457
11.7473,11.9096
11.7473,12.3193
11.7473,12.1088
11.7473,12.0439
11.7473,12.0218
11.7473,11.941
11.7473,12.1445
11.7473,11.9838
11.7473,11.8822
11.7473,12.1191
11.7473,11.8672
11.7473,11.8163
11.7473,12.1192
11.7473,11.8659
11.7473,11.9445
11.7473,12.018
11.7473,12.0987
11.7473,12.1245
11.7473,11.7752
11.7473,11.9671
11.7473,11.7565
11.7473,11.8606
11.7473,11.9725
11.7473,11.8648
11.7473,11.9993
11.7473,12.1394
11.7473,11.9596
11.7473,11.9355
11.7473,11.914
11.7473,11.918
11.3891,11.7783
11.7473,12.2391
11.7473,11.9749
11.7473,12.0125
11.7473,11.9377
11.7473,11.8328
11.7473,11.9971
11.7473,12.0986
11.7473,12.1713
11.3891,11.9679
11.7473,11.765
11.7473,12.4076
11.3891,11.7861
11.7473,11.7664
11.7473,11.7499
11.7473,11.7951
11.3891,12.0692
11.7473,12.0857
11.7473,11.9523
11.7473,12.0966
11.7473,11.9675
11.7473,12.2118
11.7473,11.7493
11.7473,12.172
11.7473,12.0428
11.7473,12.0741
11.7473,11.8984
11.7473,12.087
11.7473,12.0077
11.7473,11.7829
11.7473,11.8185
11.7473,11.9982
11.7473,12.1519
11.7473,11.9172
11.7473,12.0898
11.7473,12.0703
11.7473,12.0465
11.7473,11.8968
11.3891,11.9076
11.7473,12.0087
11.7473,11.9295
11.7473,11.8601
11.7473,11.9023
11.7473,12.3239
11.7473,11.8481
11.7473,11.7559
11.7473,12.1763
11.7473,12.0098
11.7473,11.7503
11.3891,12.4049
11.7473,11.9696
11.7473,11.8861
11.7473,11.9279
11.7473,12.2009
11.7473,11.887
11.7473,11.8903
11.7473,11.9681
11.7473,11.8959
11.7473,12.0704
11.7473,12.0262
11.7473,11.8144
11.7473,11.7487
11.7473,12.5117
11.7473,12.0056
11.7473,11.7473
11.7473,12.0117
11.7473,12.2107
11.7473,11.8687
11.7473,11.8694
11.7473,11.9812
11.7473,11.9441
11.7473,11.881
11.7473,11.8381
11.7473,12.1063
11.7473,11.8781
11.7473,11.9926
11.7473,11.8197
11.7473,11.9099
11.7473,12.2271
11.7473,11.9592
11.7473,11.9977
11.7473,12.0668
11.7473,11.8703
11.3891,12.0712
11.7473,12.0304
11.7473,11.8857
11.7473,11.8764
11.7473,11.9842
11.7473,11.8441
11.7473,11.8845
11.7473,12.292
11.7473,11.7599
11.7473,12.0622
11.7473,11.8252
11.7473,11.8564
11.7473,11.8845
11.7473,12.5638
11.7473,12.3374
11.7473,11.9694
11.7473,12.2255
11.7473,11.9332
11.7473,12.1203
11.7473,11.8494
10.7209,12.3286
11.7473,12.1706
11.7473,11.8646
11.7473,12.0851
11.7473,11.9128
11.7473,12.1106
11.7473,11.9599
11.7473,11.8818
11.4351,12.0923
11.7473,12.2461
11.7473,11.8587
11.7473,11.7793
11.7473,12.2838
11.7473,11.7534
11.7473,12.1012
11.7473,12.228
11.7473,11.9308
11.7473,11.9916
11.7473,11.814
11.7473,11.8904
11.7473,12.2469
11.7473,12.1461
11.7473,11.9751
11.7473,12.1187
11.7473,11.9665
11.7473,12.0536
11.7473,12.1973
11.7473,11.8299
11.7473,11.9823
11.7473,11.9693
11.7473,12.2843
11.7473,11.9871
11.6345,12.0638
11.7473,11.78
11.7473,12.1487
11.7473,12.1318
11.7473,12.1608
11.7473,12.215
11.7473,11.8988
11.7473,11.9521
11.7473,11.9068
11.7473,12.2852
11.7473,11.9126
11.7473,11.7638
11.7473,12.2298
11.7473,12.0419
11.7473,11.8559
11.7473,12.043
11.7473,11.7936
11.7473,11.9119
11.7473,11.9678
11.7473,12.4373
11.7473,11.8345
11.7473,12.3252
11.7473,12.0391
11.7473,11.9752
11.7473,12.2617
11.7473,11.8648
11.7473,11.7779
11.7473,11.7633
11.3891,12.0145
11.7473,12.0708
11.7473,11.8604
11.7473,11.9787
11.7473,11.9021
11.3891,12.0341
11.7473,12.1318
11.7473,11.7704
11.7473,12.1197
11.7473,11.836
11.7473,11.9633
11.7473,11.8075
11.7473,12.2594
11.7473,11.822
11.7473,11.9585
11.7473,11.7918
11.7473,12.1575
11.7473,11.8178
11.7473,11.8433
11.7473,11.8972
11.7473,12.1394
11.3891,11.8246
11.7473,11.937
11.7473,12.2617
11.7473,11.8582
11.7473,12.0464
11.3891,11.7839
11.7473,12.1287
11.7473,11.9254
11.7473,11.8217
11.7473,11.8812
11.7473,11.7983
11.7473,11.8483
11.7473,11.8807
11.7473,12.2282
11.7473,11.8277
11.7473,11.809
11.7473,11.9298
11.7473,11.8246
11.7473,12.0085
11.7473,12.0072
11.7473,12.1967
11.7473,11.8567
11.7473,12.1968
11.7473,11.7486
11.7473,12.3212
11.7473,12.3068
11.7473,11.8471
11.7473,12.0665
11.7473,11.8722
11.7473,12.1367
11.7473,11.9154
11.7473,11.8743
11.7473,11.9696
11.7473,11.7678
11.7473,12.0278
11.7473,11.9907
11.7473,12.177
11.7473,11.8843
11.7473,11.8085
11.7473,11.9893
11.7473,12.0274
11.7473,11.8421
11.7473,12.2448
11.7473,11.9352
11.7473,11.8254
11.7473,12.0618
11.7473,12.2703
11.7473,12.0691
11.7473,12.0802
11.7473,11.985
11.7473,12.0558
11.7473,11.9266
11.7473,12.1273
11.7473,11.9155
11.7473,12.0991
11.7473,12.2381
11.7473,12.0218
11.7473,12.0015
11.7473,12.489
11.7473,11.8095
11.7473,12.2427
11.7473,11.7978
11.7473,11.873
11.7473,11.7954
11.7473,12.0027
11.7473,11.8962
11.7473,12.0034
11.7473,11.8542
11.7473,11.7684
11.7473,11.9414
11.7473,11.8578
11.7473,11.8776
11.7473,12.3156
11.7473,12.2906
11.7473,12.0363
11.7473,11.9618
11.7473,12.3478
11.7473,11.8283
11.7473,11.9957
11.7473,11.8795
11.7473,12.0148
11.7473,12.3917
11.7473,11.7856
11.7473,12.1563
11.7473,11.9125
11.7473,11.764
11.7473,12.2342
11.7473,12.1814
11.7473,11.9329
11.7473,11.8395
11.7473,12.3246
11.7473,11.8688
11.7473,11.8892
11.7473,11.7632
11.7473,12.5651
11.7473,11.9258
11.7473,11.7991
11.7473,12.1609
11.7473,11.8632
11.7473,11.9764
11.7473,11.9629
11.7473,11.9555
11.7473,11.8807
11.7473,12.2238
11.7473,11.9196
11.7473,11.7704
11.7473,11.8915
11.7473,12.0287
11.7473,11.9759
11.7473,11.8759
11.7473,11.9294
11.7473,11.8517
11.7473,12.3901
11.7473,11.9998
11.7473,11.8115
11.7473,11.8731
11.7473,11.8935
11.7473,11.8234
11.7473,12.0824
11.7473,12.1325
11.7473,11.8865
11.7473,11.875
11.7473,12.1751
11.7473,11.8299
11.7473,11.9076
11.7473,12.101
11.7473,11.8379
11.7473,11.8689
11.7473,11.8653
11.7473,11.9202
11.7473,12.3411
11.7473,11.7654
11.7473,12.3639
11.7473,11.948
11.7473,12.0199
11.7473,11.9911
11.7473,11.9008
11.7473,12.0573
11.7473,11.8677
11.7473,12.3989
11.7473,12.0909
11.7473,11.8999
11.7473,12.1771
11.7473,12.3108
11.7473,11.9076
11.7473,11.8729
11.7473,11.9875
11.7473,11.8528
11.7473,12.3181
11.7473,12.117
11.7473,11.8095
11.7473,12.3545
11.7473,12.0352
11.7473,11.9659
11.7473,12.202
11.7473,11.9696
11.7473,12.1311
11.7473,11.9218
11.7473,11.9812
11.7473,11.8685
11.7473,12.1944
11.7473,11.7486
11.7473,11.978
11.7473,12.3272
11.7473,12.0302
11.7473,11.9402
11.7473,12.0157
11.3891,12.1671
11.7473,11.9207
11.3891,12.2089
11.3891,11.9986
11.7473,12.0089
11.3977,11.8843
11.7473,12.1746
11.7473,12.0501
11.7473,11.9516
11.7473,11.8694
11.7473,11.8861
11.7473,12.1682
11.7473,11.881
11.7473,11.9158
11.7473,12.0772
11.3891,11.8344
11.7473,12.1256
11.7473,11.8631
11.7473,12.0011
11.7473,12.3512
11.7473,12.0224
11.7473,12.0576
11.7473,12.1444
11.7473,12.1232
11.7473,11.8152
11.7473,12.157
11.7473,11.7607
11.7473,11.9372
11.7473,11.9117
11.3891,12.0434
11.7473,11.9318
11.7473,11.9411
11.7473,12.2101
11.7473,12.0695
11.7473,11.8425
11.7473,11.9528
11.7473,11.8366
11.7473,11.9896
11.7473,11.8208
11.7473,11.9466
11.7473,11.79
11.7473,12.2691
11.3891,11.9492
11.7473,11.8642
11.7473,12.3143
11.7473,12.0921
11.7473,11.9767
11.7473,11.9054
11.7473,12.025
11.3891,12.0154
11.7473,11.9786
11.7473,11.8046
11.7473,12.1491
11.7473,11.8775
11.7473,12.0721
11.7473,12.2258
11.7473,11.8737
11.7473,11.9532
11.7473,12.0893
11.7473,11.9357
11.7473,11.9372
11.7473,11.9793
11.7473,11.9908
11.7473,12.2157
11.7473,12.2148
11.7473,11.9801
11.7473,12.0659
11.7473,11.9793
11.7473,11.9433
11.7473,11.8973
11.7473,12.0679
11.7473,12.0143
11.7473,12.0175
11.7473,11.8445
11.7473,11.9434
11.7473,12.1246
11.7473,12.0798
11.7473,11.7989
11.7473,11.8229
11.7473,12.5148
11.7473,11.785
11.7473,12.0923
11.7473,12.2165
11.7473,12.0787
11.7473,12.1169
11.7473,11.836
11.7473,11.7667
11.7473,12.376
11.7473,12.1763
11.7473,12.0139
11.7473,11.9896
11.7473,12.2538
11.7473,12.2389
11.7473,12.0238
11.7473,12.1928
11.7473,11.8979
11.7473,12.04
11.7473,11.8746
11.7473,12.1511
11.7473,11.8516
11.7473,12.0635
11.7473,11.8249
11.7473,11.8282
11.7473,11.9562
11.7473,11.8845
11.7473,12.0232
11.7473,12.1736
11.7473,11.8298
11.3891,11.9934
11.7473,11.9344
11.7473,12.0166
11.7473,12.0241
11.7473,12.0818
11.7473,11.9907
11.7473,11.9817
11.7473,11.8034
11.7473,11.8939
11.7473,12.0852
11.7473,12.0044
11.7473,11.8023
11.7473,11.8757
11.7473,11.9223
11.7473,12.1293
11.7473,11.7697
11.7473,11.7664
11.7473,11.9777
11.7473,12.1723
11.7473,11.8164
11.7473,11.8492
11.7473,12.0502
11.7473,12.3026
11.7473,11.8108
11.7473,11.8935
11.7473,12.0656
11.7473,11.9034
11.7473,12.0915
11.7473,11.9125
11.7473,11.9282
11.7473,11.8471
11.7473,11.7757
11.7473,11.9774
11.7473,11.9303
11.7473,11.9176
11.7473,11.776
11.7473,11.7959
11.7473,11.7981
11.7473,11.9206
11.7473,11.9707
11.7473,12.0035
11.7473,11.8647
11.7473,12.374
11.7473,11.8201
11.7473,12.1857
11.7473,11.8016
11.3891,12.2862
11.7473,12.0354
11.7473,12.3258
11.7473,12.1877
11.3891,11.8
11.7473,11.7641
11.7473,12.1412
11.7473,12.1142
11.3891,11.8509
11.7473,11.9879
11.7473,11.8776
11.7473,11.8433
11.7473,11.8179
11.3891,11.9411
11.7473,12.0106
11.7473,12.14
11.7473,11.9297
11.7473,12.2775
11.7473,11.9991
11.7473,12.0668
11.7473,11.8181
11.7473,12.0506
11.7473,11.8819
11.7473,11.9329
11.7473,11.9272
11.7473,11.9102
11.7473,11.7474
11.7473,11.7551
11.7473,12.377
11.7473,12.1658
11.7473,11.9636
11.7473,12.0675
11.7473,12.0099
11.7473,12.408
11.7473,12.1941
11.7473,12.2064
11.7473,12.1811
11.7473,12.0086
11.7473,11.9948
11.7473,12.0407
11.7473,11.9933
11.7473,12.0027
11.7473,11.8906
11.7473,11.7627
11.7473,12.2097
11.7473,12.0696
11.7473,11.9514
11.7473,12.0311
11.7473,12.0805
11.7473,11.8658
11.3891,11.808
11.7473,11.8613
11.7473,12.1482
11.7473,11.9997
11.7473,12.0811
11.7473,12.2358
11.7473,12.2186
11.7473,12.0717
11.7473,11.8967
11.7473,11.8733
11.7473,11.9988
11.7473,11.8405
11.7473,11.8581
11.7473,12.1071
11.7473,11.7838
11.7473,12.0061
11.7473,12.2643
11.7473,11.8057
11.7473,12.2526
11.7473,11.9739
11.7473,12.1668
11.7473,12.1233
11.7473,11.7597
11.7473,12.067
11.7473,12.4122
11.7473,11.8442
11.7473,12.1007
11.7473,11.9575
11.7473,11.9377
11.7473,11.9733
11.7473,12.0873
11.7473,12.1499
11.7473,12.0508
11.7473,12.1907
11.7473,12.0955
11.7473,11.7814
11.7473,12.1456
11.7473,11.8133
11.7473,12.0078
11.7473,11.9419
11.7473,12.0325
11.7473,11.8651
11.7473,12.0381
11.7473,11.8426
11.7473,11.959
11.7473,12.0428
11.7473,11.861
11.7473,11.8686
11.7473,11.9439
11.7473,12.1353
11.7473,12.3814
11.7473,12.0355
11.7473,11.7988
11.7473,12.0587
11.7473,12.0481
11.7473,11.7937
11.7473,12.0847
11.7473,12.0557
11.7473,11.8313
11.7473,11.9656
11.7473,11.8537
11.7473,12.1095
11.7473,11.8834
11.7473,12.0768
11.7473,11.828
11.7473,12.1484
11.7473,11.9688
11.7473,12.151
11.7473,11.9081
11.3891,11.9278
11.7473,12.1232
11.7473,11.8424
11.7473,12.0014
11.7473,12.2188
11.7473,12.1075
11.7473,11.8336
11.7473,11.8555
11.7473,12.0707
11.7473,11.7967
11.7473,12.3377
11.7473,11.8887
11.3891,12.2432
11.7473,11.8319
11.7473,11.9144
11.7473,12.4668
11.7473,12.2131
11.7473,12.2792
11.7473,12.2391
11.7473,11.8244
11.3891,11.9852
11.7473,11.8588
11.7473,12.0355
11.7473,12.1463
11.7473,11.9518
11.7473,11.9727
11.7473,11.9164
11.7473,11.859
11.7473,12.091
11.7473,12.3218
11.7473,11.8325
11.7473,11.9461
11.7473,11.9525
11.7473,11.9144
11.7473,11.7702
11.7473,11.8873
11.7473,11.8889
11.7473,11.8595
11.7473,11.9611
11.7473,12.0163
11.7473,12.0381
11.7473,12.0502
11.7473,11.7474
11.7473,12.4776
11.7473,11.8836
11.7473,11.7477
11.7473,11.9842
11.7473,11.964
11.7473,11.9075
11.7473,11.8498
11.7473,11.7891
11.7473,11.7555
11.7473,11.8195
11.7473,12.0256
11.7473,11.9332
11.7473,11.8053
11.7473,11.8884
11.7473,12.0626
11.7473,11.999
11.7473,11.8093
11.7473,12.2638
11.3891,11.9459
11.7473,12.0419
11.7473,11.8498
11.7473,11.9804
11.7473,12.005
11.7473,12.0269
11.7473,11.8221
11.7473,11.9108
11.7473,11.9774
11.7473,11.7645
11.7473,11.937
11.7473,12.1121
11.7473,11.8018
11.7473,12.595
11.7473,11.7834
11.7473,11.8623
11.7473,11.8914
11.7473,11.8638
11.7473,11.999
11.7473,11.9381
11.7473,11.9547
11.3891,11.9458
11.7473,12.0559
11.7473,12.1088
11.7473,12.0924
11.7473,12.0803
11.3891,11.9859
11.7473,12.0246
11.7473,12.0462
11.7473,11.8179
11.7473,11.9318
11.7473,11.9988
11.7473,12.1517
11.7473,11.9142
11.7473,11.9504
11.7473,11.8556
11.7473,12.1233
11.7473,11.9401
11.7473,12.1643
11.7473,12.0731
11.7473,11.9489
11.7473,11.9843
11.7473,12.2133
11.7473,11.7776
11.7473,11.8647
11.7473,11.8505
11.7473,11.7717
11.7473,11.9326
11.7473,11.9707
11.7473,11.9738
11.7473,11.8558
11.7473,11.9134
11.7473,11.8374
11.7473,11.9596
11.7473,11.7543
11.7473,12.1673
11.7473,11.7799
11.7473,12.1994
11.7473,11.941
11.7473,11.8101
11.7473,11.9722
11.7473,11.8726
11.7473,12.1308
11.7473,12.023
11.7473,11.8172
11.7473,11.7789
11.7473,12.1915
11.7473,11.9819
11.7473,11.885
11.7473,11.9493
11.7473,12.2623
11.7473,12.4365
11.7473,12.093
11.7473,11.8897
11.7473,12.0762
11.7473,11.8391
11.7473,12.2892
11.7473,11.8653
11.7473,11.9726
11.7473,11.8418
11.3891,11.7815
11.7473,11.9612
11.7473,12.0871
11.7473,11.8238
11.7473,12.2665
11.7473,11.7694
11.7473,11.9419
11.7473,12.0964
11.7473,11.8085
11.7473,12.0343
11.7473,11.8661
11.7473,12.0359
11.7473,11.9945
11.7473,11.7767
11.3891,11.8728
11.7473,11.8267
11.7473,11.7905
11.7473,12.1979
11.7473,11.8514
11.7473,11.8949
11.7473,11.7765
11.7473,12.1154
11.7473,12.0652
11.7473,11.9163
11.7473,11.8825
11.7473,11.9892
11.7473,12.1071
11.3891,11.8264
11.7473,11.992
11.7473,12.4243
11.7473,11.8124
11.7473,11.9392
11.7473,11.85
11.7473,12.189
11.7473,11.8906
11.7473,12.1665
11.7473,11.9526
11.7473,11.8706
11.7473,11.7899
11.7473,11.827
11.7473,12.0079
11.7473,12.0815
11.7473,12.1505
11.7473,12.0586
11.7473,11.9352
11.7473,11.9673
11.7473,12.2324
11.7473,12.0182
11.7473,12.1097
11.7473,11.8947
11.7473,12.1945
11.7473,12.1487
11.7473,12.0673
11.7473,11.9487
11.7473,11.9605
11.7473,11.7881
11.7473,11.9756
11.7473,12.172
11.7473,11.8375
11.7473,12.3169
11.7473,11.915
11.7473,11.9685
11.7473,11.7514
11.7473,11.9786
11.7473,11.9572
11.7473,11.7937
11.7473,11.9933
11.7473,11.9731
11.7473,11.9858
11.7473,11.9459
11.7473,11.8881
11.7473,11.751
11.7473,11.9412
11.7473,11.9731
11.7473,12.0523
11.7473,11.8649
11.3891,11.9639
11.3891,11.7547
11.3935,11.6118
11.3935,11.7955
11.3935,11.6116
11.3935,11.537
11.3935,11.4356
11.3891,11.4216
11.3935,11.8077
11.3935,11.5029
11.3935,11.8334
11.3935,11.684
11.3935,11.5665
11.3935,11.5859
11.3935,12.0048
11.3891,11.4847
11.3935,11.4612
11.3891,11.7998
11.3935,11.9462
11.3935,12.1128
11.3935,11.9984
11.3935,11.5546
11.3935,11.7445
11.3935,11.7461
11.3935,11.6819
11.3935,11.8728
11.1171,11.6725
11.3891,11.4336
11.3935,11.7789
11.3935,11.4236
11.3935,11.9677
11.3935,11.4968
11.3935,11.625
11.3935,11.5282
10.4744,11.4299
11.3935,11.4363
11.3935,11.621
11.3891,11.8683
11.3891,11.9849
11.3935,11.5515
11.3935,11.829
11.3935,11.8266
11.3935,11.7292
11.3935,11.6473
11.3935,11.5968
11.3891,11.5595
11.3891,11.6507
11.3891,11.465
11.3891,11.6536
11.3891,11.6295
11.2701,11.6027
11.3891,11.4656
11.3891,11.6119
11.3891,11.5164
11.3891,11.5948
11.3891,11.6702
11.3891,11.4599
11.3891,11.428
11.3891,11.8466
11.3891,11.5011
11.3891,11.5967
11.3891,11.4351
11.3891,11.5926
11.2701,11.741
11.2701,11.5276
11.0411,11.8222
11.0554,11.543
11.0554,11.4205
11.0554,11.5314
11.0554,11.2153
11.0554,11.1359
11.0554,11.242
10.527,11.212
10.527,11.2116
10.527,10.7227
10.527,10.7399
10.4917,10.5822
10.527,10.903
10.2265,10.9073
10.527,10.914
10.527,11.0039
10.527,10.5863
10.527,10.7573
10.527,10.5904
10.527,11.2009
10.527,10.955
10.527,10.8458
10.527,10.7579
10.527,11.0422
10.4917,10.6955
10.527,10.789
10.527,10.7834
10.527,10.9733
10.527,10.9395
10.527,10.6171
10.2265,10.524
10.527,10.9345
10.527,11.0053
10.527,10.7859
10.527,10.6756
10.527,11.2472
10.527,10.7599
10.527,11.1298
10.2265,10.8309
10.4917,10.6233
10.4917,10.7128
10.4917,10.8431
10.4917,10.6058
10.1887,10.5432
10.1887,10.5675
10.4917,10.581
10.1887,10.4964
10.1887,10.5143
10.1887,10.2689
10.1887,10.4324
10.1887,10.4414
10.1887,10.2333
10.1887,10.4044
10.1887,10.8407
10.1887,10.2943
10.1887,10.2184
10.1887,10.4078
10.1887,10.2413
10.1887,10.4221
10.1887,10.5735
10.1887,10.4697
10.1887,10.1889
10.1887,11.0238
10.1887,10.4351
10.1887,10.1887
10.1887,10.3484
10.1887,10.494
10.1887,10.2055
10.1887,10.4302
10.1887,10.437
10.1887,10.4404
10.1887,10.4341
10.1887,10.2967
10.1887,10.2457
10.1887,10.5685
10.1887,10.4818
10.1887,10.4325
10.1887,10.3191
10.1887,10.5398
10.1887,10.3232
10.1887,10.3213
10.1887,10.5151
10.1887,10.3626
10.1887,10.2286
10.1887,10.2902
10.1887,10.7299
10.1887,10.3006
10.1887,10.4268
9.26956,10.3309
10.1887,10.2581
10.1887,10.2946
10.1887,10.3039
10.1887,10.577
10.1887,10.569
10.1887,10.4552
10.1887,10.8777
10.1887,10.6044
10.1887,10.7573
10.1887,10.4715
10.1887,10.2609
10.1887,10.4207
10.1887,10.3423
10.1887,10.5102
10.1887,10.544
10.1887,10.586
10.1887,10.3576
9.26956,10.2184
10.1887,10.8026
10.1887,10.2615
10.1887,10.2452
10.1887,10.4613
10.1887,10.7701
10.1887,10.363
10.1887,10.2978
10.1887,10.5326
10.1887,10.2378
10.1887,10.6486
10.1887,10.3599
10.1887,10.3476
10.1887,10.4272
10.1887,10.6653
10.1887,10.383
10.1887,10.764
10.1887,10.2273
10.1887,10.3274
10.1887,10.4475
10.1887,10.8363
10.1887,10.4303
10.1887,10.6135
10.1887,10.1953
10.1887,10.3118
10.1887,10.6033
10.1887,10.668
10.1887,10.2677
10.1887,10.434
10.1887,10.4815
10.1887,10.4677
10.1887,10.7684
10.1887,10.5159
10.1887,10.4371
10.1887,10.3529
10.1887,10.7047
10.1887,10.2667
10.1887,10.2192
10.1887,10.1887
10.1887,10.7626
10.1887,10.3221
10.1887,10.2897
10.1887,10.7971
10.1887,10.4238
10.1887,10.4466
10.1887,10.4225
10.1887,10.9543
10.1887,10.4462
10.1887,10.3457
10.1887,10.6653
10.1887,10.2783
10.1887,10.3292
10.1887,10.2267
10.1887,10.5985
10.1887,10.2082
10.1887,10.6001
10.1887,10.2207
10.1887,10.2772
10.1887,10.5112
10.1887,10.6013
10.1887,10.3444
9.49584,10.5403
10.1887,10.6801
10.1887,10.5287
10.1887,10.214
10.1887,10.7816
10.1887,10.6236
10.1887,10.3722
10.1887,10.2947
10.1887,10.2957
10.1887,10.342
10.1887,10.197
10.1887,10.362
10.1887,10.3005
10.1887,10.5976
10.1887,10.7879
10.1887,10.779
10.1887,10.7708
10.1887,10.673
10.1887,10.4785
10.1887,10.4754
10.1887,10.5773
10.1887,10.594
10.1887,10.2482
10.1887,10.2675
10.1887,10.3995
10.1887,10.2279
10.1887,10.276
10.1887,10.4441
10.1887,10.222
10.1887,10.8128
10.1887,10.3045
10.1887,10.3197
10.1887,10.4302
10.1887,10.2888
10.1887,10.3742
10.1887,10.334
10.1887,10.4839
10.1887,10.5249
10.1887,10.5527
10.1887,10.5193
10.1887,10.8052
10.1887,10.7818
10.1887,10.4022
10.1887,10.2214
10.1887,10.7909
10.1887,10.3764
10.1887,10.5422
10.1887,10.6523
10.1887,10.7572
10.1887,10.5758
10.1887,10.5966
10.1887,10.5514
10.1887,10.4858
10.1887,10.5965
10.1887,10.3052
10.1887,10.2556
10.1887,10.3559
10.1887,10.5248
10.1887,10.3959
10.1887,10.5886
10.1887,10.5754
10.1887,10.2958
10.1887,10.5284
10.1887,10.5505
10.1887,10.2513
10.1887,10.2186
10.1887,10.3032
10.1887,10.3676
10.1887,10.2285
10.1887,10.5685
10.1887,10.5058
10.1887,10.2506
10.1887,10.3368
10.1887,10.4788
10.1887,10.2983
10.1887,10.4408
10.1887,10.1889
10.1887,11.0379
10.1887,10.6237
10.1887,10.5947
10.1887,10.7143
10.1887,10.6331
10.1887,10.4656
10.1887,10.2976
10.1887,10.3027
10.1887,10.5049
10.1887,10.3752
10.1887,10.3815
10.1887,11.14
10.1887,10.5564
10.1887,10.274
9.26956,10.4967
10.1887,10.414
10.1887,10.1994
10.1887,10.2976
10.1887,10.8726
10.1887,10.9365
10.1887,10.1963
10.1887,10.3215
10.1887,10.4452
10.1887,10.5879
10.1887,10.5104
10.1887,10.6524
10.1887,10.5869
10.1887,10.5849
10.1887,10.8902
10.1887,10.2838
10.1887,10.2653
10.1887,10.4837
10.1887,10.6863
10.1887,10.3941
10.1887,10.4229
10.1887,10.4537
10.1887,10.7696
10.1887,10.2754
10.1887,10.4224
10.1887,10.4651
10.1887,10.4199
10.1887,10.3954
10.1887,10.2141
10.1887,10.4573
10.1887,10.4296
10.1887,10.7773
10.1887,10.457
10.1887,10.2621
10.1887,10.3857
10.1887,10.4678
10.1887,10.3498
10.1887,10.7299
10.1887,10.5665
10.1887,11.0539
10.1887,10.2949
10.1887,10.4147
10.1887,10.4038
9.26956,10.6455
10.1887,10.3242
10.1887,10.2732
10.1887,10.3138
10.1887,10.5316
10.1887,10.7694
10.1887,10.355
10.1887,10.4807
10.1887,10.3892
10.1887,10.3744
10.1887,10.4513
10.1887,10.6243
10.1887,10.3434
10.1887,10.4368
10.1887,10.2994
10.1887,11.1316
10.1887,10.6349
10.1887,10.3483
10.1887,10.5316
10.1887,10.6183
10.1887,10.5839
10.1887,10.3815
10.1887,10.4751
10.1887,10.5374
10.1887,10.318
10.1887,10.4437
10.1887,10.4416
10.1887,10.2866
10.1887,10.4329
10.1887,10.3201
10.1887,10.4313
10.1887,10.4748
10.1887,10.3358
10.1887,10.3551
10.1887,10.3281
10.1887,10.731
10.1887,10.2212
10.1887,10.2371
10.1887,10.3622
10.1887,10.4242
10.1887,10.8751
10.1887,10.4202
10.1887,10.7391
10.1887,10.6435
10.1887,10.4382
10.1887,10.4488
10.1887,10.854
10.1887,10.7252
10.1887,10.2254
10.1887,10.2967
10.1887,10.5623
10.1887,10.3762
10.1887,10.4414
10.1887,10.2567
10.1887,10.8613
10.1887,10.297
10.1887,10.2753
10.1887,10.3897
10.1887,10.6529
10.1887,10.4765
10.1887,10.3021
10.1887,10.4352
10.1887,10.3151
10.1887,10.3937
10.1887,10.3245
10.1887,10.6477
10.1887,10.2405
10.1887,10.4012
10.1887,10.4026
10.1887,10.4281
10.1887,10.3662
10.1887,10.685
10.1887,10.2155
10.1887,10.8513
10.1887,10.6115
10.1887,10.2481
10.1887,11.1552
10.1887,10.2746
10.1887,10.7889
10.1887,10.5235
10.1887,10.6192
10.1887,10.463
10.1887,10.3216
10.1887,10.3526
10.1887,10.4517
10.1887,10.5591
10.1887,10.5287
10.1887,10.433
10.1887,10.4239
10.1887,10.6151
10.1887,10.5512
10.1887,10.5416
10.1887,10.3301
10.1887,10.3585
10.1887,10.4152
10.1887,10.2342
10.1887,10.4849
10.1887,10.3716
10.1887,10.5337
10.1887,10.2949
10.1887,10.4287
10.1887,10.7307
10.1887,10.7016
10.1887,11.3736
10.1887,10.4128
10.1887,10.3304
10.1887,10.6787
10.1887,10.1887
10.1887,10.195
10.1887,10.4537
10.1887,10.559
10.1887,10.7627
9.26956,10.4534
10.1887,10.2858
10.1887,10.6584
9.26956,10.7442
10.1887,10.6883
10.1887,10.4957
10.1887,10.3505
10.1887,10.31
10.1887,10.6633
10.1887,10.519
10.1887,10.2817
10.1887,10.6084
10.1887,10.3973
10.1887,10.4355
10.1887,10.3565
10.1887,10.4357
10.1887,10.2956
10.1887,11.2501
10.1887,10.193
10.1887,10.4039
10.1887,10.4553
10.1887,10.5424
10.1887,10.5566
10.1887,10.4455
10.1887,10.3271
10.1887,10.3823
10.1887,10.6562
10.1887,10.6334
10.1887,10.4211
10.1887,10.1968
9.26956,10.7107
10.1887,10.2607
10.1887,10.3011
10.1887,10.3708
10.1887,10.4583
10.1887,10.5249
10.1887,10.4298
10.1887,11.0845
10.1887,11.0202
10.1887,10.652
10.1887,10.2224
10.1887,10.2074
9.26956,10.3049
10.1887,10.8124
10.1887,10.4247
10.1887,10.4785
10.1887,10.451
10.1887,10.7854
10.1887,10.2588
10.1887,10.5174
9.26956,10.758
10.1887,10.6463
10.1887,10.5009
10.1887,10.5676
10.1887,10.6942
10.1887,10.2295
10.1887,10.3335
10.1887,10.2716
10.1887,10.8704
10.1887,10.2504
10.1887,10.5513
10.1887,10.5831
10.1887,10.359
10.1887,10.2236
10.1887,10.4014
10.1887,10.7318
10.1887,10.2275
10.1887,10.448
10.1887,10.9023
10.1887,10.4496
10.1887,10.597
10.1887,10.2441
10.1887,10.3632
10.1887,10.2799
10.1887,10.5897
10.1887,10.3241
10.1887,10.2061
10.1887,10.4001
10.1887,10.3974
10.1887,10.2742
10.1887,10.3327
10.1887,10.5962
10.1887,10.2099
10.1887,10.7578
10.1887,10.4216
9.26956,10.2787
10.1887,10.7396
10.1887,10.6827
10.1887,10.5017
10.1887,10.5299
10.1887,10.5354
10.1887,10.3947
10.1887,10.5154
10.1887,10.8672
10.1887,10.3423
9.26956,10.4021
10.1887,10.486
10.1887,10.2636
9.49278,10.4963
10.1887,10.78
10.1887,10.3736
10.1887,10.6913
10.1887,10.2888
10.1887,10.6705
10.1887,10.3424
10.1887,10.7815
10.1887,10.3565
10.1887,10.3943
10.1887,10.338
10.1887,10.3613
10.1887,10.5233
10.1887,10.3109
10.1887,10.3618
10.1887,10.383
10.1887,10.9572
10.1887,10.5745
10.1887,10.5817
10.1887,10.3543
10.1887,10.2158
10.1887,10.2035
10.1887,10.2711
10.1887,10.4268
10.1887,11.1849
10.1887,10.9254
10.1887,10.2884
10.1887,10.7861
10.1887,10.3145
10.1887,10.4431
10.1887,10.3674
10.1887,10.7184
10.1887,10.525
10.1887,10.572
10.1887,10.5297
10.1887,10.6193
10.1887,11.0726
10.1887,10.3527
10.1887,10.2728
10.1887,10.2868
10.1887,10.2948
10.1887,10.8055
10.1887,10.5126
10.1887,10.2895
10.1887,10.4718
10.1887,10.4679
10.1887,10.3773
10.1887,10.1969
10.1887,10.5283
10.1887,10.7014
10.1887,10.5871
10.1887,10.5147
10.1887,10.3063
10.1887,10.2832
10.1887,10.7522
10.1887,10.9208
10.1887,10.3497
10.1887,10.4461
10.1887,10.4029
10.1887,10.2231
10.1887,10.2122
10.1887,10.1971
10.1887,10.5445
10.1887,10.8936
10.1887,10.4983
10.1887,10.3216
10.1887,10.4374
10.1887,10.8378
10.1887,10.795
10.1887,10.3818
10.1887,10.1887
10.1887,10.6571
10.1887,10.5864
10.1887,10.3415
10.1887,10.3628
10.1887,10.746
10.1887,10.1899
10.1887,10.7331
10.1887,10.484
10.1887,10.2864
10.1887,10.4573
10.1887,10.7421
9.40418,10.4261
10.1887,10.2496
10.1887,10.4994
10.1887,10.3475
10.1887,10.3409
10.1887,10.7484
10.1887,10.8598
10.1887,10.5201
10.1887,10.4548
10.1887,10.5118
10.1887,11.0283
10.1887,10.4099
10.1887,10.7297
10.1887,10.4043
10.1887,10.3923
10.1887,10.3635
10.1887,10.2819
10.1887,10.4461
10.1887,10.3736
10.1887,10.1887
10.1887,10.3589
10.1887,10.4049
10.1887,10.2856
10.1887,10.4434
10.1887,10.3536
10.1887,10.4545
10.1887,10.5042
10.1887,10.351
10.1887,10.388
10.1887,10.2958
10.1887,10.2714
10.1887,10.6621
10.1887,10.4973
10.1887,10.6623
10.1887,10.1984
10.1887,10.6407
10.1887,10.4571
10.1887,10.6654
10.1887,11.1273
10.1887,10.6277
10.1887,10.7143
10.1887,10.6136
10.1887,10.4683
10.1887,10.328
10.1887,10.8461
10.1887,10.3007
10.1887,10.1979
10.1887,10.5227
10.1887,10.6756
10.1887,10.5032
10.1887,10.5144
10.1887,10.3163
10.1887,10.4064
10.1887,10.4038
10.1887,10.4891
10.1887,10.3176
10.1887,10.199
10.1887,10.6563
10.1887,10.8333
10.1887,10.3768
10.1887,10.3511
10.1887,10.51
10.1887,10.7043
10.1887,10.2993
10.1887,11.0217
10.1887,10.2213
10.1887,10.2775
10.1887,11.0554
10.1887,10.3087
10.1887,10.7782
10.1887,10.2734
10.1887,10.6388
10.1887,10.2266
10.1887,10.5094
10.1887,10.1934
10.1887,10.4245
10.1887,10.5206
10.1887,10.3474
10.1887,10.3256
10.1887,10.4526
10.1887,10.4131
10.1887,10.3969
10.1887,10.3043
10.1887,10.6401
10.1887,10.6278
10.1887,10.3549
10.1887,10.4387
10.1887,10.3862
10.1887,10.2989
10.1887,10.7102
10.1887,11.2422
10.1887,10.608
10.1887,10.4826
10.1887,10.7712
10.1887,10.2938
10.1887,10.2864
10.1887,10.5669
10.1887,10.4718
10.1887,10.3043
10.1887,10.6042
10.1887,10.2954
10.1887,10.6118
10.1887,10.2925
10.1887,10.7373
10.1887,10.6841
10.1887,10.4437
10.1887,10.7017
10.1887,10.8003
10.1887,10.2447
10.1887,10.5541
10.1887,10.6524
10.1887,11.0784
10.1887,10.7167
10.1887,10.721
10.1887,10.3258
10.1887,10.585
9.26956,10.6305
10.1887,10.3004
10.1887,10.3362
10.1887,10.596
10.1887,10.5867
10.1887,10.2243
10.1887,10.3623
10.1887,10.6097
10.1887,10.6355
10.1887,10.3625
10.1887,10.5261
10.1887,10.5455
10.1887,10.332
9.26956,10.4639
10.1887,10.8349
10.1887,10.3565
10.1887,10.1887
10.1887,10.1987
10.1887,10.891
10.1887,10.2382
10.1887,10.3299
10.1887,10.3511
10.1887,10.7973
10.1887,10.7078
10.1887,10.5093
10.1887,10.4698
10.1887,10.4077
10.1887,10.7113
10.1887,10.4982
10.1887,10.4376
10.1887,10.4592
10.1887,10.582
10.1887,10.4883
10.1887,10.6878
10.1887,10.4214
10.1887,10.5235
10.1887,11.0433
10.1887,10.5503
10.1887,10.3987
10.1887,10.437
10.1887,10.547
10.1887,10.2397
10.1887,10.4551
10.1887,10.493
10.1887,10.8214
10.1887,10.1907
10.1887,10.2502
10.1887,10.565
10.1887,10.8246
10.1887,10.2277
10.1887,10.2929
10.1887,10.3584
10.1887,10.3371
10.1887,10.6965
10.1887,10.5143
10.1887,10.2383
10.1887,10.8327
10.1887,11.2749
10.1887,10.2479
10.1887,10.7802
10.1887,10.6237
10.1887,10.2578
10.1887,10.3234
10.1887,10.4966
10.1887,10.3012
10.1887,10.678
10.1887,10.2339
10.1887,10.7656
9.26956,10.3597
10.1887,10.659
10.1887,10.4059
10.1887,10.3117
10.1887,10.4942
10.1887,10.2336
10.1887,10.3703
10.1887,10.7034
10.1887,10.3966
10.1887,10.4161
10.1887,10.6958
10.1887,10.8039
10.1887,10.6527
10.1887,10.4766
10.1887,10.1887
10.1887,10.4092
10.1887,10.3992
10.1887,10.4461
10.1887,10.2935
10.1887,10.7877
9.26956,10.69
10.1887,10.2052
10.1887,10.363
10.1887,10.208
10.1887,10.5951
10.1887,10.343
10.1887,10.3857
10.1887,10.766
10.1887,10.5185
10.1887,10.332
10.1887,10.6534
10.1887,10.5361
10.1887,10.6943
10.1887,10.4748
10.1887,10.312
10.1887,10.2117
10.1887,10.5708
10.1887,10.7506
10.1887,10.2645
10.1887,10.4452
10.1887,10.2149
10.1887,10.2644
10.1887,10.4597
10.1887,10.3274
10.1887,10.8279
10.1887,10.6063
10.1887,10.6398
10.1887,10.5617
10.1887,10.4109
10.1887,10.2686
10.1887,10.3277
10.1887,10.2046
10.1887,10.4048
10.1887,10.7425
10.1887,10.4486
10.1887,10.5169
10.1887,10.22
10.1887,10.3613
10.1887,10.2603
10.1887,10.4043
10.1887,10.4695
10.1887,10.6828
