33.845,39.966
32.159,35.7451
30.2914,33.4797
28.3672,31.2596
26.5151,29.6667
24.7171,27.5051
23.6977,25.576
22.9277,24.2004
21.845,23.4689
21.7061,22.2977
21.2712,21.9005
21.272,22.2141
20.2091,21.5359
19.9542,21.4006
19.4062,20.589
18.1819,19.9661
18.4116,19.3661
17.6583,18.9385
17.3124,18.7033
18.3282,18.8384
17.3621,18.9558
17.3258,19.0251
17.9253,18.508
17.2179,18.1062
16.8824,18.0246
17.2284,17.6909
16.332,17.5259
17.003,17.4553
16.8532,17.1981
16.6314,17.0754
16.7142,17.6682
15.8539,17.0273
15.7568,16.6788
15.8484,16.07
15.8328,15.9181
15.0759,16.3587
15.4828,16.3438
15.242,15.9515
15.1764,16.0479
14.759,15.6792
14.8287,15.5243
14.9502,15.632
14.8264,15.3666
15.0296,15.0634
14.6386,15.2442
14.3093,14.9627
13.6961,14.8689
13.9423,14.6519
14.2898,14.733
14.3713,14.8461
13.4457,14.7189
14.3675,14.6759
13.3086,14.566
13.7111,15.2578
13.2808,15.0684
13.3098,14.4265
13.1419,13.5303
12.8712,14.0062
12.6632,13.5794
13.0444,13.6919
13.0404,13.259
12.9452,13.1816
12.6058,13.3003
12.9168,13.1185
12.9168,13.0213
12.9168,12.9507
12.5127,13.0097
12.7986,13.633
12.4158,13.1217
12.6879,13.2105
12.8111,12.9077
12.8111,12.8532
12.811,12.994
12.7088,12.8254
12.8109,12.9549
12.8109,12.9419
12.38,13.033
12.2838,12.7805
11.7938,12.5892
11.7953,12.3679
12.0496,12.1073
12.0961,12.2143
12.0961,12.2266
11.8649,12.1736
11.9601,12.1919
11.9601,12.1541
11.6582,12.1953
11.9601,12.1994
11.7288,12.1924
11.9601,12.0566
11.9601,12.2185
11.9601,12.2511
11.923,12.1077
11.9601,12.18
11.9135,12.0479
11.802,12.074
11.6211,11.9199
11.6211,12.1728
11.802,12.3927
11.802,12.0569
11.802,12.1172
11.7555,12.0611
11.802,12.001
11.802,11.9612
11.5002,11.9902
11.802,12.0183
11.802,11.9285
11.5739,12.0766
11.7555,12.0361
11.802,11.9474
11.802,11.9844
11.802,12.0722
11.5002,11.9923
11.7954,11.9281
11.802,11.8728
11.802,11.9727
11.7954,11.8237
11.7555,11.8314
11.7555,11.9843
11.7555,11.9866
11.7555,12.2531
11.4774,12.0237
11.4861,11.9037
11.4805,12.0679
11.2717,11.7656
11.4388,11.596
11.4805,11.9134
11.4805,11.5076
11.4805,11.8301
11.4805,11.6536
11.4805,11.6927
11.2717,11.523
11.4805,11.703
11.197,11.5677
11.4805,11.6824
11.197,11.6974
11.4805,11.5741
11.4805,11.7604
11.2717,11.5127
11.197,11.5822
11.4805,11.6466
11.197,11.8062
11.2688,11.6648
11.2717,11.5145
11.2717,11.3946
11.2054,11.4267
11.2717,11.3055
11.2717,11.4044
11.2717,11.5104
11.2054,11.4496
11.2358,11.8889
11.2358,11.5933
11.2358,11.5098
11.2358,11.5333
11.2358,11.359
11.2358,11.3304
11.2358,11.3375
11.2358,11.3729
11.2358,11.5863
11.2358,11.4821
11.2358,11.4584
11.2358,11.2952
11.2358,11.5983
11.2358,11.399
11.1695,11.4903
11.2358,11.336
11.2358,11.2784
11.1695,11.4753
11.1695,11.532
11.2358,11.4276
11.1695,11.4391
11.2358,11.4901
11.2358,11.4354
11.2358,11.4658
11.2358,11.3663
11.1695,11.4889
11.2358,11.3961
11.2358,11.5134
11.2358,11.5235
11.2358,11.298
11.2358,11.3883
11.2358,11.3422
11.2358,11.2486
11.1695,11.2838
11.2358,11.4104
11.2358,11.2487
11.2358,11.5362
11.2358,11.3411
11.1695,11.2869
11.2358,11.3727
11.2358,11.273
11.2358,11.4431
11.2358,11.3308
11.2358,11.376
11.2358,11.4713
11.2358,11.3287
11.2358,11.3598
11.1695,11.5014
11.2358,11.4421
11.2358,11.2916
11.1695,11.4752
11.2358,11.3015
11.2358,11.32
11.2358,11.2725
11.2358,11.4361
11.2358,11.4265
11.2358,11.2962
11.2358,11.4948
11.2358,11.541
11.2358,11.4468
11.2358,11.4426
11.2358,11.2358
11.2358,11.5508
11.1695,11.2509
11.2358,11.3394
11.2358,11.4795
11.2358,11.4868
11.2358,11.5379
11.2358,11.2465
11.2358,11.2432
11.2358,11.5011
11.1695,11.3977
11.2358,11.7253
11.2358,11.3923
11.2358,11.2807
11.2358,11.3868
11.1695,11.2994
11.2358,11.3308
11.2358,11.6023
11.2358,11.261
11.2358,11.3959
11.2358,11.2797
11.2358,11.3484
11.2358,11.4926
11.2358,11.3905
11.1695,11.5128
11.1695,11.4313
11.2358,11.3736
11.2358,11.5105
11.2358,11.5423
11.2358,11.2688
11.2358,11.4631
11.1695,11.5649
11.2358,11.6238
11.2358,11.3479
11.1695,11.3967
11.2358,11.2436
11.2358,11.3847
11.2358,11.5669
11.2358,11.386
11.1695,11.4268
11.2358,11.4941
11.2358,11.5396
11.2358,11.3939
11.2358,11.385
11.2358,11.2983
11.2358,11.372
11.2358,11.541
11.2358,11.3772
11.2358,11.3974
11.2358,11.3942
11.2358,11.5788
11.2358,11.3947
11.1695,11.3522
11.2358,11.5796
11.2358,11.3779
11.1695,11.3302
11.1695,11.3611
11.1695,11.5313
11.1695,11.2826
11.1695,11.2484
11.1695,11.2842
11.1695,11.1963
11.1695,11.2526
11.1695,11.3711
11.1608,11.2883
11.1695,11.2859
11.1695,11.2106
11.1608,11.4357
11.1695,11.472
11.1608,11.301
11.1695,11.51
11.1695,11.2408
11.1608,11.3571
11.1695,11.4068
11.1608,11.2544
11.1695,11.431
11.1695,11.3509
11.1695,11.3708
11.1695,11.2045
11.1608,11.3558
11.1695,11.2635
11.1695,11.3824
11.1695,11.3395
11.1695,11.2637
11.1608,11.2839
11.1695,11.485
11.1695,11.305
11.1695,11.2103
11.1695,11.431
11.1695,11.2745
11.1695,11.4328
11.1695,11.4841
11.1695,11.4215
11.1695,11.4258
11.1695,11.3769
11.1608,11.3306
11.1695,11.2485
11.1695,11.6385
11.1695,11.3184
11.1608,11.3482
11.1695,11.3182
11.1695,11.2533
11.1695,11.3176
11.1695,11.3114
11.1608,11.2596
11.1695,11.4013
11.1695,11.3267
11.1695,11.2538
11.1695,11.3239
11.1695,11.2443
11.1695,11.2407
11.1695,11.4271
11.1695,11.3023
11.1695,11.2981
11.1695,11.3862
11.1695,11.285
11.1608,11.3275
11.1695,11.3432
11.1695,11.2298
11.1695,11.481
11.1695,11.4387
11.1695,11.327
11.1695,11.4441
11.1695,11.3453
11.1608,11.464
11.1695,11.364
11.1695,11.2916
11.1608,11.4111
11.1608,11.4054
11.1695,11.1803
11.1695,11.4112
11.1695,11.2048
11.1695,11.2227
11.1695,11.3977
11.1695,11.3632
11.1608,11.2352
11.1695,11.4272
11.1695,11.2021
11.1695,11.4101
11.1695,11.3754
11.1695,11.2937
11.1608,11.2149
11.1695,11.3145
11.1608,11.5354
11.1695,11.3346
11.1695,11.2763
11.1695,11.2886
11.1608,11.3818
11.1695,11.4078
11.1608,11.2809
11.1695,11.4812
11.1695,11.315
11.1695,11.3601
11.1608,11.4168
11.1695,11.3437
11.1695,11.2959
11.1608,11.355
11.1695,11.3344
11.1695,11.441
11.1608,11.4472
11.1695,11.401
11.1695,11.3342
11.1695,11.2963
11.1695,11.4132
11.1695,11.2362
11.1695,11.3426
11.1695,11.4827
11.1608,11.4305
11.1695,11.3519
11.1608,11.4125
11.1695,11.2717
11.1695,11.3743
11.1695,11.3482
11.1695,11.528
11.1608,11.2489
11.1695,11.5511
11.1695,11.3017
11.1695,11.4332
11.1695,11.4606
11.1608,11.2368
11.1695,11.5233
11.1695,11.2851
11.1695,11.3271
11.1695,11.4008
11.1695,11.6581
11.1695,11.241
11.1695,11.2487
11.1695,11.3128
11.1695,11.1919
11.1608,11.49
11.1608,11.3587
11.1695,11.4176
11.1695,11.1872
11.1695,11.3484
11.1695,11.4489
11.1608,11.3571
11.1608,11.2543
11.1608,11.3573
11.1695,11.2767
11.1695,11.3072
11.1695,11.3251
11.1695,11.5207
11.1695,11.537
11.1695,11.1986
11.1695,11.3695
11.1695,11.371
11.1695,11.3221
11.1695,11.3746
11.1695,11.3844
11.1695,11.2881
11.1695,11.4084
11.1695,11.2956
11.1695,11.4047
11.1695,11.2968
11.1608,11.3733
11.1695,11.1725
11.1695,11.3167
11.1695,11.3082
11.1695,11.3528
11.1695,11.3384
11.1608,11.3885
11.1695,11.442
11.1695,11.4161
11.1695,11.261
11.1695,11.2637
11.1695,11.2207
11.1695,11.45
11.1695,11.3144
11.1695,11.5075
11.1695,11.4054
11.1695,11.2212
11.1695,11.3717
11.1695,11.2061
11.1695,11.6461
11.1695,11.3288
11.1608,11.4892
11.1695,11.4861
11.1695,11.2909
11.1695,11.3299
11.1695,11.2659
11.1695,11.2671
11.1695,11.1749
11.1695,11.5593
11.1695,11.3534
11.1695,11.3865
11.1695,11.4948
11.1695,11.3143
11.1695,11.3946
11.1695,11.4035
11.1695,11.2617
11.1695,11.2996
11.1695,11.1965
11.1695,11.2604
11.1695,11.3741
11.1695,11.2748
11.1695,11.3656
11.1695,11.3932
11.1695,11.3297
11.1695,11.4739
11.1695,11.2712
11.1608,11.1694
11.1695,11.3652
11.1695,11.4854
11.1695,11.2731
11.1695,11.4858
11.1695,11.3756
11.1608,11.3488
11.1695,11.3597
11.1695,11.4349
11.1608,11.2639
11.0761,11.364
11.0923,11.3141
11.0761,11.2581
11.0923,11.226
11.0923,11.3715
11.0923,11.1227
11.0923,11.4103
11.0923,11.1632
11.0923,11.2308
11.0923,11.2648
11.0923,11.1034
11.0761,11.3179
11.0761,11.307
11.0923,11.399
11.0923,11.444
11.0923,11.1674
11.0923,11.3346
11.0923,11.1576
11.0923,11.3751
11.0923,11.3284
11.0923,11.2663
11.0923,11.1343
11.0923,11.1518
11.0761,11.2514
11.0923,11.3686
11.0923,11.5267
11.0923,11.2487
11.0923,11.3293
11.0761,11.3852
11.0923,11.2157
11.0923,11.1566
11.0923,11.2459
11.0923,11.2922
11.0923,11.4075
11.0923,11.3173
11.0923,11.3303
11.0923,11.5002
11.0923,11.3305
11.0923,11.1766
11.0761,11.2371
11.0923,11.2526
11.0923,11.3175
11.0923,11.1426
11.0761,11.18
11.0761,11.2946
11.0761,11.3388
11.0923,11.2585
11.0923,11.3659
11.0923,11.2728
11.0923,11.3716
11.0923,11.3266
11.0923,11.476
11.0761,11.2539
11.0761,11.3855
11.0761,11.2429
11.0761,11.2767
11.0761,11.1023
11.0761,11.3879
11.0761,11.3393
11.0761,11.3259
11.0761,11.1699
11.0761,11.4697
11.0761,11.2467
11.0761,11.2211
11.0761,11.3385
11.0761,11.45
11.0761,11.1881
11.0761,11.4341
11.0761,11.3119
11.0761,11.1644
11.0761,11.1297
11.0761,11.2659
11.0761,11.3308
11.0761,11.1115
11.0761,11.238
11.0761,11.3008
11.0761,11.2117
11.0761,11.1094
11.0761,11.2813
11.0761,11.242
11.0761,11.3442
11.0761,11.25
11.0761,11.2231
11.0761,11.2261
11.0761,11.2578
11.0761,11.319
11.0761,11.1562
11.0761,11.0943
11.0761,11.4107
11.0761,11.1601
11.0761,11.0812
11.0761,11.2583
11.0761,11.1572
11.0761,11.3127
11.0761,11.2032
11.0761,11.2444
11.0761,11.3136
11.0761,11.2711
11.0761,11.2034
11.0761,11.3948
11.0761,11.3221
11.0761,11.2409
11.0761,11.2628
11.0761,11.1976
11.0761,11.333
11.0761,11.3638
11.0761,11.1994
11.0761,11.2659
11.0761,11.1283
11.0761,11.3485
11.0761,11.264
11.0761,11.2994
11.0761,11.1695
11.0761,11.131
11.0761,11.1067
11.0761,11.143
11.0761,11.4586
11.0761,11.2352
11.0761,11.1387
11.0761,11.3126
11.0761,11.2711
11.0761,11.176
11.0761,11.4915
11.0761,11.2789
11.0761,11.3812
11.0761,11.36
11.0761,11.1844
11.0761,11.2399
11.0761,11.1243
11.0761,11.2151
11.0761,11.109
11.0761,11.2498
11.0761,11.3544
11.0761,11.208
11.0761,11.2851
11.0761,11.1904
11.0761,11.5151
11.0761,11.2635
11.0761,11.1054
11.0761,11.2658
11.0761,11.1266
11.0761,11.2329
11.0761,11.2657
11.0761,11.2807
11.0761,11.3485
11.0761,11.1891
11.0761,11.3065
11.0761,11.3115
11.0761,11.3272
11.0761,11.3251
11.0761,11.2055
11.0761,11.2856
11.0761,11.2197
11.0761,11.2492
11.0761,11.3766
11.0761,11.103
11.0761,11.3839
11.0761,11.2123
11.0761,11.2127
11.0761,11.3848
11.0761,11.0828
11.0761,11.4298
11.0761,11.1171
11.0761,11.4062
11.0761,11.1647
11.0761,11.1623
11.0761,11.1793
11.0761,11.2483
11.0761,11.1498
11.0761,11.2099
11.0761,11.1725
11.0761,11.3083
11.0761,11.4563
11.0761,11.1534
11.0761,11.1482
11.0761,11.232
11.0761,11.2635
11.0761,11.2765
11.0761,11.1657
11.0761,11.282
11.0761,11.1605
11.0761,11.201
11.0761,11.2811
11.0761,11.3187
11.0761,11.3742
11.0761,11.365
11.0761,11.386
11.0761,11.0775
11.0761,11.1983
11.0761,11.3532
11.0761,11.5597
11.0761,11.1296
11.0761,11.2356
11.0761,11.3768
11.0761,11.3536
11.0761,11.4333
11.0761,11.3436
11.0761,11.2578
11.0761,11.2585
11.0761,11.2481
11.0761,11.263
11.0761,11.2904
11.0761,11.0855
11.0761,11.5198
11.0761,11.2095
11.0761,11.2079
11.0761,11.1786
11.0761,11.1436
11.0761,11.2099
11.0761,11.3239
11.0761,11.2267
11.0761,11.2271
11.0761,11.2359
11.0761,11.2812
11.0761,11.0927
11.0761,11.3196
11.0761,11.0852
11.0761,11.3527
11.0761,11.2759
11.0761,11.2107
11.0761,11.4114
11.0761,11.199
11.0761,11.2211
11.0761,11.2191
11.0761,11.3036
11.0761,11.3705
11.0761,11.4193
11.0761,11.267
11.0761,11.4135
11.0761,11.2079
11.0761,11.2856
11.0761,11.3613
11.0761,11.1965
11.0761,11.179
11.0761,11.0894
11.0761,11.2863
11.0761,11.1797
11.0761,11.3792
11.0761,11.5073
11.0761,11.2276
11.0761,11.1685
11.0761,11.2551
11.0761,11.3702
11.0761,11.2135
11.0761,11.4429
11.0761,11.3184
11.0761,11.2215
11.0761,11.2395
11.0761,11.3029
11.0761,11.4804
11.0761,11.1201
11.0761,11.3178
11.0761,11.6307
11.0761,11.3089
11.0761,11.2929
11.0761,11.2658
11.0761,11.2631
11.0761,11.2452
11.0761,11.2973
11.0761,11.2144
11.0761,11.078
11.0761,11.2429
11.0761,11.5819
11.0761,11.2638
11.0761,11.3251
11.0761,11.3005
11.0761,11.202
11.0761,11.2857
11.0761,11.1732
11.0761,11.1249
11.0761,11.653
11.0761,11.3979
11.0761,11.0948
11.0761,11.1572
11.0761,11.1799
11.0761,11.2536
11.0761,11.3505
11.0761,11.2222
11.0761,11.1631
11.0761,11.184
11.0761,11.2958
11.0761,11.2006
11.0761,11.2928
11.0761,11.3024
11.0761,11.156
11.0761,11.4266
11.0761,11.322
11.0761,11.2813
11.0761,11.2766
11.0761,11.1627
11.0761,11.3222
11.0761,11.409
11.0761,11.2382
11.0761,11.2175
11.0761,11.2545
11.0761,11.3968
11.0761,11.2151
11.0761,11.2417
11.0761,11.1296
11.0761,11.2537
11.0761,11.2859
11.0761,11.2782
11.0761,11.1499
11.0761,11.3453
11.0761,11.1731
11.0761,11.1942
11.0761,11.3261
11.0761,11.4315
11.0761,11.2799
11.0761,11.2123
11.0761,11.2634
11.0761,11.1792
11.0761,11.6216
11.0761,11.2298
11.0761,11.2277
11.0761,11.2852
11.0761,11.3084
11.0761,11.2724
11.0761,11.1089
11.0761,11.2455
11.0761,11.2713
11.0761,11.3782
11.0761,11.0762
11.0761,11.0765
11.0761,11.2974
11.0761,11.2209
11.0761,11.3026
11.0761,11.4981
11.0761,11.3914
11.0761,11.2227
11.0761,11.2569
11.0761,11.2369
11.0761,11.2586
11.0761,11.202
11.0761,11.6205
11.0761,11.2283
11.0761,11.3024
11.0761,11.1553
11.0761,11.3173
11.0761,11.1438
11.0761,11.2501
11.0761,11.2316
11.0761,11.3743
11.0761,11.3412
11.0761,11.2493
11.0761,11.3126
11.0761,11.0761
11.0761,11.1669
11.0761,11.3709
11.0761,11.2802
11.0761,11.0773
11.0761,11.0984
11.0761,11.2666
11.0761,11.2414
11.0761,11.2153
11.0761,11.3363
11.0761,11.3066
11.0761,11.3041
11.0761,11.3212
11.0761,11.1885
11.0761,11.339
11.0761,11.1604
11.0761,11.1906
11.0761,11.2708
11.0761,11.4141
11.0761,11.2261
11.0761,11.2795
11.0761,11.3016
11.0761,11.0807
11.0761,11.4091
11.0761,11.2829
11.0761,11.2861
11.0761,11.1379
11.0761,11.2564
11.0761,11.4084
11.0761,11.4559
11.0761,11.2571
11.0761,11.0764
11.0761,11.3279
11.0761,11.2466
11.0761,11.3615
11.0761,11.3092
11.0761,11.5094
11.0761,11.2884
11.0761,11.4157
11.0761,11.2131
11.0761,11.1802
11.0761,11.2716
11.0761,11.4825
11.0761,11.4525
11.0761,11.1854
11.0761,11.3191
11.0761,11.3846
11.0761,11.2401
11.0761,11.2272
11.0761,11.1954
11.0761,11.2651
11.0761,11.2816
11.0761,11.291
11.0761,11.2108
11.0761,11.1445
11.0761,11.2238
11.0761,11.4215
11.0761,11.1927
11.0761,11.2008
11.0761,11.3035
11.0761,11.2308
11.0761,11.4718
11.0761,11.1971
11.0761,11.1041
11.0761,11.1631
11.0761,11.3162
11.0761,11.2516
11.0761,11.2131
11.0761,11.3168
11.0761,11.4231
11.0761,11.4236
11.0761,11.1727
11.0761,11.2504
11.0761,11.3671
11.0761,11.2866
11.0761,11.0846
11.0761,11.2598
11.0761,11.38
11.0761,11.2621
11.0761,11.1516
11.0761,11.2044
11.0761,11.3081
11.0761,11.1163
11.0761,11.3232
11.0761,11.1408
11.0761,11.1131
11.0761,11.3799
11.0761,11.2141
11.0761,11.1122
11.0761,11.1632
11.0761,11.4086
11.0761,11.4643
11.0761,11.2004
11.0761,11.1186
11.0761,11.142
11.0761,11.1996
11.0761,11.1544
11.0761,11.2252
11.0761,11.0984
11.0761,11.3032
11.0761,11.2179
11.0761,11.1996
11.0761,11.6501
11.0761,11.2553
11.0761,11.0761
11.0761,11.1542
11.0761,11.2989
11.0761,11.1806
11.0761,11.0797
11.0761,11.2493
11.0761,11.1467
11.0761,11.2907
11.0761,11.2398
11.0761,11.4702
11.0761,11.2923
11.0761,11.1865
11.0761,11.1848
11.0761,11.136
11.0761,11.2282
11.0761,11.2562
11.0761,11.514
11.0761,11.3722
11.0761,11.3254
11.0761,11.3341
11.0761,11.1464
11.0761,11.1996
11.0761,11.2716
11.0761,11.2588
11.0761,11.3413
11.0761,11.4067
11.0761,11.1364
11.0761,11.289
11.0761,11.149
11.0761,11.1409
11.0761,11.2421
11.0761,11.2958
11.0761,11.3863
11.0761,11.1094
11.0761,11.1507
11.0761,11.3572
11.0761,11.2201
11.0761,11.3011
11.0761,11.2932
11.0761,11.2884
11.0761,11.2576
11.0761,11.2371
11.0761,11.2708
11.0761,11.178
11.0761,11.4341
11.0761,11.11
11.0761,11.2069
11.0761,11.371
11.0761,11.1275
11.0761,11.3142
11.0761,11.2513
11.0761,11.4472
11.0761,11.078
11.0761,11.2194
11.0761,11.215
11.0761,11.2275
11.0761,11.2605
11.0761,11.3052
11.0761,11.2628
11.0761,11.318
11.0761,11.2971
11.0761,11.3119
11.0761,11.2728
11.0761,11.2334
11.0761,11.1541
11.0761,11.4407
11.0761,11.2986
11.0761,11.3583
11.0761,11.3381
11.0761,11.2754
11.0761,11.21
11.0761,11.0838
11.0761,11.3414
11.0761,11.0937
11.0761,11.1011
11.0761,11.2169
11.0761,11.3096
11.0761,11.2935
11.0761,11.4699
11.0761,11.4101
11.0761,11.2199
11.0761,11.2432
11.0761,11.2046
11.0761,11.1897
11.0761,11.2568
11.0761,11.2711
11.0761,11.2469
11.0761,11.1948
11.0761,11.1453
11.0761,11.1599
11.0761,11.2014
11.0761,11.3061
11.0761,11.4024
11.0761,11.2438
11.0761,11.2763
11.0761,11.3301
11.0761,11.2557
11.0761,11.2387
11.0761,11.1686
11.0761,11.4716
11.0761,11.263
11.0761,11.2289
11.0761,11.2781
11.0761,11.2347
11.0761,11.2222
11.0761,11.2378
11.0761,11.196
11.0761,11.2299
11.0761,11.3102
11.0761,11.2361
11.0761,11.2254
11.0761,11.175
11.0761,11.2306
11.0761,11.4376
11.0761,11.3828
11.0761,11.162
11.0761,11.2952
11.0761,11.198
11.0761,11.3881
11.0761,11.3067
11.0761,11.3036
11.0761,11.2409
11.0761,11.3927
11.0761,11.3653
11.0761,11.4355
11.0761,11.1324
11.0761,11.4649
11.0761,11.2297
11.0761,11.4054
11.0761,11.1818
11.0761,11.3764
11.0761,11.3526
11.0761,11.2923
11.0761,11.2802
11.0761,11.1994
11.0761,11.3208
11.0761,11.1479
11.0761,11.1127
11.0761,11.2456
11.0761,11.3239
11.0761,11.3145
11.0761,11.2705
11.0761,11.1759
11.0761,11.3078
11.0761,11.2552
11.0761,11.1895
11.0761,11.3586
11.0761,11.1641
11.0761,11.32
11.0761,11.216
11.0761,11.2036
11.0761,11.0996
11.0761,11.2242
11.0761,11.2559
11.0761,11.2448
11.0761,11.1735
11.0761,11.2805
11.0761,11.225
11.0761,11.2377
11.0761,11.2725
11.0761,11.1801
11.0761,11.2143
11.0761,11.2574
11.0761,11.1781
11.0761,11.2451
11.0761,11.4037
11.0761,11.3133
11.0761,11.1997
11.0761,11.1445
11.0761,11.3535
11.0761,11.132
11.0761,11.2433
11.0761,11.1887
11.0761,11.2841
11.0761,11.0788
11.0761,11.305
11.0761,11.2628
11.0761,11.3888
11.0761,11.1424
11.0761,11.2345
11.0761,11.1886
11.0761,11.1663
11.0761,11.2425
11.0761,11.279
11.0761,11.2542
11.0761,11.2335
11.0761,11.2246
11.0761,11.3752
11.0761,11.3199
11.0761,11.1923
11.0761,11.2378
11.0761,11.1999
11.0761,11.2229
11.0761,11.2531
11.0761,11.2101
11.0761,11.1489
11.0761,11.1078
11.0761,11.4619
11.0761,11.172
11.0761,11.1773
11.0761,11.214
11.0761,11.2113
11.0761,11.3065
11.0761,11.2238
11.0761,11.219
11.0761,11.1983
11.0761,11.2048
11.0761,11.3081
11.0761,11.2578
11.0761,11.3198
11.0761,11.1404
11.0761,11.2501
11.0761,11.2811
11.0761,11.3337
11.0761,11.1961
11.0761,11.1369
11.0761,11.2368
11.0761,11.1587
11.0761,11.2716
11.0761,11.3174
11.0761,11.1606
11.0761,11.1816
11.0761,11.2586
11.0761,11.3912
11.0761,11.2193
11.0761,11.1991
11.0761,11.285
11.0761,11.132
11.0761,11.344
11.0761,11.4418
11.0761,11.3206
11.0761,11.1776
11.0761,11.2212
11.0761,11.414
11.0761,11.2094
11.0761,11.2494
11.0761,11.274
11.0761,11.1211
11.0761,11.2084
11.0761,11.2519
11.0761,11.4183
11.0761,11.3613
11.0761,11.081
11.0761,11.1232
11.0761,11.2379
11.0761,11.2701
11.0761,11.2048
11.0761,11.1379
11.0761,11.2845
11.0761,11.2118
11.0761,11.2283
11.0761,11.1637
11.0761,11.2319
11.0761,11.2321
11.0761,11.1764
11.0761,11.3395
11.0761,11.11
11.0761,11.4014
11.0761,11.1911
11.0761,11.3324
11.0761,11.2915
11.0761,11.2904
11.0761,11.2106
11.0761,11.2112
11.0761,11.1792
11.0761,11.1921
11.0761,11.2524
11.0761,11.3118
11.0761,11.4012
11.0761,11.3017
11.0761,11.3098
11.0761,11.0814
11.0761,11.364
11.0761,11.3651
11.0761,11.0791
11.0761,11.3028
11.0761,11.2857
11.0761,11.2059
11.0761,11.233
11.0761,11.2327
11.0761,11.1956
11.0761,11.1395
11.0761,11.2396
11.0761,11.2819
11.0761,11.2282
11.0761,11.3661
11.0761,11.4172
11.0761,11.2156
11.0761,11.302
11.0761,11.1984
11.0761,11.3285
11.0761,11.2906
11.0761,11.3606
11.0761,11.0965
11.0761,11.1702
11.0761,11.1251
11.0761,11.2503
11.0761,11.2484
11.0761,11.3516
11.0761,11.1717
11.0761,11.2812
11.0761,11.4121
11.0761,11.227
11.0761,11.2816
11.0761,11.294
11.0761,11.4491
11.0761,11.3475
11.0761,11.233
11.0761,11.1211
11.0761,11.3549
11.0761,11.3295
11.0761,11.2486
11.0761,11.1893
11.0761,11.1271
11.0761,11.1984
11.0761,11.2269
11.0761,11.2399
11.0761,11.1176
11.0761,11.2395
11.0761,11.3217
11.0761,11.1735
11.0761,11.3418
11.0761,11.1526
11.0761,11.4018
11.0761,11.1809
11.0761,11.2571
11.0761,11.3163
11.0761,11.1963
11.0761,11.2024
11.0761,11.4594
11.0761,11.2481
11.0761,11.1042
11.0761,11.4898
11.0761,11.1831
11.0761,11.1882
11.0761,11.2635
11.0761,11.0871
11.0761,11.1267
11.0761,11.2819
11.0761,11.2759
11.0761,11.4606
11.0761,11.1572
11.0761,11.1702
11.0761,11.575
11.0761,11.2473
11.0761,11.2222
11.0761,11.3185
11.0761,11.2819
11.0761,11.1565
11.0761,11.5968
11.0761,11.2238
11.0761,11.2621
11.0761,11.4162
11.0761,11.3402
11.0761,11.2818
11.0761,11.2565
11.0761,11.4166
11.0761,11.1425
11.0761,11.3203
11.0761,11.1946
11.0761,11.297
11.0761,11.1472
11.0761,11.3491
11.0761,11.2372
11.0761,11.2492
11.0761,11.3351
11.0761,11.5786
11.0761,11.262
11.0761,11.2168
11.0761,11.2298
11.0761,11.2961
11.0761,11.1898
11.0761,11.3713
11.0761,11.1896
11.0761,11.4201
11.0761,11.2305
11.0761,11.2515
11.0761,11.1219
11.0761,11.3085
11.0761,11.3261
11.0761,11.3153
11.0761,11.2884
11.0761,11.1832
11.0761,11.3781
11.0761,11.1109
11.0761,11.2655
11.0761,11.1692
11.0761,11.6036
11.0761,11.2078
11.0761,11.2028
11.0761,11.2861
11.0761,11.4039
11.0761,11.4218
11.0761,11.2128
11.0761,11.3885
11.0761,11.2461
11.0761,11.0858
11.0761,11.1662
11.0761,11.2316
11.0761,11.2531
11.0761,11.4847
11.0761,11.1813
11.0761,11.1723
11.0761,11.5065
11.0761,11.3114
11.0761,11.099
11.0761,11.3601
11.0761,11.1726
11.0761,11.3874
11.0761,11.2774
11.0761,11.3164
11.0761,11.2328
11.0761,11.3833
11.0761,11.2192
11.0761,11.2465
11.0761,11.2758
11.0761,11.1936
11.0761,11.2578
11.0761,11.3467
11.0761,11.3597
11.0761,11.5738
11.0761,11.2233
11.0761,11.2585
11.0761,11.1394
11.0761,11.3377
11.0761,11.2869
11.0761,11.2594
11.0761,11.3055
11.0761,11.4846
11.0761,11.3799
11.0761,11.2077
11.0761,11.223
11.0761,11.4065
11.0761,11.254
11.0761,11.1666
11.0761,11.29
11.0761,11.4791
11.0761,11.0909
11.0761,11.2042
11.0761,11.2867
11.0761,11.2836
11.0761,11.1802
11.0761,11.3603
11.0761,11.2133
11.0761,11.352
11.0761,11.4333
11.0761,11.1886
11.0761,11.4477
11.0761,11.2862
11.0761,11.2844
11.0761,11.3206
11.0761,11.1698
11.0761,11.2811
11.0761,11.2175
11.0761,11.1955
11.0761,11.2375
11.0761,11.3303
11.0761,11.1236
11.0761,11.2695
11.0761,11.4115
11.0761,11.1241
11.0761,11.2148
11.0761,11.2058
11.0761,11.2054
11.0761,11.1737
11.0761,11.2354
11.0761,11.368
11.0761,11.4096
11.0761,11.3002
11.0761,11.241
11.0761,11.1845
11.0761,11.2444
11.0761,11.37
11.0761,11.3066
11.0761,11.2826
11.0761,11.2382
11.0761,11.2048
11.0761,11.0938
11.0761,11.1752
11.0761,11.3491
11.0761,11.2457
11.0761,11.5325
11.0761,11.2949
11.0761,11.0849
11.0761,11.2822
11.0761,11.2237
11.0761,11.2128
11.0761,11.4202
11.0761,11.1357
11.0761,11.1546
11.0761,11.3249
11.0761,11.1903
11.0761,11.2453
11.0761,11.3062
11.0761,11.2932
11.0761,11.1203
11.0761,11.2464
11.0761,11.3685
11.0761,11.1341
11.0761,11.2434
11.0761,11.2506
11.0761,11.2457
11.0761,11.2553
11.0761,11.221
11.0761,11.0846
11.0761,11.4182
11.0761,11.1208
11.0761,11.0994
11.0761,11.2656
11.0761,11.2391
11.0761,11.6332
11.0761,11.129
11.0761,11.1686
11.0761,11.1078
11.0761,11.25
11.0761,11.3092
11.0761,11.1371
11.0761,11.1685
11.0761,11.1413
11.0761,11.2487
11.0761,11.2283
11.0761,11.0768
11.0761,11.3611
11.0761,11.1544
11.0761,11.2007
11.0761,11.3361
11.0761,11.2512
11.0761,11.1954
11.0761,11.2033
11.0761,11.2286
11.0761,11.0842
11.0761,11.2273
11.0761,11.2376
11.0761,11.2894
11.0761,11.1297
11.0761,11.4182
11.0761,11.4069
11.0761,11.4377
11.0761,11.241
11.0761,11.1452
11.0761,11.1957
11.0761,11.3446
11.0761,11.1817
11.0761,11.3938
11.0761,11.18
11.0761,11.1788
11.0761,11.1699
11.0761,11.2762
11.0761,11.3065
11.0761,11.2047
11.0761,11.2054
11.0761,11.2482
11.0761,11.2885
11.0761,11.3059
11.0761,11.406
11.0761,11.1906
11.0761,11.2387
11.0761,11.2316
11.0761,11.3442
11.0761,11.2713
11.0761,11.5054
11.0761,11.388
11.0761,11.2479
11.0761,11.37
11.0761,11.2523
11.0761,11.1556
11.0761,11.2149
11.0761,11.2243
11.0761,11.2368
11.0761,11.2916
11.0761,11.2707
11.0761,11.2992
11.0761,11.2126
11.0761,11.1694
11.0761,11.3247
11.0761,11.2767
11.0761,11.3381
11.0761,11.2404
11.0761,11.201
11.0761,11.2183
11.0761,11.2758
11.0761,11.2549
11.0761,11.115
11.0761,11.1236
11.0761,11.2882
11.0761,11.2106
11.0761,11.3416
11.0761,11.0865
11.0761,11.2566
11.0761,11.3779
11.0761,11.2088
11.0761,11.3786
11.0761,11.1174
11.0761,11.3125
11.0761,11.2882
11.0761,11.0762
11.0761,11.3091
11.0761,11.3399
11.0761,11.2259
11.0761,11.2368
11.0761,11.1186
11.0761,11.2396
11.0761,11.1223
11.0761,11.1934
11.0761,11.1091
11.0761,11.3487
11.0761,11.2655
11.0761,11.1145
11.0761,11.3273
11.0761,11.2213
11.0761,11.3918
11.0761,11.2806
11.0761,11.355
11.0761,11.2738
11.0761,11.29
11.0761,11.2766
11.0761,11.3241
11.0761,11.3597
11.0761,11.1092
11.0761,11.6047
11.0761,11.2805
11.0761,11.2867
11.0761,11.485
11.0761,11.1575
11.0761,11.1247
11.0761,11.2796
11.0761,11.1563
11.0761,11.3341
11.0761,11.254
11.0761,11.3764
11.0761,11.7272
11.0761,11.2878
11.0761,11.1727
11.0761,11.1728
11.0761,11.291
11.0761,11.0782
11.0761,11.4811
11.0761,11.3056
11.0761,11.1951
11.0761,11.3192
11.0761,11.4052
11.0761,11.1947
11.0761,11.2566
11.0761,11.4397
11.0761,11.2805
11.0761,11.1397
11.0761,11.429
11.0761,11.1815
11.0761,11.2078
11.0761,11.3255
11.0761,11.2665
11.0761,11.1767
11.0761,11.1215
11.0761,11.0957
11.0761,11.2738
11.0761,11.3167
11.0761,11.148
11.0761,11.1921
11.0761,11.3562
11.0761,11.1674
11.0761,11.252
11.0761,11.1144
11.0761,11.4069
11.0761,11.2189
11.0761,11.4593
11.0761,11.4447
11.0761,11.3077
11.0761,11.4509
11.0761,11.1807
11.0761,11.1892
11.0761,11.2076
11.0761,11.4215
11.0761,11.4715
11.0761,11.0906
11.0761,11.2948
11.0761,11.2051
11.0761,11.1933
11.0761,11.0994
11.0761,11.2465
11.0761,11.1139
11.0761,11.2458
11.0761,11.2131
11.0761,11.27
11.0761,11.3469
11.0761,11.1917
11.0761,11.3414
11.0761,11.3797
11.0761,11.3216
11.0761,11.3774
11.0761,11.1915
11.0761,11.5112
11.0761,11.2533
11.0761,11.1138
11.0761,11.1884
11.0761,11.2546
11.0761,11.4424
11.0761,11.3714
11.0761,11.273
11.0761,11.1304
11.0761,11.3044
11.0761,11.4071
11.0761,11.1597
11.0761,11.0806
11.0761,11.1856
11.0761,11.3301
11.0761,11.1764
11.0761,11.1688
11.0761,11.5469
11.0761,11.2648
11.0761,11.3086
11.0761,11.2238
11.0761,11.3268
11.0761,11.2591
11.0761,11.3184
11.0761,11.2368
11.0761,11.4127
11.0761,11.1554
11.0761,11.2043
11.0761,11.0906
11.0761,11.2692
11.0761,11.4636
11.0761,11.0866
11.0761,11.128
11.0761,11.3413
11.0761,11.1312
11.0761,11.4109
11.0761,11.3724
11.0761,11.1283
11.0761,11.1888
11.0761,11.2404
11.0761,11.1013
11.0761,11.2748
11.0761,11.3135
11.0761,11.3914
11.0761,11.2477
11.0761,11.1968
11.0761,11.1845
11.0761,11.0789
11.0761,11.2522
11.0761,11.3182
11.0761,11.2024
11.0761,11.3416
11.0761,11.1347
11.0761,11.4017
11.0761,11.2251
11.0761,11.228
11.0761,11.1374
11.0761,11.1597
11.0761,11.349
11.0761,11.1971
11.0761,11.1129
11.0761,11.211
11.0761,11.2644
11.0761,11.3876
11.0761,11.1942
11.0761,11.1318
11.0761,11.2595
11.0761,11.2491
11.0761,11.0805
11.0761,11.2651
11.0761,11.3351
11.0761,11.3544
11.0761,11.1875
11.0761,11.3086
11.0761,11.3058
11.0761,11.2598
11.0761,11.1751
11.0761,11.5087
11.0761,11.2207
11.0761,11.288
11.0761,11.1094
11.0761,11.2266
11.0761,11.2168
11.0761,11.1011
11.0761,11.2218
11.0761,11.3246
11.0761,11.2411
11.0761,11.2227
11.0761,11.2954
11.0761,11.101
11.0761,11.1603
11.0761,11.1352
11.0761,11.2936
11.0761,11.1251
11.0761,11.447
11.0761,11.3477
11.0761,11.1739
11.0761,11.3012
11.0761,11.2444
11.0761,11.2226
11.0761,11.2394
11.0761,11.2688
11.0761,11.1142
11.0761,11.1031
11.0761,11.4832
11.0761,11.1951
11.0761,11.2665
11.0761,11.1591
11.0761,11.6878
11.0761,11.5873
11.0761,11.1073
11.0761,11.3189
11.0761,11.2915
11.0761,11.3603
11.0761,11.1897
11.0761,11.1298
11.0761,11.3379
11.0761,11.2488
11.0761,11.1996
11.0761,11.3164
11.0761,11.2165
11.0761,11.1542
11.0761,11.3434
11.0761,11.3974
11.0761,11.2102
11.0761,11.3994
11.0761,11.2136
11.0761,11.3332
11.0761,11.2899
11.0761,11.2293
11.0761,11.3383
11.0761,11.1153
11.0761,11.3164
11.0761,11.3677
11.0761,11.248
11.0761,11.0784
11.0761,11.2628
11.0761,11.2843
11.0761,11.4254
11.0761,11.2349
11.0761,11.4665
11.0761,11.1353
11.0761,11.2799
11.0761,11.1886
11.0761,11.1865
11.0761,11.3338
11.0761,11.2044
11.0761,11.4737
11.0761,11.2266
11.0761,11.1672
11.0761,11.1727
11.0761,11.3379
11.0761,11.2804
11.0761,11.5949
11.0761,11.2324
11.0761,11.2641
11.0761,11.1972
11.0761,11.5973
11.0761,11.2924
11.0761,11.1815
11.0761,11.2544
11.0761,11.215
11.0761,11.0862
11.0761,11.0761
11.0761,11.363
11.0761,11.115
11.0761,11.2937
11.0761,11.294
11.0761,11.2342
11.0761,11.256
11.0761,11.2843
11.0761,11.2603
11.0761,11.3625
11.0761,11.1612
11.0761,11.1784
11.0761,11.34
11.0761,11.2927
11.0761,11.3237
11.0761,11.1942
11.0761,11.0953
11.0761,11.3688
11.0761,11.2979
11.0761,11.368
11.0761,11.2946
11.0761,11.258
11.0761,11.1048
11.0761,11.3951
11.0761,11.3271
11.0761,11.2605
11.0761,11.469
11.0761,11.2576
11.0761,11.1798
11.0761,11.234
11.0761,11.4488
11.0761,11.1437
11.0761,11.32
11.0761,11.2476
11.0761,11.2543
11.0761,11.3062
11.0761,11.1636
11.0761,11.2061
11.0761,11.3515
11.0761,11.1786
11.0761,11.2699
11.0761,11.297
11.0761,11.2772
11.0761,11.4409
11.0761,11.1792
11.0761,11.2019
11.0761,11.2398
11.0761,11.2187
11.0761,11.1174
11.0761,11.1964
11.0761,11.2148
11.0761,11.1472
11.0761,11.2134
11.0761,11.1456
11.0761,11.2785
11.0761,11.1376
11.0761,11.1681
11.0761,11.2191
11.0761,11.1833
11.0761,11.1237
11.0761,11.2134
11.0761,11.313
11.0761,11.1034
11.0761,11.3256
11.0761,11.2044
11.0761,11.1777
11.0761,11.3227
11.0761,11.1456
11.0761,11.3437
11.0761,11.459
11.0761,11.1557
11.0761,11.3232
11.0761,11.4046
11.0761,11.3206
11.0761,11.1046
11.0761,11.3669
11.0761,11.224
11.0761,11.2367
11.0761,11.3018
11.0761,11.3168
11.0761,11.2707
11.0761,11.3386
11.0761,11.2693
11.0761,11.1301
11.0761,11.1994
11.0761,11.0998
11.0761,11.2777
11.0761,11.3966
11.0761,11.0761
11.0761,11.4672
11.0761,11.3648
11.0761,11.4261
11.0761,11.3866
11.0761,11.2407
11.0761,11.3593
11.0761,11.1139
11.0761,11.2022
11.0761,11.3034
11.0761,11.5191
11.0761,11.2234
11.0761,11.2649
11.0761,11.0819
11.0761,11.2566
11.0761,11.1494
11.0761,11.2861
11.0761,11.2062
11.0761,11.2644
11.0761,11.2052
11.0761,11.3088
11.0761,11.3303
11.0761,11.2454
11.0761,11.1458
11.0761,11.1956
11.0761,11.2236
11.0761,11.262
11.0761,11.3023
11.0761,11.3523
11.0761,11.1457
11.0761,11.1059
11.0761,11.3
11.0761,11.2442
11.0761,11.3299
11.0761,11.1179
11.0761,11.4376
11.0761,11.3096
11.0761,11.39
11.0761,11.1018
11.0761,11.1957
11.0761,11.2263
11.0761,11.2379
11.0761,11.274
11.0761,11.2197
11.0761,11.2242
11.0761,11.4262
11.0761,11.1775
11.0761,11.2847
11.0761,11.2131
11.0761,11.1357
11.0761,11.124
11.0761,11.1367
11.0761,11.213
11.0761,11.2973
11.0761,11.1868
11.0761,11.1696
11.0761,11.182
11.0761,11.2555
11.0761,11.4948
11.0761,11.38
11.0761,11.2913
11.0761,11.1245
11.0761,11.2827
11.0761,11.2565
11.0761,11.2286
11.0761,11.1691
11.0761,11.3105
11.0761,11.3633
11.0761,11.2337
11.0761,11.1955
11.0761,11.2224
11.0761,11.1277
11.0761,11.1076
11.0761,11.2524
11.0761,11.1977
11.0761,11.1725
11.0761,11.2198
11.0761,11.1752
11.0761,11.2786
11.0761,11.1742
11.0761,11.2659
11.0761,11.202
11.0761,11.2313
11.0761,11.2413
11.0761,11.2754
11.0761,11.2289
11.0761,11.2274
11.0761,11.1734
11.0761,11.3759
11.0761,11.3187
11.0761,11.1053
11.0761,11.2641
11.0761,11.1298
11.0761,11.2135
11.0761,11.2719
11.0761,11.1839
11.0761,11.3335
11.0761,11.2833
11.0761,11.1261
11.0761,11.2042
11.0761,11.1366
11.0761,11.3045
11.0761,11.2137
11.0761,11.2827
11.0761,11.1789
11.0761,11.2657
11.0761,11.2174
11.0761,11.3204
11.0761,11.5164
11.0761,11.0761
11.0761,11.1224
11.0761,11.3081
11.0761,11.2216
11.0761,11.2607
11.0761,11.5634
11.0761,11.3543
11.0761,11.2759
11.0761,11.4241
11.0761,11.2103
11.0761,11.2892
11.0761,11.0864
11.0761,11.3215
11.0761,11.2776
11.0761,11.2657
11.0761,11.2919
11.0761,11.1019
11.0761,11.2718
11.0761,11.1362
