31.258,39.1823
30.661,33.8964
27.6771,31.6219
27.1445,29.164
25.0661,27.8829
24.564,26.5531
24.0914,25.3015
23.0773,24.6619
22.6414,24.121
20.5805,23.243
18.8071,21.8155
20.2165,20.746
17.7626,20.5118
18.0808,19.5091
17.7748,18.3133
17.7626,18.25
17.5787,18.2277
17.1309,18.0365
16.7664,18.1929
16.1866,17.8212
16.2184,17.8389
16.3572,17.179
16.1932,16.742
15.9249,16.3846
15.5629,16.485
15.2681,16.059
15.2319,16.2413
15.2524,15.7758
14.9906,15.5567
14.9906,15.5463
14.9369,15.421
14.2773,15.3103
14.7988,15.2834
14.171,14.8476
14.6702,15.1482
13.4196,14.7421
13.7767,14.6171
13.9484,14.2331
12.7203,14.1771
13.7536,14.1071
13.8978,13.9977
12.9508,13.9877
12.5754,13.6622
12.5104,13.2242
12.4475,13.2252
12.2937,12.6992
12.0504,13.2133
12.1824,12.7026
11.9196,12.5166
11.929,12.4034
12.1761,12.4218
11.6965,12.3962
11.9174,12.3036
11.892,12.1085
11.4399,12.1299
11.7924,12.0843
11.7746,11.7923
11.7605,12.0836
11.7719,12.036
11.4768,12.0189
11.4133,11.9427
11.1754,11.732
11.3877,11.4242
11.3987,11.618
11.3877,11.4172
11.3877,11.6286
11.3877,11.4886
11.3987,12.0558
11.3986,11.6991
11.0957,11.4444
11.3987,11.5229
11.3987,11.6307
11.3862,11.5477
11.3972,11.6864
11.3987,11.8076
11.3987,11.7503
11.3987,11.4797
11.0957,11.4153
11.3987,11.5287
11.3987,11.5477
11.3987,11.7636
11.3972,11.6079
11.0957,11.4659
11.3972,11.4068
11.0942,11.8855
11.3971,11.5311
11.3971,11.5686
11.3631,11.5667
11.094,11.5152
11.3906,11.6556
11.3971,11.4448
11.3971,11.8564
11.3971,11.7559
11.3971,11.6037
11.3971,11.597
11.3971,11.6241
11.3971,11.6108
11.3971,11.4829
11.3971,11.6522
11.3906,11.7563
11.3906,11.4256
11.3906,11.404
11.3906,11.5905
11.3906,11.8721
11.3905,11.5067
11.3906,11.5984
11.3906,11.5148
11.3906,11.7793
11.3906,11.9706
11.3906,11.5669
11.3567,11.9518
11.3567,11.5885
11.3905,11.5987
11.0876,11.7997
11.3906,11.4596
11.3906,11.4576
11.3567,11.9965
11.3906,11.6776
11.0876,11.4819
11.3566,11.7095
11.3905,11.4175
11.3905,11.4017
11.3905,11.5236
11.3905,11.6265
11.3905,11.5185
11.3905,11.4379
11.3566,11.4479
11.3905,11.5944
11.3905,11.5336
11.3905,11.6361
11.3566,11.6071
11.3905,11.7585
11.3905,11.6328
11.3566,11.7296
11.3905,11.4825
11.3905,11.6931
11.3905,11.6021
11.3905,11.9341
11.3905,11.5403
11.3905,11.5074
11.3905,11.4836
11.3905,11.8766
11.0875,12.0077
11.3905,11.5654
11.3566,11.47
11.3905,11.7689
11.3905,11.4893
11.3905,11.7747
11.3566,11.4146
11.3905,11.6289
11.3905,11.4493
11.3905,11.5227
11.3905,11.6948
11.3905,11.4468
11.3905,11.7112
11.0875,11.5121
11.3905,11.5276
11.3905,11.6447
11.3905,11.4565
11.3905,11.518
11.3905,11.5759
11.3566,11.6267
11.3905,11.7609
11.3905,11.4788
11.3905,11.637
11.3566,11.623
11.3905,11.4962
11.3905,11.7638
11.3905,11.4203
11.3905,11.7197
11.3905,11.5124
11.3905,12.0504
11.0875,11.425
11.0875,11.5461
11.0875,11.7192
11.3566,11.6648
11.3566,11.5611
11.3566,11.5854
11.3566,11.5513
11.3566,11.5951
11.3566,11.4881
11.3566,11.4841
11.3566,11.5074
11.0536,11.6912
11.3566,11.5744
11.3566,11.4834
11.3566,11.829
11.3566,11.6166
11.3566,11.3884
11.3566,11.4661
11.3566,11.637
11.3566,11.7334
11.0536,11.5587
11.3566,11.5664
11.3566,11.5368
11.3566,11.5498
11.3566,11.8042
11.3566,11.6388
11.3566,11.603
11.3566,11.3953
11.3566,11.5097
11.0536,11.6137
11.3566,11.6603
11.3566,11.6717
11.3566,11.6193
11.3566,11.5441
11.3566,11.4063
11.3566,11.4899
11.3566,11.4825
11.3566,11.499
11.3566,11.4566
11.3566,11.5124
11.3566,11.5291
11.3566,11.4776
11.3566,11.7269
11.3566,11.576
11.0536,11.7867
11.3566,11.3968
11.3566,11.5376
11.3566,11.3573
11.3566,11.7369
11.3566,11.5652
11.3566,11.7377
11.3566,11.4936
11.3566,11.4952
11.3566,11.7066
11.3566,12.0326
11.3566,11.539
11.3566,11.6508
11.3566,11.8237
11.3566,11.8725
11.3566,11.3597
11.3566,11.6934
11.3566,11.4985
11.3566,11.45
11.3566,11.526
11.3566,11.562
11.3566,11.4462
11.3566,11.4563
11.3566,11.7607
11.3566,11.3871
11.3566,11.6061
11.3566,11.5208
11.3566,11.5223
11.3566,11.5006
11.3566,11.5894
11.3566,11.8168
11.3566,11.6681
11.3566,11.7751
11.0536,11.6318
11.3566,11.5625
11.3566,11.5489
11.3566,11.6221
11.3566,11.8122
11.3566,11.4713
11.0536,11.5199
11.3566,11.43
11.3566,11.4323
11.0536,11.4845
11.3566,11.3661
11.3566,11.5362
11.3566,11.4642
11.3566,11.7129
11.0536,11.6743
11.0536,11.5496
11.0536,11.3348
11.0536,11.0581
11.0536,11.4056
11.0536,11.3304
11.0536,11.2741
11.0536,11.1315
11.0536,11.1926
11.0536,11.4142
11.0536,11.194
11.0536,11.4198
11.0536,11.2394
11.0536,11.36
11.0536,11.519
11.0536,11.2469
11.0536,11.3424
11.0536,11.2933
11.0536,11.2508
11.0536,11.2347
11.0536,11.1711
11.0536,11.5219
11.0536,11.1858
11.0536,11.2109
11.0536,11.1698
11.0536,11.1696
11.0536,11.2381
11.0536,11.2276
11.0536,11.1974
11.0536,11.4562
11.0536,11.3368
11.0536,11.3572
11.0536,11.1856
11.0536,11.3561
11.0536,11.1362
11.0536,11.1421
11.0536,11.1901
11.0536,11.1396
11.0536,11.2969
11.0536,11.4624
11.0536,11.3632
11.0536,11.1755
11.0536,11.1451
11.0536,11.185
11.0536,11.2729
11.0536,11.1947
11.0536,11.3191
11.0536,11.2606
11.0536,11.4459
11.0536,11.3868
11.0536,11.2821
11.0536,11.2915
11.0536,11.3352
11.0536,11.2341
11.0536,11.3627
11.0536,11.1869
11.0536,11.3958
11.0536,11.1731
11.0536,11.221
11.0536,11.3268
11.0536,11.3662
11.0536,11.2356
11.0536,11.2121
11.0536,11.1156
11.0536,11.098
11.0536,11.2688
11.0536,11.5326
11.0536,11.3599
11.0536,11.1713
11.0536,11.5605
11.0536,11.4058
11.0536,11.2208
11.0536,11.2067
11.0536,11.334
11.0536,11.1043
11.0536,11.1306
11.0536,11.2857
11.0536,11.1405
11.0536,11.2642
11.0536,11.3457
11.0536,11.4507
11.0536,11.2035
11.0536,11.2366
11.0536,11.0765
11.0536,11.1926
11.0536,11.1996
11.0536,11.295
11.0536,11.2599
11.0536,11.1771
11.0536,11.1503
11.0536,11.1252
11.0536,11.1975
11.0536,11.3093
11.0536,11.3616
11.0536,11.4001
11.0536,11.3756
11.0536,11.2378
11.0536,11.1315
11.0536,11.1936
11.0536,11.2792
11.0536,11.1646
11.0536,11.3915
11.0536,11.1175
11.0536,11.2557
11.0536,11.3093
11.0536,11.2359
11.0536,11.1822
11.0536,11.5456
11.0536,11.2131
11.0536,11.2546
11.0536,11.2131
11.0536,11.0809
11.0536,11.4291
11.0536,11.4989
11.0536,11.2467
11.0536,11.2976
11.0536,11.0537
11.0536,11.1599
11.0536,11.217
11.0536,11.3018
11.0536,11.5526
11.0536,11.213
11.0536,11.4257
11.0536,11.2809
11.0536,11.2601
11.0536,11.2547
11.0536,11.2793
11.0536,11.4247
11.0536,11.2657
11.0536,11.2017
11.0536,11.1842
11.0536,11.3885
11.0536,11.3325
11.0536,11.2049
11.0536,11.1821
11.0536,11.2145
11.0536,11.0869
11.0536,11.2547
11.0536,11.0772
11.0536,11.0582
11.0536,11.2804
11.0536,11.3055
11.0536,11.5599
11.0536,11.3238
11.0536,11.2157
11.0536,11.0861
11.0536,11.2464
11.0536,11.4865
11.0536,11.382
11.0536,11.1976
11.0536,11.1419
11.0536,11.1726
11.0536,11.1824
11.0536,11.0846
11.0536,11.1633
11.0536,11.3553
11.0536,11.3559
11.0536,11.1521
11.0536,11.3605
11.0536,11.1505
11.0536,11.5541
11.0536,11.1461
11.0536,11.1503
11.0536,11.5279
11.0536,11.2714
11.0536,11.2765
11.0536,11.3189
11.0536,11.0613
11.0536,11.589
11.0536,11.1899
11.0536,11.0815
11.0536,11.3206
11.0536,11.1638
11.0536,11.0795
11.0536,11.1175
11.0536,11.1281
11.0536,11.2647
11.0536,11.4032
11.0536,11.2273
11.0536,11.1501
11.0536,11.1152
11.0536,11.1085
11.0536,11.232
11.0536,11.1768
11.0536,11.5503
11.0536,11.1894
11.0536,11.373
11.0536,11.4172
11.0536,11.241
11.0536,11.3333
11.0536,11.3949
11.0536,11.2844
11.0536,11.4754
11.0536,11.21
11.0536,11.5595
11.0536,11.1266
11.0536,11.2633
11.0536,11.3254
11.0536,11.3548
11.0536,11.2836
11.0536,11.4153
11.0536,11.2822
11.0536,11.1705
11.0536,11.4018
11.0536,11.1939
11.0536,11.1113
11.0536,11.1425
11.0536,11.2075
11.0536,11.1319
11.0536,11.1216
11.0536,11.1682
11.0536,11.3646
11.0536,11.1676
11.0536,11.3437
11.0536,11.0536
11.0536,11.6389
11.0536,11.4032
11.0536,11.3662
11.0536,11.1414
11.0536,11.1486
11.0536,11.1067
11.0536,11.3646
11.0536,11.2857
11.0536,11.4378
11.0536,11.0876
11.0536,11.2801
11.0536,11.2771
11.0536,11.3642
11.0536,11.1491
11.0536,11.2446
11.0536,11.1045
11.0536,11.429
11.0536,11.3894
11.0536,11.4051
11.0536,11.3266
11.0536,11.2999
11.0536,11.3441
11.0536,11.3438
11.0536,11.2013
11.0536,11.613
11.0536,11.1768
11.0536,11.0707
11.0536,11.3415
11.0536,11.3824
11.0536,11.2694
11.0536,11.0647
11.0536,11.366
11.0536,11.1214
11.0536,11.0536
11.0536,11.3752
11.0536,11.5961
11.0536,11.3941
11.0536,11.3078
11.0536,11.4852
11.0536,11.1871
11.0536,11.2526
11.0536,11.5656
11.0536,11.2112
11.0536,11.3375
11.0536,11.282
11.0536,11.5654
11.0536,11.6879
11.0536,11.3459
11.0536,11.1943
11.0536,11.3746
11.0536,11.3548
11.0536,11.3527
11.0536,11.2774
11.0536,11.0792
11.0536,11.1141
11.0536,11.1886
11.0536,11.2964
11.0536,11.2444
11.0536,11.2436
11.0536,11.2589
11.0536,11.3827
11.0536,11.1203
11.0536,11.2268
11.0536,11.0882
11.0536,11.1879
11.0536,11.1419
11.0536,11.3849
11.0536,11.2093
11.0536,11.1456
11.0536,11.262
11.0536,11.2395
11.0536,11.3143
11.0536,11.1577
11.0536,11.2284
11.0536,11.1739
11.0536,11.2206
11.0536,11.0807
11.0536,11.4766
11.0536,11.2237
11.0536,11.2471
11.0536,11.3001
11.0536,11.1563
11.0536,11.3187
11.0536,11.0974
11.0536,11.4583
11.0536,11.2051
11.0536,11.2445
11.0536,11.2061
11.0536,11.2359
11.0536,11.6087
11.0536,11.211
11.0536,11.093
11.0536,11.1677
11.0536,11.4066
11.0536,11.2217
11.0536,11.0867
11.0536,11.1286
11.0536,11.2896
11.0536,11.2907
11.0536,11.1801
11.0536,11.2761
11.0536,11.2661
11.0536,11.2935
11.0536,11.2796
11.0536,11.3755
11.0536,11.2424
11.0536,11.3376
11.0536,11.0963
11.0536,11.1175
11.0536,11.1561
11.0536,11.529
11.0536,11.1368
11.0536,11.3507
11.0536,11.2914
11.0536,11.0636
11.0536,11.1672
11.0536,11.352
11.0536,11.2581
11.0536,11.5244
11.0536,11.6721
11.0536,11.2335
11.0536,11.2293
11.0536,11.277
11.0536,11.3248
11.0536,11.5238
11.0536,11.2951
11.0536,11.2292
11.0536,11.3367
11.0536,11.1739
11.0536,11.0937
11.0536,11.5145
11.0536,11.2369
11.0536,11.3336
11.0536,11.2707
11.0536,11.5475
11.0536,11.3856
11.0536,11.6168
11.0536,11.1864
11.0536,11.1901
11.0536,11.1738
11.0536,11.0826
11.0536,11.2507
11.0536,11.2526
11.0536,11.3891
11.0536,11.3771
11.0536,11.3711
11.0536,11.2903
11.0536,11.248
11.0536,11.3636
11.0536,11.3076
11.0536,11.3465
11.0536,11.1447
11.0536,11.5111
11.0536,11.2309
11.0536,11.2553
11.0536,11.2017
11.0536,11.2587
11.0536,11.1822
11.0536,11.4878
11.0536,11.194
11.0536,11.2183
11.0536,11.3356
11.0536,11.1612
11.0536,11.4659
11.0536,11.1747
11.0536,11.3617
11.0536,11.1078
11.0536,11.4748
11.0536,11.0542
11.0536,11.2746
11.0536,11.2481
11.0536,11.178
11.0536,11.0677
11.0536,11.319
11.0536,11.314
11.0536,11.3172
11.0536,11.311
11.0536,11.2117
11.0536,11.1307
11.0536,11.2479
11.0536,11.2434
11.0536,11.2418
10.9791,11.3518
11.0536,11.3065
11.0536,11.3411
11.0536,11.0786
11.0536,11.0572
11.0536,11.2297
11.0536,11.0989
11.0536,11.4972
11.0536,11.3592
11.0536,11.1846
11.0536,11.2442
11.0536,11.1928
11.0536,11.3201
11.0536,11.1237
11.0536,11.1732
11.0536,11.1705
11.0536,11.0835
11.0536,11.1828
11.0536,11.2908
11.0536,11.4452
11.0536,11.1081
11.0536,11.0737
11.0536,11.1396
11.0536,11.1475
11.0536,11.2261
11.0536,11.3712
11.0536,11.0997
11.0536,11.0626
11.0536,11.2346
11.0536,11.2986
11.0536,11.3612
11.0536,11.4604
11.0536,11.1492
11.0536,11.5995
11.0536,11.1759
11.0536,11.2753
11.0536,11.1044
11.0536,11.2895
11.0536,11.0849
11.0536,11.4742
11.0536,11.3393
11.0536,11.3155
11.0536,11.3327
11.0536,11.2013
11.0536,11.1945
11.0536,11.0825
11.0536,11.1829
11.0536,11.2145
11.0536,11.0969
11.0536,11.1033
11.0536,11.4141
11.0536,11.4221
11.0536,11.2758
11.0536,11.2122
11.0536,11.1742
11.0536,11.3254
11.0536,11.2061
11.0536,11.285
11.0536,11.2349
11.0536,11.3533
11.0536,11.3726
11.0536,11.182
11.0536,11.3564
11.0536,11.131
11.0536,11.3744
11.0536,11.2493
11.0536,11.3998
11.0536,11.0538
11.0536,11.382
11.0536,11.3087
11.0536,11.1996
11.0536,11.3004
11.0536,11.2752
11.0536,11.4997
11.0536,11.1616
11.0536,11.2789
11.0536,11.455
11.0536,11.2756
11.0536,11.4918
11.0536,11.4474
11.0536,11.4698
11.0536,11.3151
11.0536,11.3533
11.0536,11.1688
11.0536,11.2674
11.0536,11.3037
11.0536,11.2806
11.0536,11.2731
11.0536,11.07
11.0536,11.317
11.0536,11.2978
11.0536,11.1104
11.0536,11.3259
11.0536,11.5148
11.0536,11.4716
11.0536,11.3731
11.0536,11.1187
11.0536,11.3599
11.0536,11.4395
11.0536,11.104
11.0536,11.1187
11.0536,11.2675
11.0536,11.4032
11.0536,11.409
11.0536,11.4307
11.0536,11.108
11.0536,11.3074
11.0536,11.4799
11.0536,11.2821
11.0536,11.3666
11.0536,11.2037
11.0536,11.1901
11.0536,11.5069
11.0536,11.4785
11.0536,11.1425
11.0536,11.2361
11.0536,11.2486
11.0536,11.4523
11.0536,11.2222
11.0536,11.1185
11.0536,11.346
11.0536,11.2483
11.0536,11.2654
11.0536,11.4279
11.0536,11.3269
11.0536,11.0973
11.0536,11.4519
11.0536,11.4982
11.0536,11.4409
11.0536,11.1318
11.0536,11.1862
11.0536,11.2777
11.0536,11.529
11.0536,11.2016
11.0536,11.3495
11.0536,11.0549
11.0536,11.4819
11.0536,11.1061
11.0536,11.4421
11.0536,11.4569
11.0536,11.137
11.0536,11.2067
11.0536,11.0998
11.0536,11.3913
11.0536,11.3947
11.0536,11.2472
11.0536,11.0962
11.0536,11.4344
11.0536,11.2648
11.0536,11.0811
11.0536,11.3212
11.0536,11.2339
11.0536,11.1694
11.0536,11.6705
11.0536,11.1965
11.0536,11.2357
11.0536,11.3096
11.0536,11.2721
11.0536,11.1688
11.0536,11.3379
11.0536,11.3272
11.0536,11.3882
11.0536,11.5358
11.0536,11.4474
11.0536,11.4892
11.0536,11.4444
11.0536,11.0602
11.0536,11.2001
11.0536,11.5308
11.0536,11.3564
11.0536,11.1093
11.0536,11.4167
11.0536,11.2121
11.0536,11.2908
11.0536,11.281
11.0536,11.2053
11.0536,11.3583
11.0536,11.2935
11.0536,11.0957
11.0536,11.3233
11.0536,11.1069
11.0536,11.2517
11.0536,11.2885
11.0536,11.1518
11.0536,11.233
11.0536,11.1325
11.0536,11.4834
11.0536,11.2979
11.0536,11.3911
11.0536,11.2624
11.0536,11.2676
11.0536,11.2447
11.0536,11.4523
11.0536,11.2022
11.0536,11.2543
11.0536,11.2722
11.0536,11.4127
11.0536,11.4313
11.0536,11.483
11.0536,11.1712
11.0536,11.2201
11.0536,11.405
11.0536,11.2207
11.0536,11.1384
11.0536,11.3619
11.0536,11.1963
11.0536,11.3372
11.0536,11.0536
11.0536,11.4328
11.0536,11.4097
11.0536,11.2553
11.0536,11.0857
11.0536,11.2217
11.0536,11.2373
11.0536,11.0823
11.0536,11.4121
11.0536,11.177
11.0536,11.1818
11.0536,11.2378
11.0536,11.1578
11.0536,11.3443
11.0536,11.4437
11.0536,11.3814
11.0536,11.4369
11.0536,11.3657
11.0536,11.2414
11.0536,11.1752
11.0536,11.0557
11.0536,11.3435
11.0536,11.4326
11.0536,11.0895
11.0536,11.1991
11.0536,11.2557
11.0536,11.2727
11.0536,11.1387
11.0536,11.6046
11.0536,11.3574
11.0536,11.1573
11.0536,11.3769
11.0536,11.2613
11.0536,11.3823
11.0536,11.0997
11.0536,11.3731
11.0536,11.5389
11.0536,11.4654
11.0536,11.3437
11.0536,11.263
11.0536,11.296
11.0536,11.282
11.0536,11.2617
11.0536,11.0877
11.0536,11.2878
11.0536,11.6221
11.0536,11.2826
11.0536,11.0918
11.0536,11.1454
11.0536,11.3566
11.0536,11.3015
11.0536,11.113
11.0536,11.1212
11.0536,11.1693
11.0536,11.0648
11.0536,11.1928
11.0536,11.3359
11.0536,11.1728
11.0536,11.4091
11.0536,11.3244
11.0536,11.2456
11.0536,11.1572
11.0536,11.3643
11.0536,11.3815
11.0536,11.14
11.0536,11.0618
11.0536,11.265
11.0536,11.2879
11.0536,11.3221
11.0536,11.1096
11.0536,11.2151
11.0536,11.2625
11.0536,11.2731
11.0536,11.317
11.0536,11.32
11.0536,11.2245
11.0536,11.3053
11.0536,11.2265
11.0536,11.2875
11.0536,11.1252
11.0536,11.2255
11.0536,11.2769
11.0536,11.56
11.0536,11.2828
11.0536,11.2998
11.0536,11.2765
11.0536,11.2172
11.0536,11.6253
11.0536,11.3579
11.0536,11.1352
11.0536,11.3375
11.0536,11.272
11.0536,11.5095
11.0536,11.4471
11.0536,11.302
11.0536,11.338
11.0536,11.2136
11.0536,11.0961
11.0536,11.1574
11.0536,11.4063
11.0536,11.2906
11.0536,11.3073
11.0536,11.2001
11.0536,11.3132
11.0536,11.426
11.0536,11.2907
11.0536,11.3008
11.0536,11.2186
11.0536,11.0587
11.0536,11.2303
11.0536,11.2324
11.0536,11.3441
11.0536,11.0626
11.0536,11.3315
11.0536,11.1742
11.0536,11.2216
11.0536,11.1575
11.0536,11.0643
11.0536,11.2704
11.0536,11.071
11.0536,11.2546
11.0536,11.4033
11.0536,11.3844
11.0536,11.4765
11.0536,11.0861
11.0536,11.3492
11.0536,11.2084
11.0536,11.0902
11.0536,11.0804
11.0536,11.1571
11.0536,11.3549
11.0536,11.4943
11.0536,11.2056
11.0536,11.1872
11.0536,11.0905
11.0536,11.2784
11.0536,11.1039
11.0536,11.2756
11.0536,11.2727
11.0536,11.5371
11.0536,11.2411
11.0536,11.2914
11.0536,11.4164
11.0536,11.3283
11.0536,11.3458
11.0536,11.2143
11.0536,11.4374
11.0536,11.2716
11.0536,11.2251
11.0536,11.3213
11.0536,11.1754
11.0536,11.3989
11.0536,11.0915
11.0536,11.3274
11.0536,11.4303
11.0536,11.4578
11.0536,11.1555
11.0536,11.0602
11.0536,11.2677
11.0536,11.3416
11.0536,11.5743
11.0536,11.4822
11.0536,11.2521
11.0536,11.1947
11.0536,11.3214
11.0536,11.351
11.0536,11.3789
11.0536,11.4652
11.0536,11.3053
11.0536,11.1677
11.0536,11.5348
11.0536,11.099
11.0536,11.0659
11.0536,11.152
11.0536,11.5959
11.0536,11.2889
11.0536,11.1968
11.0536,11.183
11.0536,11.4513
11.0536,11.1629
11.0536,11.3001
11.0536,11.3038
11.0536,11.4071
11.0536,11.2525
11.0536,11.171
11.0536,11.2343
11.0536,11.2651
11.0536,11.0774
11.0536,11.4289
11.0536,11.1977
11.0536,11.1915
11.0536,11.179
11.0536,11.2079
11.0536,11.3611
11.0536,11.4719
11.0536,11.3167
11.0536,11.3276
11.0536,11.3668
11.0536,11.273
11.0536,11.1865
11.0536,11.3091
11.0536,11.1332
11.0536,11.3194
11.0536,11.3561
11.0536,11.2798
11.0536,11.1751
11.0536,11.2632
11.0536,11.1079
11.0536,11.2942
11.0536,11.1795
11.0536,11.2854
11.0536,11.3717
11.0536,11.1283
11.0536,11.1859
11.0536,11.3069
11.0536,11.4343
11.0536,11.2942
11.0536,11.0997
11.0536,11.1987
11.0536,11.6529
11.0536,11.3127
11.0536,11.3389
11.0536,11.2798
11.0536,11.2923
11.0536,11.2749
11.0536,11.2218
11.0536,11.6665
11.0536,11.1689
11.0536,11.3092
11.0536,11.1809
11.0536,11.2753
11.0536,11.285
11.0536,11.3881
11.0536,11.3647
11.0536,11.308
11.0536,11.3008
11.0536,11.4067
11.0536,11.3366
11.0536,11.3732
11.0536,11.2697
11.0536,11.527
11.0536,11.2517
11.0536,11.092
11.0536,11.3011
11.0536,11.2889
11.0536,11.2589
11.0536,11.3293
11.0536,11.1849
11.0536,11.4688
11.0536,11.3005
11.0536,11.2186
11.0536,11.242
11.0536,11.2279
11.0536,11.1346
11.0536,11.2029
11.0536,11.2286
11.0536,11.3575
11.0536,11.2847
11.0536,11.2275
11.0536,11.2193
11.0536,11.3642
11.0536,11.4323
11.0536,11.4026
11.0536,11.1089
11.0536,11.4151
11.0536,11.2716
11.0536,11.1684
11.0536,11.0875
11.0536,11.1959
11.0536,11.3116
11.0536,11.2136
11.0536,11.485
11.0536,11.2812
11.0536,11.3466
11.0536,11.2238
11.0536,11.4885
11.0536,11.1847
11.0536,11.0581
11.0536,11.1672
11.0536,11.0596
11.0536,11.247
11.0536,11.1619
11.0536,11.3505
11.0536,11.4089
11.0536,11.2928
11.0536,11.3468
11.0536,11.1234
11.0536,11.2175
11.0536,11.5612
11.0536,11.2695
11.0536,11.3552
11.0536,11.3049
11.0536,11.4058
11.0536,11.3647
11.0536,11.3765
11.0536,11.2159
11.0536,11.3978
11.0536,11.1146
11.0536,11.1023
11.0536,11.1734
11.0536,11.3252
11.0536,11.3043
11.0536,11.2131
11.0536,11.3149
11.0536,11.1046
11.0536,11.4302
11.0536,11.1873
11.0536,11.2554
11.0536,11.1188
11.0536,11.1278
11.0536,11.2562
11.0536,11.3535
11.0536,11.1939
11.0536,11.3958
11.0536,11.4054
11.0536,11.2621
11.0536,11.2727
11.0536,11.5131
11.0536,11.4748
11.0536,11.3131
11.0536,11.2634
11.0536,11.3691
11.0536,11.3612
11.0536,11.2435
11.0536,11.4069
11.0536,11.3501
11.0536,11.2383
11.0536,11.1502
11.0536,11.5408
11.0536,11.5758
11.0536,11.3755
11.0536,11.1569
11.0536,11.3385
11.0536,11.329
11.0536,11.3016
11.0536,11.2128
11.0536,11.319
11.0536,11.26
11.0536,11.4045
11.0536,11.4205
11.0536,11.3495
11.0536,11.5098
11.0536,11.2285
11.0536,11.2233
11.0536,11.0559
11.0536,11.0865
11.0536,11.3129
11.0536,11.2804
11.0536,11.1165
11.0536,11.3453
11.0536,11.5327
11.0536,11.2378
11.0536,11.2807
11.0536,11.0575
11.0536,11.3601
11.0536,11.0902
11.0536,11.4538
11.0536,11.5894
11.0536,11.4661
11.0536,11.1493
11.0536,11.2589
11.0536,11.41
11.0536,11.4782
11.0536,11.2396
11.0536,11.159
11.0536,11.1019
11.0536,11.0889
11.0536,11.1289
11.0536,11.2115
11.0536,11.0924
11.0536,11.2678
11.0536,11.2505
11.0536,11.2395
11.0536,11.5194
11.0536,11.1595
11.0536,11.2616
11.0536,11.2875
11.0536,11.3822
11.0536,11.2457
11.0536,11.3237
11.0536,11.4545
11.0536,11.3109
11.0536,11.3758
11.0536,11.27
11.0536,11.1535
11.0536,11.2565
11.0536,11.5363
11.0536,11.0989
11.0536,11.3653
11.0536,11.3266
11.0536,11.2119
11.0536,11.4381
11.0536,11.3878
11.0536,11.3634
11.0536,11.374
11.0536,11.3627
11.0536,11.279
11.0536,11.2386
11.0536,11.2921
11.0536,11.2135
11.0536,11.1194
11.0536,11.3603
11.0536,11.3138
11.0536,11.2219
11.0536,11.1958
11.0536,11.4257
11.0536,11.3292
11.0536,11.2925
11.0536,11.2024
11.0536,11.2967
11.0536,11.0555
11.0536,11.3332
11.0536,11.224
11.0536,11.2689
11.0536,11.1592
11.0536,11.1811
11.0536,11.4443
11.0536,11.3002
11.0536,11.2912
11.0536,11.0844
11.0536,11.2311
11.0536,11.1474
11.0536,11.2066
11.0536,11.189
11.0536,11.4465
11.0536,11.7357
11.0536,11.1038
11.0536,11.4525
11.0536,11.2131
11.0536,11.3579
11.0536,11.3125
11.0536,11.4467
11.0536,11.3317
11.0536,11.3981
11.0536,11.3119
11.0536,11.1007
11.0536,11.1989
11.0536,11.6306
11.0536,11.1225
11.0536,11.2757
11.0536,11.2498
11.0536,11.3393
11.0536,11.2263
11.0536,11.6675
11.0536,11.1321
11.0536,11.0587
11.0536,11.3115
11.0536,11.3529
11.0536,11.4683
11.0536,11.1597
11.0536,11.2707
11.0536,11.4401
11.0536,11.2272
11.0536,11.339
11.0536,11.0958
11.0536,11.3469
11.0536,11.1745
11.0536,11.1017
11.0536,11.4485
11.0536,11.3939
11.0536,11.6394
11.0536,11.1802
11.0536,11.0559
11.0536,11.0829
11.0536,11.2392
11.0536,11.1959
11.0536,11.0937
11.0536,11.2926
11.0536,11.318
11.0536,11.3991
11.0536,11.3325
11.0536,11.2381
11.0536,11.3583
11.0536,11.3892
11.0536,11.0617
11.0536,11.6115
11.0536,11.5574
11.0536,11.2047
11.0536,11.0536
11.0536,11.1388
11.0536,11.4706
11.0536,11.4352
11.0536,11.3522
11.0536,11.2659
11.0536,11.3217
11.0536,11.2644
11.0536,11.1967
11.0536,11.1265
11.0536,11.3127
11.0536,11.0583
11.0536,11.2856
11.0536,11.2901
11.0536,11.3087
11.0536,11.2478
11.0536,11.2686
11.0536,11.133
11.0536,11.2636
11.0536,11.3918
11.0536,11.0757
11.0536,11.1374
11.0536,11.0752
11.0536,11.0806
11.0536,11.197
11.0536,11.4065
11.0536,11.2183
11.0536,11.4855
11.0536,11.1065
11.0536,11.1536
11.0536,11.586
11.0536,11.4077
11.0536,11.2718
11.0536,11.119
11.0536,11.0748
11.0536,11.4226
11.0536,11.4765
11.0536,11.3236
11.0536,11.2162
11.0536,11.1903
11.0536,11.2159
11.0536,11.3226
11.0536,11.33
11.0536,11.3121
11.0536,11.0939
11.0536,11.2896
11.0536,11.3119
11.0536,11.0616
11.0536,11.3735
11.0536,11.209
11.0536,11.5873
11.0536,11.4527
11.0536,11.3336
11.0536,11.5206
11.0536,11.3039
11.0536,11.1912
11.0536,11.5347
11.0536,11.1405
11.0536,11.1514
11.0536,11.2865
11.0536,11.3721
11.0536,11.3417
11.0536,11.1675
11.0536,11.6056
11.0536,11.4435
11.0536,11.4671
11.0536,11.4577
11.0536,11.0961
11.0536,11.3397
11.0536,11.236
11.0536,11.3579
11.0536,11.556
11.0536,11.2723
11.0536,11.4577
11.0536,11.0882
11.0536,11.4243
11.0536,11.4968
11.0536,11.287
11.0536,11.4493
11.0536,11.3017
11.0536,11.0746
11.0536,11.2284
11.0536,11.3546
11.0536,11.2088
11.0536,11.174
11.0536,11.2324
11.0536,11.2335
11.0536,11.1227
11.0536,11.3959
11.0536,11.2714
11.0536,11.3175
11.0536,11.1845
11.0536,11.2699
11.0536,11.2071
11.0536,11.2178
11.0536,11.3491
11.0536,11.1445
11.0536,11.1304
11.0536,11.2577
11.0536,11.3026
11.0536,11.3816
11.0536,11.3152
11.0536,11.1336
11.0536,11.1958
11.0536,11.5196
11.0536,11.3356
11.0536,11.1886
11.0536,11.1615
11.0536,11.1825
11.0536,11.0589
11.0536,11.5537
11.0536,11.2849
11.0536,11.232
11.0536,11.6501
11.0536,11.482
11.0536,11.2186
11.0536,11.2692
11.0536,11.0831
11.0536,11.4436
11.0536,11.2291
11.0536,11.2415
11.0536,11.4237
11.0536,11.2681
11.0536,11.1485
11.0536,11.0699
11.0536,11.0536
11.0536,11.3729
11.0536,11.085
11.0536,11.0567
11.0536,11.5723
11.0536,11.1092
11.0536,11.1164
11.0536,11.087
11.0536,11.1179
11.0536,11.2336
11.0536,11.3675
11.0536,11.2369
11.0536,11.1131
11.0536,11.3435
11.0536,11.0764
11.0536,11.3504
11.0536,11.0823
11.0536,11.3467
11.0536,11.0872
11.0536,11.2592
11.0536,11.0913
11.0536,11.1642
11.0536,11.0882
11.0536,11.1735
11.0536,11.3463
11.0536,11.3884
11.0536,11.1249
11.0536,11.2339
11.0536,11.2616
11.0536,11.2059
11.0536,11.202
11.0536,11.29
11.0536,11.1744
11.0536,11.4094
11.0536,11.5896
11.0536,11.2293
11.0536,11.2691
11.0536,11.6719
11.0536,11.4075
11.0536,11.2572
11.0536,11.238
11.0536,11.3143
11.0536,11.4579
11.0536,11.1916
11.0536,11.2437
11.0536,11.1082
11.0536,11.1321
11.0536,11.5581
11.0536,11.5324
11.0536,11.2479
11.0536,11.3035
11.0536,11.1948
11.0536,11.1225
11.0536,11.2626
11.0536,11.3014
11.0536,11.1631
11.0536,11.2386
11.0536,11.2819
11.0536,11.5033
11.0536,11.0818
11.0536,11.3249
11.0536,11.1709
11.0536,11.392
11.0536,11.2102
11.0536,11.2616
11.0536,11.3951
11.0536,11.5654
11.0536,11.2953
11.0536,11.1663
11.0536,11.1867
11.0536,11.0642
11.0536,11.2618
11.0536,11.2179
11.0536,11.2452
11.0536,11.2466
11.0536,11.1722
11.0536,11.0953
11.0536,11.3072
11.0536,11.2562
11.0536,11.5076
11.0536,11.1026
11.0536,11.3034
11.0536,11.3243
11.0536,11.1346
11.0536,11.3955
11.0536,11.2938
11.0536,11.3992
11.0536,11.4298
11.0536,11.2093
11.0536,11.2262
11.0536,11.1046
11.0536,11.1106
11.0536,11.2771
11.0536,11.1157
11.0536,11.0536
11.0536,11.3535
11.0536,11.3492
11.0536,11.1656
11.0536,11.1071
11.0536,11.3785
11.0536,11.1532
11.0536,11.1303
11.0536,11.1314
11.0536,11.1009
11.0536,11.4095
11.0536,11.0967
11.0536,11.1406
11.0536,11.2359
11.0536,11.5199
11.0536,11.2155
11.0536,11.0664
11.0536,11.1446
11.0536,11.2381
11.0536,11.3754
11.0536,11.403
11.0536,11.3311
11.0536,11.1033
11.0536,11.4093
11.0536,11.3508
11.0536,11.3021
11.0536,11.1697
11.0536,11.2858
11.0536,11.1113
11.0536,11.0711
11.0536,11.3906
11.0536,11.3565
11.0536,11.251
11.0536,11.4727
11.0536,11.3641
11.0536,11.1521
11.0536,11.2553
11.0536,11.1727
11.0536,11.2153
11.0536,11.4069
11.0536,11.3148
11.0536,11.1822
11.0536,11.2597
11.0536,11.3601
11.0536,11.3861
11.0536,11.1436
11.0536,11.2265
11.0536,11.1904
11.0536,11.3607
11.0536,11.4641
11.0536,11.489
11.0536,11.2738
11.0536,11.3683
11.0536,11.1881
11.0536,11.0556
11.0536,11.1816
11.0536,11.4355
11.0536,11.4087
11.0536,11.3362
11.0536,11.218
11.0536,11.1572
11.0536,11.2642
11.0536,11.0746
11.0536,11.0644
11.0536,11.2045
11.0536,11.2957
11.0536,11.2296
11.0536,11.335
11.0536,11.1053
11.0536,11.1816
11.0536,11.2954
11.0536,11.358
11.0536,11.4449
11.0536,11.1885
11.0536,11.5917
11.0536,11.3738
11.0536,11.4915
11.0536,11.1713
11.0536,11.2283
11.0536,11.3814
11.0536,11.188
11.0536,11.1104
11.0536,11.3859
11.0536,11.1895
11.0536,11.4515
11.0536,11.1925
11.0536,11.2606
11.0536,11.4574
11.0536,11.2338
11.0536,11.1459
11.0536,11.102
11.0536,11.3887
11.0536,11.0604
11.0536,11.3686
11.0536,11.092
11.0536,11.3332
11.0536,11.1305
11.0536,11.2494
11.0536,11.2126
11.0536,11.1412
11.0536,11.1961
11.0536,11.1744
11.0536,11.1474
11.0536,11.1758
11.0536,11.3846
11.0536,11.0916
11.0536,11.2207
11.0536,11.0952
11.0536,11.3041
11.0536,11.2361
11.0536,11.2137
11.0536,11.4072
11.0536,11.3611
11.0536,11.1918
11.0536,11.3818
11.0536,11.168
11.0536,11.0603
11.0536,11.5124
11.0536,11.3942
11.0536,11.3201
11.0536,11.5527
11.0536,11.0557
11.0536,11.2287
11.0536,11.3242
11.0536,11.2019
11.0536,11.2017
11.0536,11.2798
11.0536,11.2924
11.0536,11.2137
11.0536,11.274
11.0536,11.3533
11.0536,11.0696
11.0536,11.3861
11.0536,11.465
11.0536,11.2923
11.0536,11.476
11.0536,11.3316
11.0536,11.2714
11.0536,11.1627
11.0536,11.4454
11.0536,11.2426
11.0536,11.4552
11.0536,11.4669
11.0536,11.0744
11.0536,11.2405
11.0536,11.1496
11.0536,11.1326
11.0536,11.3628
11.0536,11.2046
11.0536,11.2102
11.0536,11.3411
11.0536,11.4816
11.0536,11.3491
11.0536,11.2788
11.0536,11.4038
11.0536,11.4738
11.0536,11.2549
11.0536,11.3159
11.0536,11.3689
11.0536,11.4378
11.0536,11.369
11.0536,11.3064
11.0536,11.2123
11.0536,11.1117
11.0536,11.2361
11.0536,11.2188
11.0536,11.245
11.0536,11.4472
11.0536,11.5201
11.0536,11.4481
11.0536,11.4732
11.0536,11.0737
11.0536,11.1671
11.0536,11.1555
11.0536,11.1105
11.0536,11.1565
11.0536,11.1637
11.0536,11.3154
11.0536,11.2706
11.0536,11.245
11.0536,11.0748
11.0536,11.2654
11.0536,11.2299
11.0536,11.2193
11.0536,11.3629
11.0536,11.2142
11.0536,11.3479
11.0536,11.2001
11.0536,11.4334
11.0536,11.1947
11.0536,11.1717
11.0536,11.5523
11.0536,11.2535
11.0536,11.2241
11.0536,11.2695
11.0536,11.1769
11.0536,11.3443
11.0536,11.3643
11.0536,11.2257
11.0536,11.3998
11.0536,11.4207
11.0536,11.3571
11.0536,11.1909
11.0536,11.0763
11.0536,11.3263
11.0536,11.4068
11.0536,11.1775
11.0536,11.0655
11.0536,11.3568
11.0536,11.6688
11.0536,11.1447
11.0536,11.1014
11.0536,11.3268
11.0536,11.2009
11.0536,11.4132
11.0536,11.1639
11.0536,11.1551
11.0536,11.3504
11.0536,11.3103
11.0536,11.218
11.0536,11.4575
11.0536,11.1973
11.0536,11.2554
11.0536,11.487
11.0536,11.1958
11.0536,11.3098
11.0536,11.3048
11.0536,11.4334
11.0536,11.13
11.0536,11.4313
11.0536,11.3151
11.0536,11.1965
11.0536,11.6663
11.0536,11.2426
11.0536,11.1348
11.0536,11.0558
11.0536,11.1716
11.0536,11.1597
11.0536,11.4982
11.0536,11.3065
11.0536,11.4747
11.0536,11.2449
11.0536,11.205
11.0536,11.3825
11.0536,11.2003
11.0536,11.3487
11.0536,11.3679
11.0536,11.4642
11.0536,11.1354
11.0536,11.4394
11.0536,11.3308
11.0536,11.0765
11.0536,11.1123
11.0536,11.1213
11.0536,11.2228
11.0536,11.1581
11.0536,11.3353
11.0536,11.5117
11.0536,11.32
11.0536,11.1888
11.0536,11.1183
11.0536,11.381
11.0536,11.1042
11.0536,11.4217
11.0536,11.4354
11.0536,11.3393
11.0536,11.2956
11.0536,11.2827
11.0536,11.5702
11.0536,11.4458
11.0536,11.4224
11.0536,11.254
11.0536,11.4996
11.0536,11.3663
11.0536,11.108
11.0536,11.4471
11.0536,11.4809
11.0536,11.2383
11.0536,11.5081
11.0536,11.377
11.0536,11.3657
11.0536,11.2028
11.0536,11.3012
11.0536,11.3941
11.0536,11.184
11.0536,11.2326
11.0536,11.366
11.0536,11.4573
11.0536,11.1111
11.0536,11.2451
11.0536,11.4301
11.0536,11.4129
11.0536,11.2717
11.0536,11.4452
11.0536,11.441
11.0536,11.0536
11.0536,11.3392
11.0536,11.296
11.0536,11.2124
11.0536,11.2027
11.0536,11.3185
11.0536,11.2575
11.0536,11.3987
11.0536,11.1677
11.0536,11.2536
11.0536,11.3862
11.0536,11.3295
11.0536,11.3718
11.0536,11.1156
11.0536,11.1303
11.0536,11.1277
11.0536,11.0979
11.0536,11.1219
11.0536,11.1325
11.0536,11.0691
11.0536,11.4028
11.0536,11.2376
11.0536,11.4814
11.0536,11.1205
11.0536,11.1794
11.0536,11.2286
11.0536,11.4435
11.0536,11.0699
11.0536,11.3641
11.0536,11.3214
11.0536,11.2327
11.0536,11.3014
11.0536,11.1622
11.0536,11.113
11.0536,11.2386
11.0536,11.2934
11.0536,11.3293
11.0536,11.471
11.0536,11.0695
11.0536,11.3953
11.0536,11.3976
11.0536,11.2365
11.0536,11.3017
11.0536,11.2493
11.0536,11.2733
11.0536,11.1843
11.0536,11.0897
11.0536,11.3698
11.0536,11.2052
11.0536,11.1815
11.0536,11.3736
11.0536,11.1021
11.0536,11.0568
11.0536,11.2861
11.0536,11.475
11.0536,11.3433
11.0536,11.245
11.0536,11.3038
11.0536,11.472
11.0536,11.4406
11.0536,11.5063
11.0536,11.3679
11.0536,11.4943
11.0536,11.1154
11.0536,11.2838
11.0536,11.2872
11.0536,11.1376
11.0536,11.2359
11.0536,11.2059
11.0536,11.263
11.0536,11.234
11.0536,11.1704
11.0536,11.4905
11.0536,11.4953
11.0536,11.0975
11.0536,11.1384
11.0536,11.0821
11.0536,11.1563
11.0536,11.3019
11.0536,11.3948
11.0536,11.3332
11.0536,11.3848
11.0536,11.2833
11.0536,11.4358
11.0536,11.3549
11.0536,11.2775
11.0536,11.3447
11.0536,11.396
11.0536,11.2657
11.0536,11.4038
11.0536,11.1561
11.0536,11.0573
11.0536,11.1678
11.0536,11.3913
11.0536,11.0633
11.0536,11.2715
11.0536,11.1839
11.0536,11.1999
11.0536,11.226
11.0536,11.5808
11.0536,11.2029
11.0536,11.293
11.0536,11.2725
11.0536,11.3183
11.0536,11.3467
11.0536,11.3719
11.0536,11.205
11.0536,11.3176
11.0536,11.3547
11.0536,11.127
11.0536,11.5083
11.0536,11.2185
11.0536,11.3181
11.0536,11.1499
11.0536,11.2513
11.0536,11.2074
11.0536,11.3428
11.0536,11.381
11.0536,11.1757
11.0536,11.2449
11.0536,11.3137
11.0536,11.4249
11.0536,11.1152
11.0536,11.1691
11.0536,11.209
11.0536,11.2901
11.0536,11.2401
11.0536,11.2108
11.0536,11.3548
11.0536,11.4565
11.0536,11.2062
11.0536,11.2204
11.0536,11.432
11.0536,11.1736
11.0536,11.2558
11.0536,11.3882
11.0536,11.3165
11.0536,11.503
11.0536,11.3834
11.0536,11.166
11.0536,11.3582
