34.192,39.6922
31.788,35.1979
28.4425,32.4154
26.6042,29.3848
25.2406,27.5879
23.826,26.1585
22.594,24.9764
21.8552,23.0658
20.7882,22.1277
20.5465,21.6517
20.6124,21.0459
19.2274,21.0423
18.6042,20.2805
18.4225,19.4655
17.7998,18.9439
17.704,18.6788
17.2952,18.4133
16.9769,17.6905
16.8902,17.4297
16.9564,17.0485
16.6158,17.1524
16.4085,17.0146
16.4821,16.7319
16.4375,16.7623
16.1559,16.6031
15.3293,16.5444
15.4835,16.2648
15.4815,16.0815
15.3259,15.5141
15.3854,15.6155
15.4155,15.5611
15.4133,15.5885
15.4133,15.4515
15.4133,15.6665
15.4133,15.6859
15.4133,15.7271
15.3971,15.5569
15.3208,15.4513
15.3208,15.7915
15.4133,15.658
15.4121,15.8422
15.4133,15.9219
15.4133,15.5739
15.3971,15.4632
15.4133,15.672
15.3833,15.9255
15.2132,15.6212
15.2956,15.3923
15.3052,15.5224
15.318,15.4468
15.3019,15.4624
15.2343,15.4592
15.3025,15.5406
15.2995,15.4324
15.281,15.3423
15.1458,15.4207
15.1557,15.6056
14.7008,15.2218
15.017,15.2951
14.9846,15.415
15.0255,15.2519
15.0646,15.77
15.0646,15.5068
15.0646,15.181
15.0646,15.2866
14.9465,15.182
14.9058,15.2494
14.8708,15.2008
14.9143,15.257
14.7462,14.9794
14.7962,15.0218
14.7962,15.096
14.7928,14.8605
14.793,15.0032
14.4807,14.9413
12.6358,14.8932
11.767,14.1356
11.767,12.4882
11.4514,11.8803
11.7401,11.8631
11.737,11.9302
11.5724,11.8331
11.2374,11.7584
11.3229,11.9
11.2374,11.8044
11.3226,11.7188
10.8734,11.4516
11.1974,11.7243
9.90246,11.559
11.0833,11.8424
11.0796,12.1363
10.8995,11.3199
10.7285,11.2904
11.0227,11.4777
11.0227,11.0403
10.5731,11.1027
11.0227,11.1892
10.5731,11.3115
10.6684,11.0254
10.5352,11.0243
10.6269,11.3095
11.0227,11.2858
11.0227,11.2416
11.0227,11.1307
10.302,11.183
10.3082,12.19
10.9086,11.4982
10.9086,11.0726
10.6316,11.1857
10.9086,11.1168
10.9086,11.1445
10.9086,11.1639
10.5924,11.0986
10.1879,10.906
10.1879,10.7982
10.1879,10.3925
10.1879,10.4354
10.1879,10.236
10.1879,10.4796
10.1879,10.3933
10.1879,10.5266
8.77111,10.2901
10.1879,10.3119
9.4933,10.2119
10.1879,10.3569
9.84593,10.354
9.84593,10.7846
8.42918,10.1774
8.11303,9.31796
7.80861,8.54728
8.42918,8.55127
8.11303,8.60363
8.42918,8.49334
8.42918,8.44847
7.8328,8.62506
8.42918,8.57895
8.11303,8.59952
8.42918,8.60241
8.42918,8.65193
8.42918,8.44523
8.11303,8.52606
8.11303,8.47761
8.11303,8.17602
8.11303,8.47146
8.11303,8.29614
8.11303,8.44699
8.11303,8.11303
8.11303,8.57797
8.11303,8.25191
8.11303,8.26599
8.11303,8.27217
8.11303,8.18527
7.49246,8.23253
8.11303,8.33778
8.11303,8.2957
8.11303,8.25753
8.11303,8.16709
8.11303,8.33644
8.11303,8.32542
8.11303,8.13341
8.11303,8.19371
8.11303,8.55218
7.49246,8.18487
7.49246,8.34562
6.70776,8.07434
7.49246,7.50075
7.49246,7.53908
7.49246,7.53323
7.49246,7.59168
7.49246,7.49351
7.49246,7.7401
7.49246,7.5675
7.49246,7.49299
7.49246,7.67633
6.52527,7.4995
7.49246,7.50244
7.49246,7.58813
6.24186,7.57616
7.49246,7.55165
7.49246,7.49316
7.49246,7.61092
7.49246,7.57533
7.49246,7.61837
7.49246,7.49585
7.49246,7.52805
7.49246,7.55781
7.49246,7.50881
7.49246,7.5135
7.49246,7.51759
7.49246,7.50832
7.49246,7.49605
7.49246,7.55976
7.49246,7.68141
7.49246,7.49856
7.49246,7.60307
7.49246,7.51057
7.49246,7.53065
7.49246,7.50912
7.49246,7.49895
7.49246,7.5035
7.49246,7.53259
7.49246,7.70383
7.49246,7.65792
7.49246,7.49874
6.24186,7.53807
6.24186,7.2824
6.24186,6.27984
6.24186,6.38441
6.24186,6.25606
6.24186,6.26951
6.24186,6.27677
6.24186,6.32738
6.24186,6.29099
6.24186,6.2758
6.24186,6.24938
6.24186,6.56413
6.24186,6.33288
6.24186,6.38862
6.24186,6.30175
6.24186,6.35141
6.24186,6.30286
6.24186,6.30564
6.24186,6.34905
6.24186,6.66999
6.24186,6.45331
6.24186,6.36045
6.24186,6.29991
6.24186,6.29127
6.24186,6.26407
6.24186,6.33096
6.24186,6.27261
6.24186,6.34902
6.24186,6.35976
6.24186,6.3684
6.24186,6.40199
6.24186,6.30825
6.24186,6.31535
6.24186,6.33625
6.24186,6.26356
6.24186,6.33613
6.24186,6.62988
6.24186,6.42384
6.24186,6.28336
6.24186,6.25607
6.24186,6.31771
6.24186,6.35122
6.24186,6.5197
6.24186,6.26581
6.24186,6.68117
6.24186,6.29745
6.24186,6.30974
6.24186,6.33042
6.24186,6.31438
6.24186,6.27885
6.24186,6.30048
6.24186,6.29435
6.24186,6.31218
6.24186,6.33044
6.24186,6.33553
6.24186,6.25597
6.24186,6.35545
6.24186,6.30994
6.24186,6.24672
6.24186,6.49088
6.24186,6.35575
6.24186,6.30076
6.24186,6.3225
6.24186,6.26874
6.24186,6.45336
6.24186,6.45813
6.24186,6.35995
6.24186,6.29985
6.24186,6.2657
6.24186,6.29587
6.24186,6.32372
6.24186,6.2847
6.24186,6.31056
6.24186,6.28011
6.24186,6.37363
6.24186,6.38677
6.24186,6.34014
6.24186,6.2981
6.24186,6.29741
6.24186,6.32172
6.24186,6.27222
6.24186,6.29546
6.24186,6.56363
6.24186,6.49567
6.24186,6.32185
6.24186,6.29589
6.24186,6.30563
6.24186,6.31189
6.24186,6.3549
6.24186,6.29533
6.24186,6.4998
6.24186,6.33525
6.24186,6.33641
6.24186,6.33614
6.24186,6.65296
6.24186,6.29262
6.24186,6.30447
6.24186,6.43274
6.24186,6.34489
6.24186,6.34039
6.24186,6.36918
6.24186,6.29025
6.24186,6.25468
6.24186,6.36416
6.24186,6.2988
6.24186,6.60516
6.24186,6.50503
6.24186,6.32463
6.24186,6.27428
6.24186,6.33814
6.24186,6.25083
6.24186,6.54014
6.24186,6.43695
6.24186,6.37226
6.24186,6.30287
6.24186,6.30391
6.24186,6.27515
6.24186,6.33789
6.24186,6.31287
6.24186,6.37615
6.24186,6.28443
6.24186,6.56207
6.24186,6.29842
6.24186,6.28413
6.24186,6.29492
6.24186,6.32911
6.24186,6.26428
6.24186,6.29567
6.24186,6.39426
6.24186,6.38333
6.24186,6.45199
6.24186,6.44864
6.24186,6.27508
6.24186,6.61184
6.24186,6.32192
6.24186,6.3472
6.24186,6.32572
6.24186,6.31083
6.24186,6.28188
6.24186,6.3588
6.24186,6.47357
6.24186,6.35483
6.24186,6.29792
6.24186,6.34756
6.24186,6.7527
6.24186,6.43777
6.24186,6.34567
6.24186,6.58504
6.24186,6.35249
6.24186,6.3027
6.24186,6.53297
6.24186,6.46314
6.24186,6.2844
6.24186,6.27376
6.24186,6.29444
6.24186,6.33964
6.24186,6.41808
6.24186,6.37601
6.24186,6.49428
6.24186,6.32847
6.24186,6.37171
6.24186,6.35939
6.24186,6.32922
6.24186,6.27461
6.24186,6.35538
6.24186,6.33743
6.24186,6.33839
6.24186,6.29146
6.24186,6.48929
6.24186,6.32449
6.24186,6.31268
6.24186,6.4705
6.24186,6.41983
6.24186,6.28358
6.24186,6.30545
6.24186,6.49789
6.24186,6.35601
6.24186,6.27853
6.24186,6.38073
6.24186,6.49119
6.24186,6.45121
6.24186,6.34922
6.24186,6.47787
6.24186,6.39571
6.24186,6.39909
6.24186,6.32102
6.24186,6.52319
6.24186,6.33225
6.24186,6.4095
6.24186,6.28903
6.24186,6.32784
6.24186,6.29833
6.24186,6.28745
6.24186,6.38025
6.24186,6.45689
6.24186,6.32107
6.24186,6.26842
6.24186,6.29502
6.24186,6.3482
6.24186,6.32614
6.24186,6.30954
6.24186,6.45198
6.24186,6.29269
6.24186,6.4424
6.24186,6.27424
6.24186,6.44612
6.24186,6.29819
6.24186,6.29725
6.24186,6.29526
6.24186,6.44512
6.24186,6.27551
6.24186,6.31726
6.24186,6.309
6.24186,6.38075
6.24186,6.30714
6.24186,6.38308
6.24186,6.29156
6.24186,6.31236
6.24186,6.37662
6.24186,6.2787
6.24186,6.44691
6.24186,6.30123
6.24186,6.56455
6.24186,6.37782
6.24186,6.33487
6.24186,6.28133
6.24186,6.28758
6.24186,6.27278
6.24186,6.36849
6.24186,6.33009
6.24186,6.36933
6.24186,6.29435
6.24186,6.31067
6.24186,6.43228
6.24186,6.38886
6.24186,6.31031
6.24186,6.30581
6.24186,6.36431
6.24186,6.3307
6.24186,6.4171
6.24186,6.4624
6.24186,6.29661
6.24186,6.44416
6.24186,6.35309
6.24186,6.36574
6.24186,6.33892
6.24186,6.29
6.24186,6.30437
6.24186,6.28885
6.24186,6.28706
6.24186,6.29158
6.24186,6.39546
6.24186,6.28829
6.24186,6.30675
6.24186,6.27768
6.24186,6.30609
6.24186,6.65283
6.24186,6.30831
6.24186,6.37999
6.24186,6.3231
6.24186,6.33279
6.24186,6.30522
6.24186,6.27208
6.24186,6.47925
6.24186,6.2702
6.24186,6.41759
6.24186,6.33887
6.24186,6.30113
6.24186,6.3092
6.24186,6.48045
6.24186,6.323
6.24186,6.29443
6.24186,6.27631
6.24186,6.26777
6.24186,6.33506
6.24186,6.31083
6.24186,6.3589
6.24186,6.39548
6.24186,6.31245
6.24186,6.31755
6.24186,6.32435
6.24186,6.42356
6.24186,6.27284
6.24186,6.2679
6.24186,6.2956
6.24186,6.42913
6.24186,6.26983
6.24186,6.25521
6.24186,6.32247
6.24186,6.33333
6.24186,6.4052
6.24186,6.31379
6.24186,6.2959
6.24186,6.33936
6.24186,6.24225
6.24186,6.3927
6.24186,6.3294
6.24186,6.40127
6.24186,6.25823
6.24186,6.29372
6.24186,6.36182
6.24186,6.31367
6.24186,6.51491
6.24186,6.36905
6.24186,6.3792
6.24186,6.29457
6.24186,6.28649
6.24186,6.29887
6.24186,6.33064
6.24186,6.49207
6.24186,6.25821
6.24186,6.42585
6.24186,6.59208
6.24186,6.30435
6.24186,6.34311
6.24186,6.33391
6.24186,6.33629
6.24186,6.29514
6.24186,6.32383
6.24186,6.28361
6.24186,6.38178
6.24186,6.32576
6.24186,6.32009
6.24186,6.5206
6.24186,6.29656
6.24186,6.38239
6.24186,6.39355
6.24186,6.30422
6.24186,6.24186
6.24186,6.28282
6.24186,6.4065
6.24186,6.37737
6.24186,6.26572
6.24186,6.36849
6.24186,6.54221
6.24186,6.39779
6.24186,6.2897
6.24186,6.38644
6.24186,6.42514
6.24186,6.38859
6.24186,6.33407
6.24186,6.30333
6.24186,6.35942
6.24186,6.28062
6.24186,6.36073
6.24186,6.32925
6.24186,6.30158
6.24186,6.31164
6.24186,6.28412
6.24186,6.29535
6.24186,6.45041
6.24186,6.34449
6.24186,6.51201
6.24186,6.278
6.24186,6.50287
6.24186,6.44692
6.24186,6.32261
6.24186,6.3178
6.24186,6.43426
6.24186,6.28774
6.24186,6.26837
6.24186,6.36401
6.24186,6.32966
6.24186,6.42365
6.24186,6.36523
6.24186,6.43656
6.24186,6.31889
6.24186,6.31267
6.24186,6.26545
6.24186,6.25712
6.24186,6.36595
6.24186,6.35346
6.24186,6.28659
6.24186,6.35229
6.24186,6.46639
6.24186,6.31304
6.24186,6.28014
6.24186,6.50334
6.24186,6.44454
6.24186,6.30323
6.24186,6.29469
6.24186,6.30167
6.24186,6.38615
6.24186,6.39611
6.24186,6.37645
6.24186,6.32625
6.24186,6.38565
6.24186,6.36238
6.24186,6.28197
6.24186,6.31005
6.24186,6.33276
6.24186,6.24441
6.24186,6.32652
6.24186,6.45942
6.24186,6.30441
6.24186,6.27581
6.24186,6.24712
6.24186,6.28413
6.24186,6.29374
6.24186,6.30105
6.24186,6.28141
6.24186,6.28837
6.24186,6.28421
6.24186,6.30009
6.24186,6.29183
6.24186,6.33828
6.24186,6.40644
6.24186,6.32293
6.24186,6.29258
6.24186,6.34548
6.24186,6.28784
6.24186,6.48652
6.24186,6.31118
6.24186,6.46781
6.24186,6.41685
6.24186,6.29287
6.24186,6.57489
6.24186,6.28217
6.24186,6.3526
6.24186,6.30023
6.24186,6.29061
6.24186,6.34864
6.24186,6.44071
6.24186,6.25464
6.24186,6.31412
6.24186,6.28014
6.24186,6.27928
6.24186,6.28444
6.24186,6.30407
6.24186,6.41164
6.24186,6.29065
6.24186,6.32382
6.24186,6.29787
6.24186,6.49779
6.24186,6.35445
6.24186,6.32527
6.24186,6.36715
6.24186,6.4656
6.24186,6.35638
6.24186,6.38336
6.24186,6.38781
6.24186,6.4652
6.24186,6.3127
6.24186,6.27501
6.24186,6.28107
6.24186,6.28716
6.24186,6.28924
6.24186,6.35748
6.24186,6.30054
6.24186,6.57204
6.24186,6.29183
6.24186,6.3165
6.24186,6.29367
6.24186,6.27607
6.24186,6.37753
6.24186,6.38419
6.24186,6.27891
6.24186,6.42507
6.24186,6.35373
6.24186,6.28236
6.24186,6.29237
6.24186,6.29109
6.24186,6.34437
6.24186,6.2726
6.24186,6.2659
6.24186,6.25686
6.24186,6.39305
6.24186,6.30649
6.24186,6.38255
6.24186,6.29035
6.24186,6.3814
6.24186,6.50618
6.24186,6.34087
6.24186,6.33053
6.24186,6.43889
6.24186,6.29605
6.24186,6.33738
6.24186,6.25651
6.24186,6.31287
6.24186,6.26786
6.24186,6.33519
6.24186,6.4876
6.24186,6.35712
6.24186,6.34793
6.24186,6.30451
6.24186,6.40621
6.24186,6.35961
6.24186,6.35922
6.24186,6.62526
6.24186,6.57178
6.24186,6.2851
6.24186,6.35465
6.24186,6.35089
6.24186,6.30738
6.24186,6.38319
6.24186,6.28154
6.24186,6.33172
6.24186,6.27591
6.24186,6.50611
6.24186,6.31226
6.24186,6.2918
6.24186,6.30363
6.24186,6.29829
6.24186,6.33735
6.24186,6.30672
6.24186,6.30472
6.24186,6.29858
6.24186,6.37535
6.24186,6.3576
6.24186,6.2808
6.24186,6.30612
6.24186,6.32484
6.24186,6.36674
6.24186,6.28027
6.24186,6.29804
6.24186,6.33163
6.24186,6.29486
6.24186,6.43109
6.24186,6.37717
6.24186,6.38781
6.24186,6.27508
6.24186,6.26362
6.24186,6.29867
6.24186,6.35573
6.24186,6.39717
6.24186,6.43694
6.24186,6.37112
6.24186,6.37198
6.24186,6.25095
6.24186,6.35357
6.24186,6.30927
6.24186,6.31629
6.24186,6.49249
6.24186,6.36091
6.24186,6.33193
6.24186,6.32819
6.24186,6.41253
6.24186,6.3674
6.24186,6.28743
6.24186,6.36539
6.24186,6.62031
6.24186,6.29507
6.24186,6.28351
6.24186,6.46728
6.24186,6.27112
6.24186,6.32432
6.24186,6.43513
6.24186,6.38897
6.24186,6.39792
6.24186,6.45497
6.24186,6.26481
6.24186,6.34767
6.24186,6.28817
6.24186,6.5537
6.24186,6.29062
6.24186,6.29138
6.24186,6.36433
6.24186,6.38383
6.24186,6.3712
6.24186,6.27355
6.24186,6.47799
6.24186,6.29795
6.24186,6.34502
6.24186,6.32409
6.24186,6.45069
6.24186,6.36507
6.24186,6.24299
6.24186,6.52753
6.24186,6.31203
6.24186,6.33768
6.24186,6.30183
6.24186,6.30988
6.24186,6.32637
6.24186,6.345
6.24186,6.41519
6.24186,6.57142
6.24186,6.32845
6.24186,6.30343
6.24186,6.28082
6.24186,6.48738
6.24186,6.27137
6.24186,6.65677
6.24186,6.31505
6.24186,6.43512
6.24186,6.35579
6.24186,6.30209
6.24186,6.31588
6.24186,6.34127
6.24186,6.36351
6.24186,6.43391
6.24186,6.32215
6.24186,6.28323
6.24186,6.44433
6.24186,6.26895
6.24186,6.28481
6.24186,6.33156
6.24186,6.4836
6.24186,6.326
6.24186,6.39014
6.24186,6.38167
6.24186,6.59648
6.24186,6.25596
6.24186,6.38096
6.24186,6.36396
6.24186,6.25664
6.24186,6.44811
6.24186,6.42169
6.24186,6.33088
6.24186,6.47881
6.24186,6.26343
6.24186,6.28263
6.24186,6.25261
6.24186,6.36917
6.24186,6.53077
6.24186,6.47173
6.24186,6.31517
6.24186,6.35225
6.24186,6.29549
6.24186,6.28726
6.24186,6.33216
6.24186,6.28071
6.24186,6.45471
6.24186,6.33162
6.24186,6.31198
6.24186,6.27478
6.24186,6.27456
6.24186,6.31478
6.24186,6.36185
6.24186,6.28479
6.24186,6.31457
6.24186,6.33533
6.24186,6.28444
6.24186,6.33159
6.24186,6.32709
6.24186,6.30643
6.24186,6.27007
6.24186,6.33435
6.24186,6.39599
6.24186,6.31501
6.24186,6.28172
6.24186,6.35789
6.24186,6.38368
6.24186,6.28452
6.24186,6.2877
6.24186,6.31031
6.24186,6.47899
6.24186,6.31179
6.24186,6.31514
6.24186,6.34147
6.24186,6.31516
6.24186,6.30317
6.24186,6.29775
6.24186,6.45543
6.24186,6.44491
6.24186,6.24186
6.24186,6.2787
6.24186,6.38141
6.24186,6.41188
6.24186,6.28926
6.24186,6.29571
6.24186,6.33352
6.24186,6.27062
6.24186,6.42177
6.24186,6.41382
6.24186,6.37167
6.24186,6.26915
6.24186,6.43752
6.24186,6.29812
6.24186,6.35008
6.24186,6.41238
6.24186,6.9101
6.24186,6.32435
6.24186,6.2957
6.24186,6.2819
6.24186,6.30026
6.24186,6.40974
6.24186,6.27587
6.24186,6.30259
6.24186,6.51442
6.24186,6.30217
6.24186,6.37107
6.24186,6.27138
6.24186,6.31545
6.24186,6.44579
6.24186,6.2846
6.24186,6.32093
6.24186,6.38391
6.24186,6.46926
6.24186,6.29099
6.24186,6.33856
6.24186,6.41774
6.24186,6.36373
6.24186,6.31624
6.24186,6.31233
6.24186,6.38211
6.24186,6.27193
6.24186,6.44236
6.24186,6.57543
6.24186,6.30412
6.24186,6.32387
6.24186,6.26297
6.24186,6.35404
6.24186,6.28182
6.24186,6.29764
6.24186,6.3239
6.24186,6.31603
6.24186,6.32891
6.24186,6.34691
6.24186,6.2659
6.24186,6.34183
6.24186,6.28806
6.24186,6.26614
6.24186,6.35559
6.24186,6.54654
6.24186,6.27304
6.24186,6.47596
6.24186,6.36914
6.24186,6.44481
6.24186,6.29584
6.24186,6.30957
6.24186,6.25723
6.24186,6.36157
6.24186,6.35096
6.24186,6.38107
6.24186,6.29561
6.24186,6.47726
6.24186,6.33481
6.24186,6.33625
6.24186,6.30273
6.24186,6.2753
6.24186,6.30971
6.24186,6.31328
6.24186,6.49053
6.24186,6.47448
6.24186,6.33938
6.24186,6.45875
6.24186,6.44982
6.24186,6.42578
6.24186,6.30842
6.24186,6.27018
6.24186,6.38086
6.24186,6.30248
6.24186,6.52188
6.24186,6.44077
6.24186,6.55245
6.24186,6.26727
6.24186,6.25639
6.24186,6.26024
6.24186,6.35507
6.24186,6.28477
6.24186,6.37828
6.24186,6.36139
6.24186,6.27917
6.24186,6.34875
6.24186,6.30916
6.24186,6.52613
6.24186,6.2923
6.24186,6.35848
6.24186,6.36267
6.24186,6.31783
6.24186,6.26012
6.24186,6.3128
6.24186,6.27892
6.24186,6.51792
6.24186,6.24563
6.24186,6.31394
6.24186,6.32377
6.24186,6.28427
6.24186,6.32147
6.24186,6.33112
6.24186,6.30433
6.24186,6.39096
6.24186,6.30859
6.24186,6.35446
6.24186,6.33037
6.24186,6.32707
6.24186,6.33995
6.24186,6.36601
6.24186,6.30413
6.24186,6.27356
6.24186,6.47498
6.24186,6.42215
6.24186,6.27788
6.24186,6.37808
6.24186,6.26948
6.24186,6.40046
6.24186,6.29218
6.24186,6.25289
6.24186,6.41176
6.24186,6.29413
6.24186,6.35279
6.24186,6.30165
6.24186,6.32895
6.24186,6.30184
6.24186,6.27365
6.24186,6.41501
6.24186,6.3655
6.24186,6.31304
6.24186,6.32195
6.24186,6.29776
6.24186,6.29096
6.24186,6.36993
6.24186,6.26612
6.24186,6.3491
6.24186,6.51016
6.24186,6.35637
6.24186,6.30455
6.24186,6.27497
6.24186,6.52495
6.24186,6.37684
6.24186,6.48388
6.24186,6.28402
6.24186,6.28669
6.24186,6.33606
6.24186,6.27655
6.24186,6.26804
6.24186,6.28458
6.24186,6.29186
6.24186,6.32423
6.24186,6.26659
6.24186,6.30168
6.24186,6.29748
6.24186,6.25642
6.24186,6.3163
6.24186,6.31189
6.24186,6.2992
6.24186,6.32723
6.24186,6.39125
6.24186,6.30672
6.24186,6.3963
6.24186,6.34516
6.24186,6.28979
6.24186,6.24387
6.24186,6.32217
6.24186,6.27566
6.24186,6.34088
6.24186,6.28934
6.24186,6.37961
6.24186,6.33576
6.24186,6.34325
6.24186,6.42742
6.24186,6.34231
6.24186,6.26762
6.24186,6.89216
6.24186,6.38121
6.24186,6.29927
6.24186,6.37664
6.24186,6.2842
6.24186,6.31012
6.24186,6.34525
6.24186,6.39088
6.24186,6.36276
6.24186,6.34421
6.24186,6.37719
6.24186,6.30889
6.24186,6.27098
6.24186,6.34716
6.24186,6.31803
6.24186,6.35373
6.24186,6.28443
6.24186,6.33088
6.24186,6.3554
6.24186,6.30076
6.24186,6.32419
6.24186,6.318
6.24186,6.269
6.24186,6.34645
6.24186,6.29783
6.24186,6.28617
6.24186,6.29326
6.24186,6.406
6.24186,6.38274
6.24186,6.27424
6.24186,6.42003
6.24186,6.46932
6.24186,6.3139
6.24186,6.37231
6.24186,6.53911
6.24186,6.45025
6.24186,6.56999
6.24186,6.40459
6.24186,6.26312
6.24186,6.44371
6.24186,6.34103
6.24186,6.28586
6.24186,6.25229
6.24186,6.28371
6.24186,6.33544
6.24186,6.29271
6.24186,6.26919
6.24186,6.32665
6.24186,6.32848
6.24186,6.25409
6.24186,6.26889
6.24186,6.33366
6.24186,6.35037
6.24186,6.39087
6.24186,6.30181
6.24186,6.51101
6.24186,6.37185
6.24186,6.38068
6.24186,6.31264
6.24186,6.27468
6.24186,6.32392
6.24186,6.32044
6.24186,6.29058
6.24186,6.29139
6.24186,6.33106
6.24186,6.43104
6.24186,6.2922
6.24186,6.28314
6.24186,6.27555
6.24186,6.29813
6.24186,6.71604
6.24186,6.24355
6.24186,6.27634
6.24186,6.26726
6.24186,6.37231
6.24186,6.43964
6.24186,6.32962
6.24186,6.47964
6.24186,6.33373
6.24186,6.24363
6.24186,6.40204
6.24186,6.41638
6.24186,6.29101
6.24186,6.32323
6.24186,6.44606
6.24186,6.31698
6.24186,6.38437
6.24186,6.26032
6.24186,6.32686
6.24186,6.29713
6.24186,6.32168
6.24186,6.25416
6.24186,6.53149
6.24186,6.40742
6.24186,6.32721
6.24186,6.3871
6.24186,6.31011
6.24186,6.31913
6.24186,6.30642
6.24186,6.29094
6.24186,6.46859
6.24186,6.28066
6.24186,6.28667
6.24186,6.26814
6.24186,6.24297
6.24186,6.31859
6.24186,6.33103
6.24186,6.41448
6.24186,6.34417
6.24186,6.2883
6.24186,6.28891
6.24186,6.28695
6.24186,6.29103
6.24186,6.35114
6.24186,6.36408
6.24186,6.28406
6.24186,6.26224
6.24186,6.40961
6.24186,6.27355
6.24186,6.3334
6.24186,6.28468
6.24186,6.25821
6.24186,6.31664
6.24186,6.31258
6.24186,6.35226
6.24186,6.37818
6.24186,6.41435
6.24186,6.24277
6.24186,6.43999
6.24186,6.33003
6.24186,6.32149
6.24186,6.32901
6.24186,6.27015
6.24186,6.27067
6.24186,6.39222
6.24186,6.49342
6.24186,6.33965
6.24186,6.34857
6.24186,6.34364
6.24186,6.27057
6.24186,6.5216
6.24186,6.43328
6.24186,6.37775
6.24186,6.3158
6.24186,6.46269
6.24186,6.34403
6.24186,6.29454
6.24186,6.30729
6.24186,6.33695
6.24186,6.2609
6.24186,6.34194
6.24186,6.28552
6.24186,6.3074
6.24186,6.36855
6.24186,6.32273
6.24186,6.30448
6.24186,6.29056
6.24186,6.42782
6.24186,6.40225
6.24186,6.29025
6.24186,6.30282
6.24186,6.28557
6.24186,6.35063
6.24186,6.32049
6.24186,6.33497
6.24186,6.33896
6.24186,6.28761
6.24186,6.60411
6.24186,6.53023
6.24186,6.3378
6.24186,6.32035
6.24186,6.35526
6.24186,6.30393
6.24186,6.3329
6.24186,6.3183
6.24186,6.26396
6.24186,6.40735
6.24186,6.40592
6.24186,6.29869
6.24186,6.31085
6.24186,6.36498
6.24186,6.28571
6.24186,6.2875
6.24186,6.33051
6.24186,6.45504
6.24186,6.37737
6.24186,6.45144
6.24186,6.29762
6.24186,6.33177
6.24186,6.39584
6.24186,6.31329
6.24186,6.30176
6.24186,6.38636
6.24186,6.28583
6.24186,6.42814
6.24186,6.32542
6.24186,6.31472
6.24186,6.29762
6.24186,6.41922
6.24186,6.32339
6.24186,6.33489
6.24186,6.29299
6.24186,6.31973
6.24186,6.27755
6.24186,6.29232
6.24186,6.33811
6.24186,6.29907
6.24186,6.40612
6.24186,6.47643
6.24186,6.34711
6.24186,6.29767
6.24186,6.39343
6.24186,6.27614
6.24186,6.27647
6.24186,6.48553
6.24186,6.42406
6.24186,6.50303
6.24186,6.29302
6.24186,6.33529
6.24186,6.34019
6.24186,6.39474
6.24186,6.2988
6.24186,6.44485
6.24186,6.29062
6.24186,6.50395
6.24186,6.27525
6.24186,6.37501
6.24186,6.3022
6.24186,6.28691
6.24186,6.27303
6.24186,6.56326
6.24186,6.50407
6.24186,6.30066
6.24186,6.31947
6.24186,6.3418
6.24186,6.25068
6.24186,6.2714
6.24186,6.29487
6.24186,6.39692
6.24186,6.46094
6.24186,6.36148
6.24186,6.31774
6.24186,6.29617
6.24186,6.36062
6.24186,6.31641
6.24186,6.27085
6.24186,6.37369
6.24186,6.27067
6.24186,6.29086
6.24186,6.31762
6.24186,6.27404
6.24186,6.40365
6.24186,6.2844
6.24186,6.54177
6.24186,6.25603
6.24186,6.26389
6.24186,6.56395
6.24186,6.52892
6.24186,6.35046
6.24186,6.38142
6.24186,6.4088
6.24186,6.43281
6.24186,6.28569
6.24186,6.24685
6.24186,6.298
6.24186,6.31512
6.24186,6.26497
6.24186,6.60608
6.24186,6.30793
6.24186,6.37728
6.24186,6.29708
6.24186,6.38041
6.24186,6.33237
6.24186,6.39405
6.24186,6.32163
6.24186,6.33637
6.24186,6.29041
6.24186,6.55025
6.24186,6.34018
6.24186,6.31804
6.24186,6.31627
6.24186,6.51832
6.24186,6.36958
6.24186,6.38051
6.24186,6.34317
6.24186,6.36499
6.24186,6.2632
6.24186,6.29514
6.24186,6.28116
6.24186,6.31113
6.24186,6.24186
6.24186,6.28696
6.24186,6.24186
6.24186,6.42871
6.24186,6.3404
6.24186,6.29838
6.24186,6.27297
6.24186,6.30116
6.24186,6.29021
6.24186,6.29658
6.24186,6.53152
6.24186,6.27091
6.24186,6.28367
6.24186,6.32317
6.24186,6.27838
6.24186,6.38659
6.24186,6.25119
6.24186,6.33543
6.24186,6.67842
6.24186,6.28616
6.24186,6.29243
6.24186,6.25511
6.24186,6.39136
6.24186,6.27827
6.24186,6.27873
6.24186,6.25992
6.24186,6.43709
6.24186,6.36827
6.24186,6.28311
6.24186,6.30968
6.24186,6.30325
6.24186,6.25625
6.24186,6.28968
6.24186,6.34972
6.24186,6.29097
6.24186,6.48213
6.24186,6.356
6.24186,6.46137
6.24186,6.34333
6.24186,6.31295
6.24186,6.27538
6.24186,6.35649
6.24186,6.47255
6.24186,6.52161
6.24186,6.24186
6.24186,6.6446
6.24186,6.31659
6.24186,6.30045
6.24186,6.41662
6.24186,6.30421
6.24186,6.83639
6.24186,6.30789
6.24186,6.39541
6.24186,6.34216
6.24186,6.40773
6.24186,6.35192
6.24186,6.2739
6.24186,6.38636
6.24186,6.32468
6.24186,6.34865
6.24186,6.30227
6.24186,6.27312
6.24186,6.3675
6.24186,6.28747
6.24186,6.3202
6.24186,6.41727
6.24186,6.27459
6.24186,6.3135
6.24186,6.30155
6.24186,6.37226
6.24186,6.25614
6.24186,6.30275
6.24186,6.31262
6.24186,6.28145
6.24186,6.28804
6.24186,6.3134
6.24186,6.31555
6.24186,6.322
6.24186,6.39781
6.24186,6.41224
6.24186,6.41891
6.24186,6.48042
6.24186,6.3967
6.24186,6.24871
6.24186,6.48069
6.24186,6.25886
6.24186,6.36092
6.24186,6.37311
6.24186,6.29421
6.24186,6.29134
6.24186,6.42266
6.24186,6.34444
6.24186,6.37043
6.24186,6.40709
6.24186,6.3455
6.24186,6.45257
6.24186,6.27777
6.24186,6.31505
6.24186,6.39146
6.24186,6.2979
6.24186,6.36856
6.24186,6.27407
6.24186,6.39482
6.24186,6.27457
6.24186,6.27613
6.24186,6.29836
6.24186,6.27202
6.24186,6.29321
6.24186,6.35951
6.24186,6.31855
6.24186,6.48509
6.24186,6.38234
6.24186,6.31669
6.24186,6.41965
6.24186,6.28325
6.24186,6.31221
6.24186,6.29111
6.24186,6.24506
6.24186,6.50857
6.24186,6.40557
6.24186,6.45091
6.24186,6.39721
6.24186,6.27709
6.24186,6.34031
6.24186,6.70483
6.24186,6.286
6.24186,6.26341
6.24186,6.29135
6.24186,6.54172
6.24186,6.38579
6.24186,6.60183
6.24186,6.36924
6.24186,6.3024
6.24186,6.32737
6.24186,6.35675
6.24186,6.27954
6.24186,6.48893
6.24186,6.31484
6.24186,6.31766
6.24186,6.50853
6.24186,6.36487
6.24186,6.29132
6.24186,6.32862
6.24186,6.34805
6.24186,6.2754
6.24186,6.26988
6.24186,6.40651
6.24186,6.39363
6.24186,6.62223
6.24186,6.4254
6.24186,6.46704
6.24186,6.29861
6.24186,6.3166
6.24186,6.34752
6.24186,6.42071
6.24186,6.26186
6.24186,6.31503
6.24186,6.29367
6.24186,6.2615
6.24186,6.35059
6.24186,6.50174
6.24186,6.4029
6.24186,6.38284
6.24186,6.32394
6.24186,6.34719
6.24186,6.38039
6.24186,6.29817
6.24186,6.45372
6.24186,6.33771
6.24186,6.4276
6.24186,6.37783
6.24186,6.28231
6.24186,6.34736
6.24186,6.34261
6.24186,6.30412
6.24186,6.39487
6.24186,6.38433
6.24186,6.30382
6.24186,6.2849
6.24186,6.2784
6.24186,6.30327
6.24186,6.32427
6.24186,6.29144
6.24186,6.29752
6.24186,6.35117
6.24186,6.29669
6.24186,6.28261
6.24186,6.39313
6.24186,6.30291
6.24186,6.42031
6.24186,6.32158
6.24186,6.34477
6.24186,6.27562
6.24186,6.32773
6.24186,6.35019
6.24186,6.35582
6.24186,6.30244
6.24186,6.31085
6.24186,6.28584
6.24186,6.30546
6.24186,6.39056
6.24186,6.35554
6.24186,6.36539
6.24186,6.4568
6.24186,6.29083
6.24186,6.54939
6.24186,6.36095
6.24186,6.29328
6.24186,6.254
6.24186,6.33914
6.24186,6.44178
6.24186,6.27899
6.24186,6.28594
6.24186,6.36218
6.24186,6.29788
6.24186,6.24597
6.24186,6.39716
6.24186,6.28361
6.24186,6.2876
6.24186,6.3307
6.24186,6.35325
6.24186,6.36838
6.24186,6.28438
6.24186,6.30886
6.24186,6.2815
6.24186,6.37465
6.24186,6.3625
6.24186,6.30988
6.24186,6.4632
6.24186,6.31385
6.24186,6.25101
6.24186,6.39957
6.24186,6.27736
6.24186,6.59408
6.24186,6.3994
6.24186,6.26912
6.24186,6.38374
6.24186,6.42919
6.24186,6.29818
6.24186,6.32089
6.24186,6.31499
6.24186,6.39571
6.24186,6.31289
6.24186,6.52098
6.24186,6.47334
6.24186,6.28686
6.24186,6.29831
6.24186,6.33188
6.24186,6.34653
6.24186,6.54029
6.24186,6.29014
6.24186,6.31517
6.24186,6.44544
6.24186,6.50107
6.24186,6.35909
6.24186,6.36225
6.24186,6.39705
6.24186,6.30652
6.24186,6.31551
6.24186,6.33835
6.24186,6.48757
6.24186,6.34292
6.24186,6.30138
6.24186,6.43488
6.24186,6.33373
6.24186,6.33805
6.24186,6.33674
6.24186,6.29697
6.24186,6.30379
6.24186,6.36085
6.24186,6.53504
6.24186,6.48423
6.24186,6.28845
6.24186,6.44564
6.24186,6.51296
6.24186,6.29746
6.24186,6.28866
6.24186,6.24632
6.24186,6.255
6.24186,6.34903
6.24186,6.33453
6.24186,6.3793
6.24186,6.44276
6.24186,6.28616
6.24186,6.27783
6.24186,6.35466
6.24186,6.51098
6.24186,6.30657
6.24186,6.33502
6.24186,6.26983
6.24186,6.29973
6.24186,6.36933
6.24186,6.25855
6.24186,6.37379
6.24186,6.25295
6.24186,6.30686
6.24186,6.39997
6.24186,6.42481
6.24186,6.31798
6.24186,6.34297
6.24186,6.31483
6.24186,6.35272
6.24186,6.32682
6.24186,6.28054
6.24186,6.32305
6.24186,6.43313
6.24186,6.56134
6.24186,6.28167
6.24186,6.38421
6.24186,6.3694
6.24186,6.27396
6.24186,6.29783
6.24186,6.30268
6.24186,6.32169
6.24186,6.43195
6.24186,6.26453
6.24186,6.29811
6.24186,6.31088
6.24186,6.53983
6.24186,6.29833
6.24186,6.52107
6.24186,6.69507
6.24186,6.36518
6.24186,6.33929
6.24186,6.42422
6.24186,6.26455
6.24186,6.2777
6.24186,6.41303
6.24186,6.2842
6.24186,6.2985
6.24186,6.32346
6.24186,6.33127
6.24186,6.47153
6.24186,6.34429
6.24186,6.28098
6.24186,6.45541
6.24186,6.32308
6.24186,6.43733
6.24186,6.29253
6.24186,6.30877
6.24186,6.41446
6.24186,6.30057
6.24186,6.35826
6.24186,6.28191
6.24186,6.28637
6.24186,6.25524
6.24186,6.35473
6.24186,6.36241
6.24186,6.33724
6.24186,6.3414
6.24186,6.28834
6.24186,6.36176
6.24186,6.36885
6.24186,6.33288
6.24186,6.29681
6.24186,6.35852
6.24186,6.37256
6.24186,6.43843
6.24186,6.30757
6.24186,6.37312
6.24186,6.4608
6.24186,6.27656
6.24186,6.38337
6.24186,6.31558
6.24186,6.46379
6.24186,6.27233
6.24186,6.32168
6.24186,6.3677
6.24186,6.26745
6.24186,6.28741
6.24186,6.69103
6.24186,6.36924
6.24186,6.31958
6.24186,6.35243
6.24186,6.36678
6.24186,6.29418
6.24186,6.3396
6.24186,6.33823
6.24186,6.38162
6.24186,6.30047
6.24186,6.3081
6.24186,6.27189
6.24186,6.40627
6.24186,6.50948
6.24186,6.53313
6.24186,6.32315
6.24186,6.30108
6.24186,6.53347
6.24186,6.39468
6.24186,6.31007
6.24186,6.31836
6.24186,6.43532
6.24186,6.37389
6.24186,6.304
6.24186,6.28023
6.24186,6.38969
6.24186,6.27666
6.24186,6.38948
6.24186,6.42605
6.24186,6.31399
6.24186,6.32562
6.24186,6.49176
6.24186,6.27147
6.24186,6.34002
6.24186,6.42872
6.24186,6.30206
6.24186,6.31554
6.24186,6.30378
6.24186,6.27395
6.24186,6.26003
6.24186,6.26625
6.24186,6.32974
6.24186,6.30258
6.24186,6.37211
6.24186,6.31693
6.24186,6.26604
6.24186,6.32167
6.24186,6.29816
6.24186,6.35024
6.24186,6.2847
6.24186,6.24962
6.24186,6.36559
6.24186,6.28869
6.24186,6.29316
6.24186,6.47941
6.24186,6.64454
6.24186,6.3046
6.24186,6.30796
6.24186,6.2582
6.24186,6.28724
6.24186,6.37782
6.24186,6.31604
6.24186,6.29077
6.24186,6.30235
6.24186,6.50819
6.24186,6.27328
6.24186,6.31493
6.24186,6.32472
6.24186,6.29872
6.24186,6.26148
6.24186,6.32828
6.24186,6.28882
6.24186,6.49564
6.24186,6.28648
6.24186,6.40489
6.24186,6.33412
6.24186,6.29506
6.24186,6.28832
6.24186,6.43916
6.24186,6.30195
6.24186,6.38446
6.24186,6.31246
6.24186,6.29552
6.24186,6.45232
6.24186,6.31051
6.24186,6.30077
6.24186,6.36307
6.24186,6.32704
6.24186,6.31103
6.24186,6.38369
6.24186,6.31048
6.24186,6.27634
6.24186,6.3258
6.24186,6.37615
6.24186,6.43041
6.24186,6.35876
6.24186,6.26261
6.24186,6.30025
6.24186,6.29545
6.24186,6.24742
6.24186,6.31551
6.24186,6.25983
6.24186,6.26258
6.24186,6.29878
6.24186,6.31632
6.24186,6.27892
6.24186,6.25612
6.24186,6.46581
6.24186,6.33493
6.24186,6.41102
6.24186,6.42427
6.24186,6.44103
6.24186,6.44674
6.24186,6.52524
6.24186,6.35084
6.24186,6.34819
6.24186,6.2894
6.24186,6.31929
6.24186,6.33602
6.24186,6.30143
6.24186,6.44576
6.24186,6.29436
6.24186,6.33587
6.24186,6.45894
6.24186,6.2872
6.24186,6.38626
6.24186,6.29511
6.24186,6.29295
6.24186,6.41759
6.24186,6.34547
6.24186,6.29039
6.24186,6.24961
6.24186,6.39382
6.24186,6.38238
6.24186,6.27581
6.24186,6.62321
6.24186,6.4341
6.24186,6.32275
6.24186,6.63558
6.24186,6.32663
6.24186,6.38451
6.24186,6.42073
6.24186,6.29224
6.24186,6.30994
6.24186,6.71139
6.24186,6.30147
6.24186,6.34418
6.24186,6.31271
6.24186,6.323
6.24186,6.35581
6.24186,6.26416
6.24186,6.33815
6.24186,6.4276
6.24186,6.34803
6.24186,6.46378
6.24186,6.29273
6.24186,6.33805
6.24186,6.36122
6.24186,6.29174
6.24186,6.32386
6.24186,6.34462
6.24186,6.27772
6.24186,6.29608
6.24186,6.26624
6.24186,6.34526
6.24186,6.52399
6.24186,6.53479
6.24186,6.32942
6.24186,6.27029
6.24186,6.32757
6.24186,6.28362
6.24186,6.27577
6.24186,6.38565
6.24186,6.44896
6.24186,6.33241
6.24186,6.36267
6.24186,6.4439
6.24186,6.39221
6.24186,6.43671
6.24186,6.35448
6.24186,6.48095
6.24186,6.30155
6.24186,6.4821
6.24186,6.31877
6.24186,6.29451
6.24186,6.29797
6.24186,6.25862
6.24186,6.29746
6.24186,6.33406
6.24186,6.36413
6.24186,6.44255
6.24186,6.24882
6.24186,6.30011
6.24186,6.29181
6.24186,6.32332
6.24186,6.48812
6.24186,6.31235
6.24186,6.45863
6.24186,6.25842
6.24186,6.32653
6.24186,6.33626
6.24186,6.62168
6.24186,6.71649
6.24186,6.3105
6.24186,6.33224
6.24186,6.36451
6.24186,6.36641
6.24186,6.44668
6.24186,6.30535
6.24186,6.33589
6.24186,6.30824
6.24186,6.42705
6.24186,6.29931
6.24186,6.39264
6.24186,6.40604
6.24186,6.51814
6.24186,6.3981
6.24186,6.37931
6.24186,6.3215
6.24186,6.39977
6.24186,6.28819
6.24186,6.28716
6.24186,6.28726
6.24186,6.27504
6.24186,6.32303
6.24186,6.29238
6.24186,6.37076
6.24186,6.51897
6.24186,6.27249
6.24186,6.31146
6.24186,6.32545
6.24186,6.27388
6.24186,6.30846
6.24186,6.34787
6.24186,6.32796
6.24186,6.29254
6.24186,6.2646
6.24186,6.43456
6.24186,6.31609
6.24186,6.33705
6.24186,6.27523
6.24186,6.4774
6.24186,6.34072
6.24186,6.35138
6.24186,6.5381
6.24186,6.35339
6.24186,6.458
6.24186,6.31314
6.24186,6.37991
6.24186,6.28222
6.24186,6.47754
6.24186,6.31076
6.24186,6.38472
6.24186,6.36931
6.24186,6.41206
6.24186,6.29393
6.24186,6.31765
6.24186,6.29068
6.24186,6.33954
6.24186,6.32353
6.24186,6.33583
6.24186,6.33304
6.24186,6.395
6.24186,6.55886
6.24186,6.32723
6.24186,6.31267
6.24186,6.33053
6.24186,6.32659
6.24186,6.31038
6.24186,6.33026
6.24186,6.30367
6.24186,6.33079
6.24186,6.30206
6.24186,6.30137
6.24186,6.34931
6.24186,6.36123
6.24186,6.33329
6.24186,6.29159
6.24186,6.50598
6.24186,6.26732
6.24186,6.31538
6.24186,6.493
6.24186,6.49625
6.24186,6.41747
6.24186,6.37291
6.24186,6.30681
6.24186,6.24291
6.24186,6.30874
6.24186,6.28208
6.24186,6.31027
6.24186,6.4894
6.24186,6.38572
6.24186,6.33772
