31.7249,39.4599
28.8589,34.2849
26.512,31.1101
25.3383,28.4549
26.1817,27.0556
25.3931,26.5985
23.5753,25.7665
22.8318,23.6344
22.5738,23.2014
21.4444,22.8005
20.9175,22.06
20.3805,21.458
19.807,20.9526
19.5708,20.5294
19.469,20.2609
19.1382,19.7968
19.0913,19.982
19.2299,19.5679
18.7801,19.4427
18.4033,19.3031
18.0986,19.1939
18.0574,18.5342
17.0097,18.4988
17.3496,17.9841
17.0872,17.7166
17.0522,17.6557
17.0503,17.3388
16.9868,17.2896
16.9239,17.7271
16.945,17.3755
17.0241,17.0571
16.7312,17.0446
16.6297,17.4366
16.8182,17.1566
16.8407,17.1524
16.8381,16.9651
16.7482,17.0961
16.5477,16.8922
16.7294,16.921
15.9066,16.8691
16.4468,16.9027
16.4468,16.8035
16.3672,16.6593
16.4459,16.6922
16.4459,16.4518
16.4459,16.9949
16.0474,16.869
16.0571,16.5229
16.4459,16.7976
16.4459,16.7221
16.4272,16.5565
15.9748,16.7981
16.0571,16.6486
15.1296,16.118
15.3927,16.283
15.386,15.6245
15.388,15.4068
15.388,15.4554
14.5464,15.6356
15.388,15.9088
15.388,15.5734
15.362,15.6752
15.3869,15.802
15.2389,15.612
15.388,15.5195
15.3869,15.7764
15.0514,15.4399
15.3478,15.6846
15.3478,15.4954
15.3478,15.4491
15.3478,15.3767
14.5062,15.5172
15.3467,15.3516
15.3467,15.6186
15.3478,15.4985
14.5062,15.648
15.0885,15.6842
14.3315,15.4298
14.6569,15.334
14.1887,15.2197
12.6811,14.3458
11.899,13.799
11.7468,12.6132
11.6736,12.2406
11.6476,12.2082
11.6736,11.9169
11.6736,12.0161
11.6639,11.8698
11.6736,11.9288
11.6476,11.7858
11.6639,12.1424
11.6639,11.9338
11.5267,11.7639
11.5637,11.8234
11.5267,11.668
11.6379,12.2685
11.6379,11.6664
11.5007,11.9922
11.5007,11.8518
11.4687,11.7955
11.5007,11.6228
11.5007,11.6588
11.5007,11.5535
11.5007,11.6123
11.5007,11.8213
11.5007,11.7754
11.5007,11.5794
11.4005,11.5335
11.5007,11.7321
11.5007,11.7393
11.5007,11.6758
11.5007,11.5647
11.5007,11.8484
11.5007,11.8546
11.5007,11.7722
11.5007,11.6625
11.5007,11.5375
11.5007,11.8208
11.5007,11.6834
11.4687,11.6493
11.4005,11.7098
11.4005,11.6845
11.5007,11.5121
11.5007,12.2495
11.5007,11.5585
11.4005,11.7887
11.5007,12.1152
11.5007,11.5863
11.5007,11.7516
11.5007,11.797
11.4005,11.7663
11.4005,11.7398
11.5007,11.6788
11.5007,11.6208
11.5007,11.7121
11.5007,11.8809
11.4687,11.5529
11.5007,11.6685
11.4687,11.9332
11.4005,11.6348
11.4687,12.1272
11.4687,11.6921
11.4687,11.978
11.4687,11.7196
11.4687,11.5912
11.4687,11.6492
11.4687,11.871
11.4687,11.524
11.4687,11.4945
11.4687,11.5054
11.4687,12.0656
11.4687,12.1427
11.4687,11.7581
11.4687,11.9375
11.4687,11.8596
11.4687,11.5354
11.3685,11.6547
11.4687,11.6463
11.4687,11.4748
11.4687,11.5863
11.4687,11.7427
11.3685,11.5642
11.4687,11.6471
11.4687,11.6634
11.4687,11.5221
11.4687,11.8619
11.4687,11.56
11.4687,11.6453
11.4687,11.82
11.4687,11.7777
11.4687,11.5984
11.4687,11.7079
11.4687,11.9129
11.4687,11.5275
11.4687,11.4869
11.4687,11.8223
11.4687,11.6465
11.4687,11.4794
11.4687,12.0645
11.3685,11.6503
11.4687,11.475
11.4687,11.5639
11.3685,12.0035
11.4687,11.8851
11.4687,11.6993
11.4687,11.9132
11.4687,11.5942
11.4687,11.9195
11.4687,11.661
11.4687,11.5741
11.4687,11.7037
11.4687,11.5178
11.4687,11.6937
11.4687,11.685
11.4687,11.5003
11.3685,11.6711
11.4687,11.8501
11.4687,11.6927
11.4687,11.8998
11.4687,11.6487
11.3685,11.7269
11.4687,11.8666
11.4687,11.5088
11.4687,11.7347
11.4687,11.4934
11.4687,11.7306
11.4687,11.6465
11.4687,11.6449
11.4687,11.8806
11.4687,11.7359
11.4687,11.7125
11.4687,11.6213
11.4687,11.5402
11.4687,11.6384
11.3685,11.9617
11.4687,11.7865
11.4687,11.4718
11.4687,11.6069
11.4687,11.9695
11.4687,11.8227
11.4687,11.6086
11.4687,11.5198
11.3685,11.5524
11.4687,11.7396
11.4687,11.5402
11.4687,12.2039
11.4687,11.9228
11.3685,11.6911
11.4687,11.8373
11.4687,11.8463
11.4687,11.7979
11.4687,11.9795
11.3685,11.6557
11.4687,11.6893
11.4687,11.535
11.3685,11.7617
11.4687,11.7105
11.4687,11.6188
11.4687,11.7601
11.4687,11.7801
11.3685,11.6487
11.3685,11.5002
11.4687,11.5802
11.4687,11.67
11.4687,11.5863
11.4687,12.1236
11.3685,11.574
11.3685,11.7911
11.3685,11.4649
11.3685,11.7073
11.3685,11.6914
11.3685,11.6183
11.3685,11.607
11.3685,11.4806
11.3685,11.4329
11.3685,11.6848
11.3685,11.7986
11.3685,11.6971
11.3685,12.0626
11.3685,11.6958
11.3685,11.6984
11.3685,11.3873
11.3685,11.691
11.3685,11.4825
11.3685,12.0586
11.3685,11.8163
11.3685,11.7351
11.3685,11.6649
11.3685,11.5935
11.3685,11.7053
11.3685,11.6067
11.3685,11.6596
11.3685,11.5357
11.3685,11.4989
11.3685,11.5801
11.3685,11.4188
11.3685,11.5602
11.3685,11.4342
11.3685,11.5685
11.3685,11.4853
11.3685,11.5938
11.3685,11.4286
11.3685,11.5237
11.3685,11.547
11.3685,11.5727
11.3685,11.5387
11.3685,12.2388
11.3685,11.4319
11.3685,11.623
11.3685,11.526
11.3685,11.6081
11.3685,11.6195
11.3685,11.6154
11.3685,11.3825
11.3685,11.6156
11.3685,11.6421
11.3685,11.4634
11.3685,11.56
11.3685,11.6362
11.3685,11.3861
11.3685,11.7126
11.3685,11.842
11.3685,11.699
11.3685,11.8502
11.3685,11.7585
11.3685,11.6632
11.3685,11.8403
11.3685,11.4226
11.3685,11.6116
11.3685,11.8606
11.3685,11.5801
11.3685,11.6451
11.3685,11.4164
11.3685,11.7072
11.3685,11.6494
11.3685,11.9124
11.3685,11.3887
11.3685,11.712
11.3685,11.4813
11.3685,11.8315
11.3685,11.4481
11.3685,11.58
11.3685,11.623
11.3685,11.7356
11.3685,11.5003
11.3685,11.6067
11.3685,11.6443
11.3685,11.678
11.3685,11.4124
11.3685,11.8318
11.3685,11.5201
11.3685,11.6315
11.3685,11.5729
11.3685,11.46
11.3685,11.5145
11.3685,11.5656
11.3685,11.4983
11.3685,11.5449
11.3685,11.4678
11.3685,11.8599
11.3685,11.5911
11.3685,11.4719
11.3685,11.4681
11.3685,11.7437
11.3685,11.8346
11.3685,11.5738
11.3685,11.5453
11.3685,11.4966
11.3685,11.6998
11.3685,11.4966
11.3685,11.5479
11.3685,11.5772
11.3685,11.5004
11.3685,11.7021
11.3685,11.5569
11.3685,11.9753
11.3685,11.5587
11.3685,11.4638
11.3685,11.6094
11.3685,11.5918
11.3685,11.7063
11.3685,11.693
11.3685,11.7291
11.3685,11.5684
11.3685,12.0344
11.3685,11.5217
11.3685,11.6212
11.3685,11.7286
11.3685,11.7925
11.3685,11.5183
11.3685,11.661
11.3685,11.6432
11.3685,11.7796
11.3685,11.4472
11.3685,11.7929
11.3685,11.6473
11.3685,11.5736
11.3685,11.6226
11.3685,11.7277
11.3685,11.5012
11.3685,11.4571
11.3685,11.4544
11.3685,11.6886
11.3685,11.6606
11.3685,11.5258
11.3685,12.152
11.3685,11.4756
11.3685,11.5313
11.3685,11.7724
11.3685,11.4627
11.3685,11.5968
11.3685,11.7285
11.3685,11.6056
11.3685,11.587
11.3685,11.4129
11.3685,11.531
11.3685,12.04
11.3685,11.6573
11.3685,12.1181
11.3685,11.5924
11.3685,11.6993
11.3685,12.0835
11.3685,11.6209
11.3685,11.4564
11.3685,11.4848
11.3685,11.4678
11.3685,11.6307
11.3685,11.4084
11.3685,11.4432
11.3685,11.4737
11.3685,11.5072
11.3685,11.4268
11.3685,11.5446
11.3685,11.4869
11.3685,11.8032
11.3685,11.4397
11.3685,11.4952
11.3685,11.7457
11.3685,11.7144
11.3685,11.7154
11.3685,11.9449
11.3685,11.8013
11.3685,11.6537
11.3685,11.3728
11.3685,11.5357
11.3685,12.0539
11.3685,11.4157
11.3685,11.8712
11.3685,11.5885
11.3685,11.6899
11.3685,11.6756
11.3685,11.5254
11.3685,11.3937
11.3685,11.8598
11.3685,11.7334
11.3685,11.3699
11.3685,11.6345
11.3685,11.5074
11.3685,11.8599
11.3685,12.1043
11.3685,11.7077
11.3685,11.5001
11.3685,11.4144
11.3685,11.7078
11.3685,11.7945
11.3685,11.542
11.3685,11.5751
11.3685,11.4068
11.3685,11.3854
11.3685,11.8105
11.3685,11.4139
11.3685,11.6406
11.3685,11.6825
11.3685,11.9944
11.3685,11.7439
11.3685,11.6306
11.3685,11.4774
11.3685,11.4493
11.3685,11.5374
11.3685,11.8239
11.3685,11.5105
11.3685,12.1072
11.3685,11.715
11.3685,11.541
11.3685,11.4766
11.3685,11.6291
11.3685,11.7132
11.3685,11.4692
11.3685,11.7384
11.3685,11.5681
11.3685,11.9908
11.3685,11.7207
11.3685,11.4889
11.3685,11.7266
11.3685,11.3842
11.3685,11.398
11.3685,11.5342
11.3685,11.7007
11.3685,11.5723
11.3685,11.5691
11.3685,11.7009
11.3685,11.4575
11.3685,11.5457
11.3685,11.4655
11.3685,11.7516
11.3685,11.6801
11.3685,11.5119
11.3685,11.6245
11.3685,11.4994
11.3685,11.4916
11.3685,11.9389
11.3685,11.5566
11.3685,11.4296
11.3685,11.9644
11.3685,11.9381
11.3685,11.4765
11.3685,11.4693
11.3685,11.7806
11.3685,11.6307
11.3685,11.5005
11.3685,11.5212
11.3685,11.9997
11.3685,11.6478
11.3685,11.9048
11.3685,11.7283
11.3685,12.0381
11.3685,11.4663
11.3685,11.8908
11.3685,11.4328
11.3685,11.7089
11.3685,11.4288
11.3685,11.8664
11.3685,11.5367
11.3685,11.3973
11.3685,11.9443
11.3685,11.6949
11.3685,11.9011
11.3685,11.7432
11.3685,11.7035
11.3685,12.1618
11.3685,11.8706
11.3685,11.632
11.3685,11.4425
11.3685,11.5333
11.3685,11.5675
11.3685,11.6055
11.3685,11.8435
11.3685,11.5688
11.3685,11.6704
11.3685,11.5253
11.3685,11.4518
11.3685,11.4071
11.3685,11.3696
11.3685,11.3685
11.3685,11.3727
11.3685,11.5183
11.3685,11.8024
11.3685,11.6614
11.3685,11.6766
11.3685,11.5913
11.3685,11.5626
11.3685,11.7519
11.3685,11.5679
11.3685,11.663
11.3685,11.6682
11.3685,12.2239
11.3685,11.4079
11.3685,11.8021
11.3685,11.5718
11.3685,11.7227
11.3685,11.7402
11.3685,11.4697
11.3685,11.4649
11.3685,11.8741
11.3685,11.6902
11.3685,11.6258
11.3685,11.5443
11.3685,11.8384
11.3685,11.5426
11.3685,11.6424
11.3685,11.9288
11.3685,12.048
11.3685,11.4841
11.3685,11.3733
11.3685,11.7553
11.3685,11.6386
11.3685,11.5279
11.3685,11.4533
11.3685,11.725
11.3685,11.8264
11.3685,11.5183
11.3685,11.8346
11.3685,11.5754
11.3685,11.5823
11.3685,11.7584
11.3685,11.4328
11.3685,11.4684
11.3685,11.6337
11.3685,11.4043
11.3685,11.5233
11.3685,11.4383
11.3685,11.6657
11.3685,11.6188
11.3685,11.8329
11.3685,11.5317
11.3685,11.5153
11.3685,11.7353
11.3685,11.7462
11.3685,11.5481
11.3685,11.9759
11.3685,11.4459
11.3685,11.6554
11.3685,11.8631
11.3685,11.564
11.3685,11.5466
11.3685,11.4616
11.3685,11.704
11.3685,11.9383
11.3685,11.6756
11.3685,11.969
11.3685,11.6459
11.3685,11.5334
11.3685,11.4511
11.3685,11.4411
11.3685,11.4652
11.3685,11.7248
11.3685,11.6021
11.3685,11.4337
11.3685,11.5181
11.3685,11.5657
11.3685,11.5851
11.3685,11.7034
11.3685,11.8509
11.3685,11.4505
11.3685,11.8591
11.3685,11.627
11.3685,11.3768
11.3685,11.4873
11.3685,11.7928
11.3685,11.7972
11.3685,11.5175
11.3685,11.3747
11.3685,11.6785
11.3685,11.8742
11.3685,11.5219
11.3685,11.5447
11.3685,11.6065
11.3685,11.4826
11.3685,11.6637
11.3685,11.7776
11.3685,11.5098
11.3685,11.4474
11.3685,11.426
11.3685,11.6783
11.3685,11.6292
11.3685,11.4725
11.3685,11.4242
11.3685,11.8536
11.3685,12.1454
11.3685,11.665
11.3685,11.9278
11.3685,11.6001
11.3685,11.7442
11.3685,11.8047
11.3685,11.5759
11.3685,11.6893
11.3685,11.3953
11.3685,11.674
11.3685,11.5531
11.3685,11.3781
11.3685,11.7634
11.3685,11.9202
11.3685,11.6147
11.3685,11.7891
11.3685,11.8621
11.3685,11.5156
11.3685,11.7286
11.3685,11.6234
11.3685,11.7063
11.3685,11.855
11.3685,11.5088
11.3685,11.5946
11.3685,11.4525
11.3685,11.8648
11.3685,11.8047
11.3685,11.851
11.3685,11.5298
11.3685,11.665
11.3685,11.6291
11.3685,11.5258
11.3685,11.4779
11.3685,11.7099
11.3685,11.5515
11.3685,11.9255
11.3685,11.4829
11.3685,11.5771
11.3685,11.4235
11.3685,11.5485
11.3685,11.508
11.3685,12.002
11.3685,11.4277
11.3685,11.5456
11.3685,11.5221
11.3685,11.4153
11.3685,11.7681
11.3685,11.6738
11.3685,11.593
11.3685,11.4009
11.3685,11.9228
11.3685,11.7594
11.3685,11.5135
11.3685,11.5794
11.3685,11.3954
11.3685,11.4139
11.3685,11.3868
11.3685,11.6516
11.3685,11.4994
11.3685,11.7226
11.3685,11.563
11.3685,11.5018
11.3685,11.6243
11.3685,11.9029
11.3685,11.8127
11.3685,11.5331
11.3685,11.7423
11.3685,11.9368
11.3685,11.3915
11.3685,11.6186
11.3685,11.4969
11.3685,12.0126
11.3685,11.3728
11.3685,11.5794
11.3685,11.5987
11.3685,11.57
11.3685,11.6012
11.3685,11.5239
11.3685,11.4673
11.3685,11.6417
11.3685,11.6517
11.3685,11.477
11.3685,11.5182
11.3685,11.9835
11.3685,11.3929
11.3685,11.5574
11.3685,11.4172
11.3685,11.8177
11.3685,11.3686
11.3685,11.4629
11.3685,11.4442
11.3685,11.4859
11.3685,11.6024
11.3685,11.4866
11.3685,11.8969
11.3685,11.5314
11.3685,11.561
11.3685,11.6317
11.3685,11.7819
11.3685,11.8247
11.3685,11.4524
11.3685,11.5237
11.3685,11.9679
11.3685,11.5642
11.3685,11.5355
11.3685,11.4145
11.3685,11.8638
11.3685,11.5942
11.3685,11.7247
11.3685,11.527
11.3685,11.4497
11.3685,11.4453
11.3685,11.664
11.3685,11.4064
11.3685,11.3775
11.3685,11.5394
11.3685,11.5921
11.3685,11.6404
11.3685,11.7024
11.3685,11.8025
11.3685,11.4973
11.3685,11.5145
11.3685,11.9879
11.3685,11.7613
11.3685,11.8778
11.3685,11.7206
11.3685,11.6286
11.3685,12.0366
11.3685,12.0746
11.3685,11.6341
11.3685,11.6332
11.3685,11.4079
11.3685,11.7706
11.3685,11.6617
11.3685,11.4556
11.3685,11.4509
11.3685,11.4676
11.3685,11.8515
11.3685,11.7329
11.3685,11.4955
11.3685,11.5037
11.3685,11.5963
11.3685,11.5825
11.3685,11.7943
11.3685,11.5841
11.3685,11.4376
11.3685,11.4097
11.3685,11.3748
11.3685,11.8905
11.3685,11.5309
11.3685,11.4306
11.3685,11.7902
11.3685,11.4965
11.3685,11.7346
11.3685,11.8048
11.3685,11.4282
11.3685,11.784
11.3685,11.62
11.3685,11.5018
11.3685,11.5211
11.3685,11.5333
11.3685,11.447
11.3685,11.719
11.3685,11.8175
11.3685,11.3794
11.3685,11.836
11.3685,11.716
11.3685,11.4305
11.3685,11.6348
11.3685,11.9047
11.3685,11.5112
11.3685,11.5614
11.3685,11.5211
11.3685,11.4284
11.3685,11.7817
11.3685,11.7684
11.3685,11.711
11.3685,11.8419
11.3685,11.3875
11.3685,11.6078
11.3685,11.4166
11.3685,11.4701
11.3685,11.5278
11.3685,11.6693
11.3685,11.5839
11.3685,11.6496
11.3685,11.7759
11.3685,11.6637
11.3685,11.914
11.3685,11.4554
11.3685,11.7521
11.3685,11.4531
11.3685,11.4744
11.3685,11.6861
11.3685,11.5538
11.3685,11.555
11.3685,11.3753
11.3685,11.6324
11.3685,11.7029
11.3685,11.5267
11.3685,11.4352
11.3685,11.5873
11.3685,11.3829
11.3685,11.498
11.3685,11.5659
11.3685,11.6239
11.3685,11.68
11.3685,11.4581
11.3685,11.5306
11.3685,11.5214
11.3685,11.4674
11.3685,11.693
11.3685,11.659
11.3685,11.4691
11.3685,11.749
11.3685,11.4106
11.3685,11.7617
11.3685,11.6322
11.3685,11.5171
11.3685,11.4285
11.3685,11.4427
11.3685,11.5617
11.3685,11.4099
11.3685,11.5383
11.3685,11.372
11.3685,11.8188
11.3685,11.4514
11.3685,11.4271
11.3685,11.4299
11.3685,11.7323
11.3685,11.6172
11.3685,11.5632
11.3685,11.6099
11.3685,11.7602
11.3685,11.6726
11.3685,11.5219
11.3685,11.448
11.3685,11.9874
11.3685,11.5307
11.3685,11.5364
11.3685,11.6582
11.3685,11.4331
11.3685,11.584
11.3685,11.6809
11.3685,12.1893
11.3685,11.5337
11.3685,11.6325
11.3685,11.5406
11.3685,11.4425
11.3685,11.5679
11.3685,11.9776
11.3685,11.642
11.3685,11.5168
11.3685,11.7392
11.3685,11.6412
11.3685,11.6212
11.3685,11.8475
11.3685,11.4998
11.3685,11.5973
11.3685,11.5697
11.3685,11.5791
11.3685,11.3863
11.3685,11.4269
11.3685,11.3765
11.3685,11.8385
11.3685,11.8851
11.3685,11.482
11.3685,11.7151
11.3685,11.4335
11.3685,11.5384
11.3685,11.7456
11.3685,11.4969
11.3685,11.5156
11.3685,11.463
11.3685,11.5655
11.3685,11.422
11.3685,11.4679
11.3685,11.4801
11.3685,11.6896
11.3685,11.5711
11.3685,11.6616
11.3685,11.4292
11.3685,11.3912
11.3685,11.9714
11.3685,11.5135
11.3685,11.5078
11.3685,11.4585
11.3685,11.6892
11.3685,11.75
11.3685,11.5759
11.3685,11.4429
11.3685,11.8966
11.3685,11.8386
11.3685,11.5826
11.3685,11.5804
11.3685,11.8164
11.3685,11.4182
11.3685,11.7499
11.3685,11.4274
11.3685,11.5927
11.3685,12.1363
11.3685,11.4821
11.3685,11.5111
11.3685,11.9109
11.3685,11.4604
11.3685,11.5622
11.3685,11.5783
11.3685,11.4129
11.3685,11.5093
11.3685,11.5084
11.3685,11.5048
11.3685,11.6002
11.3685,11.6293
11.3685,12.3346
11.3685,11.6749
11.3685,11.5879
11.3685,11.6118
11.3685,11.4247
11.3685,11.3865
11.3685,11.6701
11.3685,11.5206
11.3685,11.823
11.3685,11.3921
11.3685,11.8115
11.3685,11.9166
11.3685,11.8834
11.3685,11.5223
11.3685,11.6192
11.3685,11.5085
11.3685,11.3825
11.3685,11.3941
11.3685,11.3937
11.3685,11.7901
11.3685,11.5432
11.3685,11.7477
11.3685,12.0211
11.3685,11.5781
11.3685,11.4197
11.3685,11.9748
11.3685,11.6422
11.3685,11.9168
11.3685,11.5494
11.3685,11.4721
11.3685,11.3756
11.3685,11.5758
11.3685,11.6968
11.3685,11.4536
11.3685,11.8614
11.3685,11.7629
11.3685,11.6848
11.3685,11.3986
11.3685,11.5674
11.3685,11.8567
11.3685,11.4979
11.3685,12.0136
11.3685,11.8534
11.3685,11.5409
11.3685,11.5399
11.3685,11.5557
11.3685,11.5184
11.3685,11.4897
11.3685,11.4236
11.3685,11.5341
11.3685,11.5995
11.3685,11.6221
11.3685,11.6694
11.3685,11.7789
11.3685,11.6848
11.3685,11.972
11.3685,11.4588
11.3685,11.4829
11.3685,11.8861
11.3685,11.5118
11.3685,11.729
11.3685,11.973
11.3685,11.4017
11.3685,11.7377
11.3685,11.9676
11.3685,11.7162
11.3685,11.6333
11.3685,11.369
11.3685,11.7219
11.3685,11.4959
11.3685,11.5667
11.3685,11.4607
11.3685,11.5293
11.3685,11.6031
11.3685,11.556
11.3685,11.5229
11.3685,12.0505
11.3685,11.8456
11.3685,11.5294
11.3685,11.684
11.3685,11.6636
11.3685,11.5474
11.3685,11.7478
11.3685,11.41
11.3685,12.0092
11.3685,11.5412
11.3685,11.5344
11.3685,11.6089
11.3685,11.6889
11.3685,11.4881
11.3685,11.6777
11.3685,11.4771
11.3685,11.7158
11.3685,11.5997
11.3685,11.6338
11.3685,11.4414
11.3685,11.4554
11.3685,11.7314
11.3685,11.8285
11.3685,11.9919
11.3685,11.5046
11.3685,11.5562
11.3685,11.8879
11.3685,11.5333
11.3685,11.6936
11.3685,11.7024
11.3685,11.6524
11.3685,12.0248
11.3685,11.8953
11.3685,11.8151
11.3685,11.6725
11.3685,11.5609
11.3685,11.3977
11.3685,11.4098
11.3685,11.644
11.3685,11.7174
11.3685,11.4365
11.3685,11.6202
11.3685,11.6171
11.3685,11.4089
11.3685,11.6323
11.3685,11.9793
11.3685,11.5163
11.3685,11.5732
11.3685,11.4947
11.3685,11.6037
11.3685,11.7595
11.3685,11.5092
11.3685,11.5247
11.3685,11.6588
11.3685,11.6146
11.3685,11.5454
11.3685,11.8627
11.3685,11.5929
11.3685,11.3815
11.3685,11.5743
11.3685,11.7053
11.3685,11.5512
11.3685,11.3701
11.3685,11.6258
11.3685,12.149
11.3685,11.4414
11.3685,11.6486
11.3685,11.5804
11.3685,11.3995
11.3685,11.4997
11.3685,11.6115
11.3685,11.5325
11.3685,11.4216
11.3685,11.8289
11.3685,11.6445
11.3685,11.5156
11.3685,11.47
11.3685,11.5907
11.3685,11.4975
11.3685,11.5586
11.3685,11.4992
11.3685,11.7395
11.3685,11.7709
11.3685,11.5206
11.3685,11.6467
11.3685,11.7209
11.3685,11.5521
11.3685,11.3686
11.3685,11.5015
11.3685,11.6153
11.3685,11.5931
11.3685,11.4736
11.3685,11.5386
11.3685,11.5635
11.3685,11.5575
11.3685,11.7191
11.3685,11.8093
11.3685,11.5744
11.3685,11.9769
11.3685,11.6958
11.3685,11.619
11.3685,11.6147
11.3685,11.5934
11.3685,11.6022
11.3685,11.5876
11.3685,11.5218
11.3685,11.9116
11.3685,11.715
11.3685,11.4831
11.3685,11.49
11.3685,11.6515
11.3685,11.8665
11.3685,11.4551
11.3685,11.6159
11.3685,11.5545
11.3685,11.4675
11.3685,11.4114
11.3685,11.6139
11.3685,11.4734
11.3685,11.8153
11.3685,11.6304
11.3685,11.5465
11.3685,11.4696
11.3685,12.0668
11.3685,11.7394
11.3685,11.5823
11.3685,11.9534
11.3685,11.3943
11.3685,11.4239
11.3685,11.6456
11.3685,11.3685
11.3685,11.544
11.3685,11.492
11.3685,11.5712
11.3685,11.7349
11.3685,11.8679
11.3685,11.616
11.3685,12.4368
11.3685,11.8151
11.3685,11.7569
11.3685,11.6717
11.3685,11.3866
11.3685,11.5562
11.3685,11.4332
11.3685,12.0266
11.3685,11.432
11.3685,11.5983
11.3685,11.4714
11.3685,11.7658
11.3685,11.9371
11.3685,11.5647
11.3685,11.4635
11.3685,11.4652
11.3685,11.5533
11.3685,11.6471
11.3685,11.7098
11.3685,11.5985
11.3685,11.6381
11.3685,11.4671
11.3685,11.7218
11.3685,11.7011
11.3685,11.7101
11.3685,11.4239
11.3685,11.6004
11.3685,11.8094
11.3685,11.8679
11.3685,11.974
11.3685,11.7451
11.3685,11.7719
11.3685,11.5317
11.3685,11.8293
11.3685,11.8001
11.3685,11.3888
11.3685,11.9601
11.3685,11.6517
11.3685,11.6167
11.3685,11.4733
11.3685,11.4567
11.3685,11.4028
11.3685,11.904
11.3685,11.4404
11.3685,11.6463
11.3685,11.5737
11.3685,11.5327
11.3685,11.4841
11.3685,11.5543
11.3685,11.648
11.3685,11.6393
11.3685,11.7844
11.3685,11.4458
11.3685,11.4362
11.3685,11.5842
11.3685,11.6451
11.3685,11.5378
11.3685,11.5443
11.3685,11.6588
11.3685,11.4312
11.3685,11.577
11.3685,11.4361
11.3685,11.5124
11.3685,11.8027
11.3685,11.7887
11.3685,11.7593
11.3685,11.4737
11.3685,11.5752
11.3685,11.7459
11.3685,11.5719
11.3685,11.6519
11.3685,11.5126
11.3685,11.4553
11.3685,11.713
11.3685,11.7809
11.3685,11.4199
11.3685,11.6452
11.3685,11.8082
11.3685,11.4954
11.3685,11.4357
11.3685,11.4311
11.3685,11.4524
11.3685,11.6181
11.3685,12.1663
11.3685,11.5529
11.3685,11.8117
11.3685,11.5647
11.3685,12.0088
11.3685,11.5334
11.3685,11.3921
11.3685,11.4376
11.3685,11.6144
11.3685,11.39
11.3685,11.6359
11.3685,11.3997
11.3685,11.5855
11.3685,11.7862
11.3685,11.44
11.3685,11.5583
11.3685,11.4657
11.3685,11.5112
11.3685,11.7389
11.3685,11.6047
11.3685,11.5712
11.3685,11.3921
11.3685,11.6216
11.3685,11.5904
11.3685,11.5935
11.3685,11.8265
11.3685,11.4673
11.3685,11.6356
11.3685,11.859
11.3685,11.4353
11.3685,11.5381
11.3685,11.43
11.3685,11.9437
11.3685,11.6177
11.3685,11.56
11.3685,11.7288
11.3685,11.6367
11.3685,12.0039
11.3685,12.0444
11.3685,11.5557
11.3685,11.6999
11.3685,11.531
11.3685,12.038
11.3685,11.4417
11.3685,11.7
11.3685,11.5668
11.3685,11.6337
11.3685,11.9522
11.3685,11.9604
11.3685,11.4361
11.3685,11.4924
11.3685,11.5826
11.3685,11.5649
11.3685,11.5813
11.3685,11.7409
11.3685,11.3968
11.3685,11.3691
11.3685,11.5156
11.3685,11.62
11.3685,11.4211
11.3685,11.6337
11.3685,11.4691
11.3685,11.5029
11.3685,11.9237
11.3685,11.6915
11.3685,11.8357
11.3685,11.7064
11.3685,11.6026
11.3685,11.9048
11.3685,11.7473
11.3685,11.5268
11.3685,11.5028
11.3685,11.4758
11.3685,11.4601
11.3685,11.5753
11.3685,12.0472
11.3685,11.422
11.3685,11.4447
11.3685,11.8238
11.3685,11.4181
11.3685,11.4878
11.3685,11.4306
11.3685,11.5653
11.3685,11.4031
11.3685,11.5383
11.3685,11.7657
11.3685,11.6003
11.3685,11.5223
11.3685,11.7018
11.3685,11.6219
11.3685,11.5954
11.3685,11.4667
11.3685,11.8192
11.3685,11.6803
11.3685,11.7116
11.3685,11.8418
11.3685,11.6729
11.3685,11.5388
11.3685,11.4415
11.3685,11.6811
11.3685,11.4993
11.3685,11.8061
11.3685,11.5961
11.3685,11.9126
11.3685,11.6747
11.3685,11.6251
11.3685,11.6392
11.3685,11.9587
11.3685,11.6481
11.3685,11.6362
11.3685,11.6089
11.3685,12.3441
11.3685,11.418
11.3685,11.5443
11.3685,11.4807
11.3685,12.043
11.3685,11.4097
11.3685,11.7586
11.3685,11.8248
11.3685,11.8679
11.3685,11.5166
11.3685,11.5009
11.3685,11.6171
11.3685,11.5346
11.3685,11.6638
11.3685,11.4521
11.3685,11.7666
11.3685,11.4557
11.3685,11.4917
11.3685,11.3967
11.3685,11.6235
11.3685,11.4734
11.3685,11.4638
11.3685,11.6293
11.3685,11.6104
11.3685,11.4609
11.3685,11.4984
11.3685,11.3968
11.3685,11.3931
11.3685,11.4362
11.3685,11.6144
11.3685,11.4643
11.3685,11.3685
11.3685,11.5338
11.3685,11.5358
11.3685,11.8184
11.3685,11.5781
11.3685,11.4247
11.3685,11.68
11.3685,11.7147
11.3685,11.3923
11.3685,11.6968
11.3685,11.885
11.3685,11.5537
11.3685,11.7289
11.3685,11.4445
11.3685,11.4134
11.3685,11.5682
11.3685,11.7678
11.3685,11.3822
11.3685,11.6159
11.3685,11.5618
11.3685,11.7196
11.3685,11.9386
11.3685,11.7467
11.3685,11.6348
11.3685,11.8135
11.3685,11.3685
11.3685,11.4988
11.3685,11.635
11.3685,11.6529
11.3685,11.6472
11.3685,11.6121
11.3685,11.6094
11.3685,11.8347
11.3685,11.4172
11.3685,11.5566
11.3685,11.8294
11.3685,11.4016
11.3685,11.4926
11.3685,11.4058
11.3685,11.4813
11.3685,11.928
11.3685,11.4438
11.3685,11.5529
11.3685,11.8518
11.3685,11.4038
11.3685,11.4555
11.3685,11.7565
11.3685,11.7439
11.3685,11.737
11.3685,11.622
11.3685,11.6571
11.3685,11.743
11.3685,11.5418
11.3685,11.8197
11.3685,11.6294
11.3685,11.5227
11.3685,11.9951
11.3685,11.7515
11.3685,11.5766
11.3685,12.0674
11.3685,11.6189
11.3685,11.6857
11.3685,11.4953
11.3685,11.7219
11.3685,11.6628
11.3685,11.8028
11.3685,11.4756
11.3685,11.5128
11.3685,11.6952
11.3685,11.4497
11.3685,11.4911
11.3685,12.2053
11.3685,11.5128
11.3685,11.7458
11.3685,11.693
11.3685,11.5861
11.3685,11.5391
11.3685,11.741
11.3685,11.7681
11.3685,11.5811
11.3685,11.652
11.3685,11.4468
11.3685,11.3917
11.3685,11.7618
11.3685,11.9906
11.3685,11.4673
11.3685,11.3826
11.3685,11.4461
11.3685,11.8625
11.3685,11.5695
11.3685,11.6335
11.3685,11.5008
11.3685,11.7796
11.3685,11.5125
11.3685,11.4347
11.3685,11.9341
11.3685,11.4984
11.3685,11.8676
11.3685,11.7502
11.3685,11.4468
11.3685,11.6636
11.3685,11.749
11.3685,11.6628
11.3685,11.7198
11.3685,11.5783
11.3685,11.6105
11.3685,11.5294
11.3685,11.9595
11.3685,11.9452
11.3685,11.809
11.3685,11.9895
11.3685,11.9519
11.3685,11.6856
11.3685,11.7242
11.3685,11.5747
11.3685,11.4621
11.3685,11.43
11.3685,11.3863
11.3685,11.4813
11.3685,11.7689
11.3685,11.4386
11.3685,11.6301
11.3685,11.3772
11.3685,11.4348
11.3685,11.4035
11.3685,11.4219
11.3685,11.4228
11.3685,11.5598
11.3685,11.7297
11.3685,11.5858
11.3685,11.5967
11.3685,11.4689
11.3685,11.6965
11.3685,11.6093
11.3685,11.5831
11.3685,11.9843
11.3685,11.7448
11.3685,11.4771
11.3685,11.4257
11.3685,11.9366
11.3685,11.5691
11.3685,11.5201
11.3685,11.6214
11.3685,11.4373
11.3685,11.4109
11.3685,11.4456
11.3685,11.3931
11.3685,11.4502
11.3685,11.4299
11.3685,11.397
11.3685,11.5167
11.3685,11.3824
11.3685,11.6854
11.3685,11.4048
11.3685,11.4111
11.3685,11.5827
11.3685,11.5523
11.3685,11.3882
11.3685,11.8797
11.3685,11.6754
11.3685,11.4344
11.3685,11.5362
11.3685,11.8373
11.3685,11.3884
11.3685,11.9212
11.3685,11.4864
11.3685,11.9573
11.3685,11.718
11.3685,11.4588
11.3685,11.5935
11.3685,11.6207
11.3685,11.6789
11.3685,11.4648
11.3685,11.9044
11.3685,11.6694
11.3685,11.5436
11.3685,11.673
11.3685,11.7363
11.3685,11.5055
11.3685,11.4418
11.3685,12.0712
11.3685,11.4363
11.3685,12.2011
11.3685,11.5143
11.3685,11.5069
11.3685,11.4706
11.3685,11.5106
11.3685,11.6778
11.3685,11.47
11.3685,11.7614
11.3685,11.8632
11.3685,11.4759
11.3685,11.7721
11.3685,11.4883
11.3685,11.4651
11.3685,11.7799
11.3685,11.5987
11.3685,11.3715
11.3685,11.8042
11.3685,11.5429
11.3685,11.8232
11.3685,11.5044
11.3685,11.4501
11.3685,11.5552
11.3685,11.8351
11.3685,11.7585
11.3685,11.8778
11.3685,11.4911
11.3685,11.774
11.3685,11.6141
11.3685,11.5378
11.3685,11.6301
11.3685,11.9142
11.3685,12.0853
11.3685,11.5277
11.3685,11.6379
11.3685,11.5829
11.3685,11.3685
11.3685,11.6384
11.3685,11.7727
11.3685,11.5734
11.3685,11.5711
11.3685,11.4142
11.3685,11.5029
11.3685,11.5331
11.3685,11.6311
11.3685,11.7606
11.3685,11.3762
11.3685,11.8856
11.3685,11.4823
11.3685,11.6221
11.3685,11.4357
11.3685,11.7988
11.3685,11.5596
11.3685,11.6387
11.3685,11.5816
11.3685,11.5765
11.3685,11.581
11.3685,11.6491
11.3685,11.7229
11.3685,12.0954
11.3685,11.6948
11.3685,11.8553
11.3685,11.4204
11.3685,11.5658
11.3685,11.4066
11.3685,11.3943
11.3685,11.4243
11.3685,11.7818
11.3685,11.5969
11.3685,11.4624
11.3685,11.4248
11.3685,11.5955
11.3685,11.3924
11.3685,11.8216
11.3685,11.4854
11.3685,11.5068
11.3685,11.8774
11.3685,11.5857
11.3685,11.4601
11.3685,11.4447
11.3685,11.7667
11.3685,11.7835
11.3685,11.654
11.3685,11.6682
11.3685,11.6105
11.3685,11.5189
11.3685,11.9415
11.3685,11.5375
11.3685,11.4482
11.3685,11.8286
11.3685,11.9349
11.3685,11.593
11.3685,11.4658
11.3685,11.6529
11.3685,11.3771
11.3685,11.4639
11.3685,11.4865
11.3685,11.9107
11.3685,11.4631
11.3685,11.6333
11.3685,11.5857
11.3685,11.8503
11.3685,11.683
11.3685,11.6717
11.3685,11.4265
11.3685,11.5312
11.3685,11.73
11.3685,11.7417
11.3685,11.3889
11.3685,11.5831
11.3685,11.5665
11.3685,11.4638
11.3685,11.3685
11.3685,11.5915
11.3685,11.5618
11.3685,11.7067
11.3685,11.6671
11.3685,11.6044
11.3685,11.4661
11.3685,11.719
11.3685,12.0496
11.3685,11.6072
11.3685,11.4539
11.3685,11.9873
11.3685,11.7711
11.3685,11.6774
11.3685,11.3781
11.3685,11.3733
11.3685,11.5988
11.3685,11.4864
11.3685,12.1345
11.3685,11.3708
11.3685,11.6851
11.3685,11.8075
11.3685,11.4424
11.3685,11.5569
11.3685,11.4369
11.3685,12.0805
11.3685,11.7578
11.3685,11.5883
11.3685,11.6152
11.3685,12.0147
11.3685,11.6454
11.3685,11.5337
11.3685,11.487
11.3685,11.8375
11.3685,12.1463
11.3685,11.5925
11.3685,11.5827
11.3685,11.7113
11.3685,11.4918
11.3685,11.4001
11.3685,11.4749
11.3685,11.4682
11.3685,11.5579
11.3685,11.8172
11.3685,11.5776
11.3685,11.581
11.3685,11.7039
11.3685,11.9105
11.3685,11.8052
11.3685,11.8749
11.3685,11.6554
11.3685,11.4169
11.3685,11.5207
11.3685,11.5
11.3685,11.8708
11.3685,11.5469
11.3685,11.395
11.3685,11.6225
11.3685,11.489
11.3685,11.699
11.3685,11.783
11.3685,11.4675
11.3685,11.5744
11.3685,11.5134
11.3685,11.5869
11.3685,11.7444
11.3685,11.7473
11.3685,12.1568
11.3685,11.504
11.3685,11.8896
11.3685,11.6149
11.3685,11.4493
11.3685,11.483
11.3685,11.4451
11.3685,11.8821
11.3685,11.8087
11.3685,11.4217
11.3685,11.637
11.3685,11.7762
11.3685,11.6101
11.3685,11.6924
11.3685,11.6277
11.3685,11.4921
11.3685,11.5336
11.3685,12.0375
11.3685,11.6322
11.3685,11.46
11.3685,11.4702
11.3685,11.5814
11.3685,11.4241
11.3685,11.4965
11.3685,11.5819
11.3685,11.6277
11.3685,11.5159
11.3685,11.4628
11.3685,11.6894
11.3685,11.4722
11.3685,11.5354
11.3685,11.7148
11.3685,11.5982
11.3685,11.489
11.3685,11.4235
11.3685,11.4033
11.3685,12.2387
11.3685,11.5578
11.3685,11.4715
11.3685,11.6883
11.3685,11.6697
11.3685,11.7038
11.3685,11.4336
11.3685,12.0488
11.3685,11.6352
11.3685,11.5661
11.3685,11.622
11.3685,11.9436
11.3685,11.4352
11.3685,11.4968
11.3685,11.4096
11.3685,11.4992
11.3685,11.769
11.3685,11.9316
11.3685,11.5583
11.3685,11.6547
11.3685,11.5253
11.3685,11.4863
11.3685,11.5519
11.3685,11.4977
11.3685,12.0461
11.3685,11.5604
11.3685,11.527
11.3685,11.4768
11.3685,11.5746
11.3685,11.7899
11.3685,12.0633
11.3685,11.5442
11.3685,11.931
11.3685,11.8286
11.3685,11.8862
11.3685,11.8166
11.3685,11.3945
11.3685,11.7508
11.3685,12.106
11.3685,11.9859
11.3685,12.0322
11.3685,11.5762
11.3685,12.0987
11.3685,11.6458
11.3685,11.7206
11.3685,11.8545
11.3685,11.5887
11.3685,11.7651
11.3685,11.3958
11.3685,11.4513
11.3685,11.6933
11.3685,11.749
11.3685,11.3934
11.3685,11.866
11.3685,11.4997
11.3685,11.3685
11.3685,11.3796
11.3685,11.6445
11.3685,11.6541
11.3685,11.5616
11.3685,11.7206
11.3685,11.4523
11.3685,11.6308
11.3685,11.5479
11.3685,11.5593
11.3685,11.4877
11.3685,12.0642
11.3685,11.5129
11.3685,11.4089
11.3685,11.6017
11.3685,11.4816
11.3685,11.4362
11.3685,11.5964
11.3685,11.8449
11.3685,11.4402
11.3685,11.4503
11.3685,11.6416
11.3685,11.3798
11.3685,11.5093
11.3685,11.5446
11.3685,12.0017
11.3685,11.7217
11.3685,11.433
11.3685,11.5336
11.3685,11.4292
11.3685,11.5636
11.3685,11.6103
11.3685,11.4061
11.3685,11.4576
11.3685,11.4432
11.3685,11.4647
11.3685,11.6189
11.3685,11.7161
11.3685,11.6947
11.3685,11.7523
11.3685,11.5178
11.3685,11.5459
11.3685,11.5021
11.3685,11.5386
11.3685,11.5411
11.3685,11.515
11.3685,11.5387
11.3685,11.9426
11.3685,11.7177
11.3685,11.3785
11.3685,11.6511
11.3685,11.4242
11.3685,11.7788
11.3685,11.5051
11.3685,11.6169
11.3685,11.4622
11.3685,11.7972
11.3685,11.5279
11.1686,12.2404
11.3685,12.1909
11.3685,11.5227
11.3685,11.5188
11.3685,11.6694
11.3685,11.3966
11.3685,11.7475
11.3685,11.3941
11.3685,11.9333
11.3685,12.0159
11.3685,12.3478
11.3685,11.5098
11.3685,11.5774
11.3685,11.6232
11.3685,11.446
11.3685,11.653
11.3685,11.7712
11.3685,11.5601
11.3685,11.6921
11.3685,11.6266
11.3685,11.4832
11.3685,11.6485
11.3685,11.5896
11.3685,11.8886
11.3685,11.3943
11.3685,11.697
11.3685,11.8219
11.3685,11.7566
11.3685,11.6172
11.3685,11.4924
11.3685,11.618
11.3685,11.771
11.3685,11.7854
11.3685,11.9607
11.3685,11.5019
11.3685,11.8801
11.3685,11.9123
11.3685,11.7798
11.3685,11.527
11.3685,11.5657
11.3685,11.7852
11.3685,11.4588
11.3685,11.6557
11.3685,11.6842
11.3685,11.8179
11.3685,11.6041
11.3685,11.5182
11.3685,11.5363
11.3685,11.6996
11.3685,11.6928
11.3685,11.6615
11.3685,11.4896
11.3685,11.5495
11.3685,11.3727
11.3685,11.4218
11.3685,12.122
11.3685,12.1349
11.3685,11.5794
11.3685,11.6846
11.3685,11.379
11.3685,11.4276
11.3685,11.4341
11.3685,11.7048
11.3685,11.4971
11.3685,11.5441
11.3685,11.7737
11.3685,11.6331
11.3685,11.6969
11.3685,11.6543
11.3685,11.5072
11.3685,11.7761
11.3685,11.478
11.3685,11.6512
11.3685,11.7435
11.3685,11.4326
11.3685,11.7295
11.3685,11.5249
11.3685,11.9105
11.3685,11.4944
11.3685,11.3919
11.3685,12.2651
11.3685,11.6794
11.3685,11.3921
11.3685,11.6594
11.3685,11.5114
11.3685,11.5069
11.3685,11.3776
11.3685,11.9504
11.3685,11.3771
11.3685,11.3945
11.3685,11.5671
11.3685,11.6882
11.3685,11.4526
11.3685,12.0715
11.3685,11.5883
11.3685,11.4877
11.3685,11.6467
11.3685,11.5719
11.3685,11.5246
11.3685,11.4872
11.3685,11.488
11.3685,11.7885
