6757.23,8645.29
7062.45,7943.67
7213.36,7422.63
6787.91,7202.41
6339.95,6808.11
6072.26,6423.42
5636.55,6212.62
5142.19,5885.04
5222.02,5493.11
5100.88,5273.66
5060.13,5187.25
4987.47,5098.86
4888.98,5023.5
4710.75,4941.97
4741.11,4840.2
4614.97,4759.52
4690.71,4736.18
4603.14,4703.85
4604.58,4682.12
4604.58,4638.9
4602.67,4604.56
4522.76,4604.67
4501.14,4583.9
4456.3,4531.05
4264.16,4496.05
4159.98,4377.68
4137.9,4284.83
4165.64,4234.57
4175.67,4214.7
4103.92,4174.95
4110.23,4174.85
4087.85,4167.12
3988.16,4120.58
4055.7,4087.46
4080.42,4084.88
3995.09,4080.12
4068.92,4081.53
4030.62,4075.29
3937.52,4070.1
4070.19,4070.19
3758.21,4066.6
3818.26,4052.91
3860.75,3926.16
3673.8,3858.57
3774.86,3832.33
3799.82,3807.66
3612.87,3798.06
3794.11,3799.76
3788.31,3799.71
3799.82,3799.82
3799.82,3807.22
3703.22,3798.86
3799.82,3810
3759.37,3799.42
3776.99,3799.59
3684.91,3798.67
3693.83,3797.95
3718.72,3772.1
3678.27,3718.32
3676.23,3718.3
3695.24,3718.49
3718.72,3718.72
3531.77,3716.47
3680.9,3703.4
3681.71,3681.71
3566.8,3684.15
3642.3,3681.32
3681.71,3682.09
3681.71,3681.71
3658.24,3681.38
3663.46,3679.11
3672.23,3673.12
3638.55,3671.9
3672.23,3672.23
3485.28,3670.36
3672.23,3672.23
3672.23,3672.23
3672.23,3672.23
3638.55,3672
3629.74,3673.87
3555.72,3669.39
3661.85,3666.42
3652.83,3661.76
3640.32,3661.64
3661.85,3662.23
3520.03,3660.43
3661.85,3661.85
3661.85,3661.85
3661.85,3661.85
3661.85,3661.85
3661.85,3661.85
3661.85,3663.7
3474.9,3669.71
3514.85,3584.73
3491.15,3521.98
3407.88,3501.54
3414.95,3470.5
3417.4,3440.48
3348.95,3416.72
3388.81,3417.11
3417.4,3417.4
3417.4,3417.4
3417.4,3417.4
3326.84,3415.44
3349.39,3393.8
3369.02,3377.69
3278.47,3368.75
3365.94,3367.82
3365.94,3365.94
3365.22,3367.29
3361.25,3365.89
3365.94,3365.94
3365.94,3366.54
3365.94,3365.94
3365.94,3365.94
3365.94,3365.94
3365.94,3376.4
3361.25,3365.89
3348.74,3365.72
3348.74,3364.71
3361.25,3361.25
3361.25,3361.25
3361.25,3361.41
3335,3360.98
3361.25,3369.81
3361.25,3365.95
3348.08,3361.12
3288.06,3360.52
3345.56,3369.5
3361.25,3361.25
3361.25,3361.25
3249.84,3359.9
3337.63,3353.78
3348.08,3348.54
3332.39,3349.91
3347.37,3353.19
3321.56,3347.81
3348.08,3348.08
3307.03,3347.67
3348.08,3356.44
3348.08,3348.08
3236.67,3346.97
3348.08,3348.08
3348.08,3356.47
3348.08,3348.08
3336.52,3347.85
3336.52,3345.03
3225.12,3335.6
3335.2,3340.4
3336.52,3336.52
3336.52,3336.52
3336.52,3336.52
3336.52,3336.52
3336.52,3336.52
3335.81,3336.52
3336.52,3342.73
3336.52,3336.52
3336.52,3337.04
3336.52,3336.52
3335.2,3336.5
3335.81,3340.08
3335.81,3335.81
3335.81,3335.81
3224.41,3334.08
3262.62,3298.93
3262.62,3262.62
3257.3,3262.57
3262.62,3264.22
3262.62,3270.98
3262.62,3262.62
3262.62,3262.62
3177.75,3261.76
3261.58,3262.12
3261.58,3261.58
3261.58,3263.51
3242.87,3261.39
3257.32,3262.97
3176.71,3260.73
3242.87,3265.17
3261.58,3270.51
3176.71,3260.73
3261.58,3261.58
3261.58,3262.73
3200.35,3260.97
3253.5,3261.45
3256.26,3272.07
3256.26,3256.26
3256.26,3256.26
3171.39,3255.41
3171.39,3255.41
3256.26,3256.26
3256.26,3256.26
3256.26,3256.26
3256.26,3256.26
3252,3256.22
3256.26,3258.72
3225.48,3259.8
3256.26,3256.26
3256.26,3256.26
3256.26,3256.26
3256.26,3256.26
3238.32,3255.94
3241.05,3270.88
3241.05,3244.53
3241.05,3241.05
3241.05,3242.98
3229,3240.93
3210.23,3240.74
3210.23,3240.58
3224.74,3233.76
3224.74,3224.74
3224.74,3224.74
3224.06,3224.73
3224.74,3224.74
3224.74,3224.74
3224.74,3224.74
3224.74,3224.74
3224.74,3224.74
3224.74,3224.74
3224.74,3224.74
3193.91,3225.12
3200.15,3224.49
3224.74,3224.74
3224.74,3224.74
3224.74,3224.74
3224.74,3224.74
3224.74,3224.74
3224.74,3224.74
3224.74,3224.74
3224.74,3224.74
3224.06,3224.73
3224.74,3234.07
3224.74,3224.74
3224.74,3224.74
3224.74,3224.74
3224.74,3224.74
3224.74,3224.74
3224.74,3240.35
3224.74,3224.74
3224.74,3224.74
3224.74,3224.74
3224.74,3224.74
3224.74,3224.74
3224.74,3240.9
3224.74,3224.74
3224.74,3224.74
3189.72,3224.39
3224.74,3224.9
3224.74,3224.74
3224.74,3224.74
3224.74,3224.74
3224.74,3227.84
3224.74,3224.74
3224.74,3227.05
3224.74,3224.74
3224.74,3224.74
3224.74,3224.74
3224.74,3224.74
3224.74,3224.74
3214.81,3224.64
3224.74,3224.74
3224.74,3224.74
3224.74,3224.74
3224.74,3224.74
3224.74,3245.06
3224.74,3224.74
3224.74,3224.74
3224.74,3240.82
3224.74,3224.74
3224.74,3239.78
3224.74,3224.74
3224.74,3224.74
3224.74,3224.74
3214.81,3224.64
3224.74,3227.84
3224.74,3225.3
3193.91,3224.18
3186.8,3211.07
3166.71,3187.66
3138.01,3175.58
3139.98,3158.36
3147.82,3173.02
3147.82,3147.82
3147.82,3147.82
3099.04,3147.18
3132.41,3149.4
3132.41,3133.01
3132.41,3133.38
3132.41,3133.99
3132.41,3132.41
3132.41,3132.41
3132.41,3132.41
3132.41,3152.51
3132.41,3132.53
3132.41,3132.41
3132.41,3132.41
3132.41,3132.41
3132.41,3147.1
3132.41,3132.41
3132.41,3132.41
3132.41,3133.85
3132.41,3132.41
3132.41,3132.41
3132.41,3132.41
3132.41,3132.41
3132.41,3132.41
3132.41,3132.41
3132.41,3132.41
3112.37,3132.21
3132.41,3133.07
3112.37,3132.21
3132.41,3144.54
3132.41,3132.41
3132.41,3132.41
3132.41,3132.41
3132.41,3132.41
3132.41,3132.41
3132.41,3132.41
3132.41,3139.85
3132.41,3132.41
3132.41,3133.43
3132.41,3132.41
3132.41,3132.41
3132.41,3132.41
3132.41,3132.41
3132.41,3132.41
3132.41,3132.41
3112.37,3132.21
3132.41,3132.41
3132.41,3132.41
3132.41,3132.41
3132.41,3132.41
3132.41,3132.41
3083.63,3131.93
3112.37,3132.21
3132.41,3132.41
3112.37,3132.54
3083.63,3137.43
3132.41,3132.41
3132.41,3132.41
3132.41,3132.41
3132.41,3132.41
3132.41,3138.62
3132.41,3132.41
3132.41,3132.41
3132.41,3134.29
3132.41,3132.41
3132.41,3132.41
3132.41,3132.41
3112.37,3132.21
3132.41,3132.41
3132.41,3134.18
3132.41,3132.41
3132.41,3132.41
3083.63,3142.74
3112.37,3132.21
3132.41,3132.41
3132.41,3132.41
3132.41,3141.29
3132.41,3132.41
3132.41,3132.41
3132.41,3132.8
3132.41,3132.41
3132.41,3132.41
3112.37,3132.24
3132.41,3132.41
3112.37,3133.38
3112.37,3132.21
3112.37,3132.21
3132.41,3132.41
3132.41,3133.77
3132.41,3132.41
3132.41,3132.41
3132.41,3132.41
3083.63,3131.93
3083.63,3131.93
3132.41,3136.74
3132.41,3132.41
3132.41,3158.06
3083.63,3137.81
3132.41,3133.2
3132.41,3132.41
3132.41,3132.41
3132.41,3137.87
3132.41,3137.12
3132.41,3132.41
3132.41,3132.41
3132.41,3132.5
3132.41,3132.41
3132.41,3132.41
3132.41,3132.98
3132.41,3132.41
3132.41,3132.41
3083.63,3131.93
3132.41,3132.41
3132.41,3132.55
3132.41,3132.41
3132.41,3138.91
3132.41,3137.12
3112.37,3132.21
3132.41,3132.41
3132.41,3132.41
3132.41,3149.45
3132.41,3132.41
3132.41,3132.41
3132.41,3132.41
3132.41,3137.1
3132.41,3132.41
3132.41,3154.59
3132.41,3132.41
3132.41,3132.41
3132.41,3136.73
3132.41,3132.41
3132.41,3132.41
3112.37,3132.21
3132.41,3132.41
3132.41,3132.41
3132.41,3132.41
3132.41,3132.41
3083.63,3131.93
3132.41,3132.41
3132.41,3143.79
3132.41,3132.41
3132.41,3132.41
3132.41,3144.36
3132.41,3132.41
3112.37,3133.11
3132.41,3132.41
3132.41,3132.41
3132.41,3132.41
3132.41,3135.91
3132.41,3132.41
3132.41,3133.15
3132.41,3132.41
3132.41,3132.41
3132.41,3132.41
3132.41,3132.41
3132.41,3132.41
3132.41,3132.67
3132.41,3132.41
3132.41,3132.41
3132.41,3132.41
3132.41,3132.41
3132.41,3132.41
3132.41,3132.41
3132.41,3132.41
3132.41,3138.4
3132.41,3132.41
3132.41,3136.63
3132.41,3132.55
3132.41,3132.41
3132.41,3133.51
3112.37,3133.52
3132.41,3132.41
3132.41,3133.15
3112.37,3132.21
3132.41,3132.41
3132.41,3132.41
3132.41,3132.99
3132.41,3132.41
3132.41,3132.41
3083.63,3164.75
3132.41,3132.41
3132.41,3137.36
3132.41,3132.59
3132.41,3132.41
3112.37,3132.27
3132.41,3132.41
3132.41,3132.41
3132.41,3132.41
3132.41,3133.12
3132.41,3132.41
3132.41,3132.41
3132.41,3132.41
3132.41,3132.41
3132.41,3133.14
3132.41,3140.42
3132.41,3134.17
3132.41,3139.77
3083.63,3131.93
3132.41,3132.41
3083.63,3131.93
3132.41,3132.41
3132.41,3138.9
3083.63,3131.93
3132.41,3132.41
3132.41,3140.47
3132.41,3132.71
3083.63,3131.93
3132.41,3132.41
3132.41,3132.41
3132.41,3132.41
3112.37,3134.02
3112.37,3127.58
3112.37,3112.37
3112.37,3112.37
3112.37,3112.37
3063.59,3111.89
3112.37,3112.37
3063.59,3111.89
3112.37,3120.17
3112.37,3120.3
3112.37,3112.37
3112.37,3112.37
3112.37,3112.37
3112.37,3112.37
3112.37,3112.37
3112.37,3127.65
3112.37,3112.37
3112.37,3112.37
3112.37,3112.44
3112.37,3112.37
3112.37,3112.37
3112.37,3113.41
3112.37,3112.37
3112.37,3112.37
3112.37,3112.43
3112.37,3112.37
3112.37,3112.37
3112.37,3112.37
3112.37,3114.31
3112.37,3121.4
3112.37,3112.37
3112.37,3112.37
3112.37,3112.37
3112.37,3112.4
3112.37,3112.37
3112.37,3112.37
3112.37,3112.37
3112.37,3112.37
3112.37,3112.37
3112.37,3112.37
3112.37,3112.37
3112.37,3112.37
3112.37,3124.35
3112.37,3112.37
3112.37,3115.63
3112.37,3116.99
3112.37,3112.37
3112.37,3112.37
3112.37,3112.37
3112.37,3112.37
3063.59,3113.5
3112.37,3112.37
3112.37,3112.37
3112.37,3112.37
3112.37,3118.99
3112.37,3117.49
3112.37,3112.37
3112.37,3112.37
3112.37,3112.37
3112.37,3112.37
3112.37,3112.57
3112.37,3112.37
3112.37,3112.37
3112.37,3112.37
3112.37,3112.37
3112.37,3112.37
3112.37,3118.68
3112.37,3112.37
3112.37,3114.5
3112.37,3128.67
3112.37,3112.37
3063.59,3113.94
3112.37,3112.37
3063.59,3111.89
3112.37,3113.13
3112.37,3112.65
3112.37,3112.37
3112.37,3112.37
3112.37,3116.14
3063.59,3112.2
3112.37,3112.37
3112.37,3134.17
3112.37,3112.37
3063.59,3116.71
3112.37,3114.49
3112.37,3112.37
3112.37,3112.37
3112.37,3112.37
3112.37,3112.37
3112.37,3112.37
3112.37,3112.37
3112.37,3112.37
3112.37,3112.37
3112.37,3123.27
3112.37,3112.37
3112.37,3113.07
3112.37,3118.91
3112.37,3112.37
3112.37,3112.37
3112.37,3113.99
3112.37,3120.56
3112.37,3119.05
3112.37,3112.37
3112.37,3112.37
3112.37,3112.37
3112.37,3112.37
3112.37,3112.37
3112.37,3112.37
3112.37,3112.37
3112.37,3112.37
3112.37,3112.37
3112.37,3112.37
3112.37,3113.07
3112.37,3112.37
3112.37,3112.37
3112.37,3113.87
3112.37,3112.37
3112.37,3112.37
3112.37,3112.37
3112.37,3112.37
3112.37,3112.37
3112.37,3112.37
3112.37,3116.59
3112.37,3126.06
3112.37,3112.37
3112.37,3112.37
3112.37,3112.37
3112.37,3112.37
3112.37,3112.37
3112.37,3112.37
3112.37,3112.37
3112.37,3112.37
3112.37,3112.57
3112.37,3112.37
3112.37,3112.37
3112.37,3112.37
3112.37,3114.36
3112.37,3112.37
3112.37,3112.37
3112.37,3112.37
3112.37,3112.37
3112.37,3112.37
3112.37,3112.37
3112.37,3112.37
3112.37,3112.37
3112.37,3118.52
3112.37,3113.48
3112.37,3112.37
3112.37,3118.84
3063.59,3111.89
3112.37,3114.59
3112.37,3112.37
3112.37,3112.37
3063.59,3111.89
3112.37,3112.37
3112.37,3112.37
3112.37,3112.37
3112.37,3122.11
3112.37,3112.37
3112.37,3112.37
3112.37,3112.37
3112.37,3112.37
3112.37,3112.37
3112.37,3115.95
3112.37,3114.73
3112.37,3112.37
3112.37,3112.37
3112.37,3112.37
3112.37,3112.37
3112.37,3120.13
3112.37,3114.18
3112.37,3112.37
3112.37,3112.37
3112.37,3117.18
3112.37,3119.16
3112.37,3115.59
3112.37,3112.37
3112.37,3112.37
3112.37,3112.37
3063.59,3118.17
3112.37,3113.15
3112.37,3112.37
3112.37,3122
3112.37,3112.37
3112.37,3112.37
3112.37,3113.07
3112.37,3112.37
3112.37,3124.19
3063.59,3111.89
3112.37,3112.37
3112.37,3113.56
3063.59,3111.89
3112.37,3112.37
3112.37,3112.37
3112.37,3112.37
3112.37,3112.37
3112.37,3112.37
3112.37,3112.37
3112.37,3115.53
3112.37,3129.77
3112.37,3112.37
3112.37,3112.37
3112.37,3115.38
3112.37,3112.37
3112.37,3112.37
3112.37,3112.37
3112.37,3112.37
3112.37,3112.37
3112.37,3112.37
3112.37,3114.67
3112.37,3119.23
3112.37,3112.72
3112.37,3112.37
3112.37,3116.99
3112.37,3112.37
3112.37,3115.07
3112.37,3112.37
3112.37,3115.49
3063.59,3111.89
3112.37,3118.29
3112.37,3112.37
3112.37,3112.37
3112.37,3112.37
3112.37,3119.12
3063.59,3118.22
3112.37,3115.35
3112.37,3123.62
3112.37,3112.37
3112.37,3112.37
3112.37,3116.87
3112.37,3112.37
3112.37,3112.37
3112.37,3112.37
3112.37,3112.37
3112.37,3118.45
3112.37,3112.37
3112.37,3112.37
3112.37,3119.76
3112.37,3112.37
3112.37,3119.47
3112.37,3112.37
3063.59,3111.89
3112.37,3112.37
3112.37,3112.37
3112.37,3125.78
3112.37,3115.1
3112.37,3112.37
3112.37,3112.37
3112.37,3117.21
3112.37,3112.37
3112.37,3112.37
3112.37,3123.5
3112.37,3129.8
3112.37,3112.88
3112.37,3112.37
3112.37,3112.37
3112.37,3112.37
3112.37,3118.03
3112.37,3113.39
3112.37,3112.37
3112.37,3125.19
3112.37,3115.67
3112.37,3114.31
3112.37,3112.37
3112.37,3112.37
3112.37,3112.37
3112.37,3112.37
3112.37,3112.37
3112.37,3112.37
3112.37,3112.37
3112.37,3112.37
3112.37,3119.86
3112.37,3112.37
3112.37,3112.37
3063.59,3111.89
3112.37,3123
3112.37,3112.37
3112.37,3113.31
3112.37,3112.37
3112.37,3112.37
3112.37,3112.37
3112.37,3114.08
3112.37,3112.37
3112.37,3112.37
3112.37,3112.37
3112.37,3112.37
3112.37,3112.37
3112.37,3112.37
3112.37,3117.49
3112.37,3129.43
3112.37,3112.37
3112.37,3112.37
3112.37,3114.68
3112.37,3112.37
3112.37,3112.37
3112.37,3112.37
3112.37,3112.37
3112.37,3112.37
3112.37,3112.37
3112.37,3112.37
3112.37,3112.37
3112.37,3112.37
3112.37,3127.25
3112.37,3112.37
3112.37,3112.37
3112.37,3112.38
3112.37,3112.37
3112.37,3112.37
3112.37,3112.37
3112.37,3112.37
3112.37,3112.37
3112.37,3112.37
3112.37,3115.39
3112.37,3112.37
3112.37,3112.37
3112.37,3114.56
3112.37,3112.37
3112.37,3112.4
3112.37,3117.71
3112.37,3112.37
3112.37,3112.37
3112.37,3112.37
3112.37,3112.37
3112.37,3112.37
3112.37,3112.68
3112.37,3112.37
3112.37,3112.37
3112.37,3112.37
3112.37,3112.37
3112.37,3112.37
3112.37,3124.53
3112.37,3112.37
3112.37,3112.37
3112.37,3112.37
3112.37,3118.45
3112.37,3112.37
3112.37,3116.77
3112.37,3112.37
3112.37,3115.91
3112.37,3112.37
3112.37,3112.37
3112.37,3112.37
3112.37,3114.69
3112.37,3112.46
3112.37,3112.37
3112.37,3112.37
3112.37,3114.05
3112.37,3112.37
3112.37,3112.37
3112.37,3112.37
3112.37,3115.4
3112.37,3112.37
3112.37,3112.37
3112.37,3115.39
3112.37,3112.37
3112.37,3112.37
3112.37,3112.37
3112.37,3112.37
3112.37,3112.37
3112.37,3112.37
3112.37,3112.37
3112.37,3112.37
3063.59,3113.75
3035.88,3088.81
3035.88,3063.31
3063.59,3063.59
3063.59,3063.59
3063.59,3063.59
3063.59,3072.97
3063.59,3063.59
3063.59,3063.59
3063.59,3063.59
3063.59,3063.59
3063.59,3086.43
3063.59,3063.59
3063.59,3063.59
3063.59,3063.59
3063.59,3063.59
3063.59,3063.59
3063.59,3063.59
3063.59,3063.59
3063.59,3065.16
3063.59,3063.59
3063.59,3063.59
3063.59,3063.59
3063.59,3085.99
3063.59,3064.1
3063.59,3066.15
3063.59,3063.59
3063.59,3075.69
3035.88,3063.31
3063.59,3067.99
3063.59,3063.59
3035.88,3063.31
3063.59,3065.51
3063.59,3063.59
3063.59,3063.59
3063.59,3066.72
3063.59,3063.59
3063.59,3063.59
3063.59,3063.59
3063.59,3063.59
3063.59,3063.59
3063.59,3064.02
3063.59,3063.59
3063.59,3063.59
3063.59,3066.82
3063.59,3063.59
3063.59,3065.97
3063.59,3063.59
3063.59,3063.59
3063.59,3063.59
3063.59,3063.59
3063.59,3068.64
3035.88,3063.31
3063.59,3063.59
3063.59,3063.98
3063.59,3070.73
3063.59,3063.59
3063.59,3063.59
3063.59,3063.59
3063.59,3063.59
3063.59,3063.59
3063.59,3063.59
3063.59,3065
3063.59,3079.81
3035.88,3063.31
3063.59,3063.59
3063.59,3065.73
3063.59,3063.59
3063.59,3063.59
3063.59,3063.59
3063.59,3063.59
3063.59,3063.59
3063.59,3063.59
3063.59,3063.59
3063.59,3063.91
3063.59,3063.59
3063.59,3063.59
3063.59,3063.59
3063.59,3063.59
3063.59,3063.59
3063.59,3063.59
3063.59,3063.59
3063.59,3063.59
3063.59,3063.59
3063.59,3063.59
3063.59,3067.4
3063.59,3063.59
3063.59,3080.98
3063.59,3063.59
3063.59,3070.23
3063.59,3063.59
3063.59,3063.59
3063.59,3063.59
3035.88,3074.74
3035.88,3074.1
3063.59,3063.59
3035.88,3063.31
3063.59,3063.59
3063.59,3063.59
3063.59,3063.59
3063.59,3063.59
3063.59,3063.84
3063.59,3063.59
3063.59,3063.59
3063.59,3063.59
3063.59,3063.59
3063.59,3063.59
3063.59,3063.59
3035.88,3063.31
3063.59,3063.59
3063.59,3063.59
3063.59,3063.59
3063.59,3063.59
3063.59,3064.27
3063.59,3065.67
3063.59,3063.59
3063.59,3063.59
3063.59,3063.59
3063.59,3063.59
3063.59,3063.59
3063.59,3063.59
3063.59,3063.59
3063.59,3063.59
3063.59,3063.59
3063.59,3063.59
3063.59,3063.59
3063.59,3063.59
3035.88,3063.31
3063.59,3063.59
3035.88,3063.31
3063.59,3063.59
3035.88,3064.32
3035.88,3050.57
3035.88,3036.26
3035.88,3035.88
3035.88,3039.7
3035.88,3035.88
3035.88,3036.4
3035.88,3035.88
3035.88,3035.88
3035.88,3035.88
3035.88,3035.88
3035.88,3046.55
3035.88,3039.5
3035.88,3038.35
3035.88,3036.87
3035.88,3035.88
3035.88,3035.88
3035.88,3038.03
3035.88,3035.88
3035.88,3035.88
3035.88,3039.75
3035.88,3036.35
3035.88,3037.18
3035.88,3035.88
3035.88,3041.38
3035.88,3035.88
3035.88,3035.93
3035.88,3035.88
3035.88,3036.13
3035.88,3035.88
3035.88,3036.06
3035.88,3035.88
3035.88,3036.01
3035.88,3035.88
3035.88,3040.44
3035.88,3035.88
3035.88,3035.88
3035.88,3036.22
3035.88,3035.88
3035.88,3035.88
3035.88,3035.88
3035.88,3046.43
3035.88,3040.86
3035.88,3035.88
3035.88,3037.09
3035.88,3035.88
3035.88,3035.88
3035.88,3035.88
3035.88,3035.88
3035.88,3035.88
3035.88,3035.88
3035.88,3035.88
3035.88,3044.28
3035.88,3035.88
3035.88,3035.88
3035.88,3035.88
3035.88,3036.55
3035.88,3035.88
3035.88,3035.88
3035.88,3035.88
3035.88,3035.88
3035.88,3035.88
3035.88,3035.88
3035.88,3035.88
3035.88,3039.14
3035.88,3045.47
3035.88,3035.88
3035.88,3035.88
3035.88,3035.88
3035.88,3035.99
3035.88,3035.88
3035.88,3037.97
3035.88,3040.78
3035.88,3037.36
3035.88,3035.88
3035.88,3035.88
3035.88,3038.18
3035.88,3035.88
3035.88,3035.88
3035.88,3035.88
3035.88,3035.88
3035.88,3041.28
3035.88,3035.88
3035.88,3035.88
3035.88,3035.88
3035.88,3035.88
3035.88,3035.88
3035.88,3044.15
3035.88,3035.88
3035.88,3038.68
3035.88,3035.88
3035.88,3035.88
3035.88,3035.88
3035.88,3035.88
3035.88,3035.88
3035.88,3036.07
3035.88,3035.88
3035.88,3036.33
3035.88,3035.88
3035.88,3035.88
3035.88,3041.4
3035.88,3035.88
3035.88,3046.75
3035.88,3035.88
3035.88,3052.34
3035.88,3039.17
3035.88,3045.99
3035.88,3035.88
3035.88,3035.88
3035.88,3043.89
3035.88,3035.88
3035.88,3043.07
3035.88,3035.88
3035.88,3035.88
3035.88,3047.03
3035.88,3049
3035.88,3036.26
3035.88,3035.88
3035.88,3035.88
3035.88,3035.88
3035.88,3035.88
3035.88,3035.88
3035.88,3035.88
3035.88,3035.88
3035.88,3035.88
3035.88,3036.24
3035.88,3035.88
3035.88,3035.88
3035.88,3035.88
3035.88,3035.88
3035.88,3040.23
3035.88,3035.88
3035.88,3035.88
3035.88,3037.2
3035.88,3036.01
3035.88,3051.99
3035.88,3035.88
3035.88,3035.88
3035.88,3035.88
3035.88,3035.88
3035.88,3035.88
3035.88,3035.88
3035.88,3035.88
3035.88,3043.7
3035.88,3035.88
3035.88,3035.88
3035.88,3038.21
3035.88,3035.88
3035.88,3039.59
3035.88,3035.88
3035.88,3035.88
3035.88,3035.88
3035.88,3040.83
3035.88,3035.88
3035.88,3035.88
3035.88,3035.88
3035.88,3035.88
3035.88,3040.45
3035.88,3035.88
3035.88,3036.4
3035.88,3035.88
3035.88,3036.13
3035.88,3035.88
3035.88,3035.88
3035.88,3039.37
3035.88,3035.88
3035.88,3036.02
3035.88,3036.6
3035.88,3035.88
3035.88,3035.97
3035.88,3035.88
3035.88,3035.88
3035.88,3035.88
3035.88,3039.75
3035.88,3036.38
3035.88,3035.88
3035.88,3042.92
3035.88,3035.88
3035.88,3035.88
3035.88,3035.88
3035.88,3035.88
3035.88,3035.88
3035.88,3035.88
3035.88,3035.88
3035.88,3043.86
3035.88,3036.38
3035.88,3035.88
3035.88,3035.88
3035.88,3036.9
3035.88,3035.88
3035.88,3035.88
3035.88,3035.88
3035.88,3035.88
3035.88,3035.88
3035.88,3035.88
3035.88,3035.88
3035.88,3035.88
3035.88,3035.88
3035.88,3035.88
3035.88,3035.88
3035.88,3035.88
3035.88,3035.88
3035.88,3035.88
3035.88,3035.88
3035.88,3039.81
3035.88,3035.88
3035.88,3035.88
3035.88,3038.14
3035.88,3035.88
3035.88,3035.88
3035.88,3044.96
3035.88,3035.97
3035.88,3035.88
3035.88,3041.24
3035.88,3038.07
3035.88,3035.88
3035.88,3035.88
3035.88,3035.88
3035.88,3035.88
3035.88,3035.88
3035.88,3035.88
3035.88,3035.88
3035.88,3035.88
3035.88,3035.88
3035.88,3039.72
3035.88,3035.88
3035.88,3035.88
3035.88,3035.88
3035.88,3036.49
3035.88,3035.88
3035.88,3035.88
3035.88,3048.57
3035.88,3036.41
3035.88,3036.07
3035.88,3040.98
3035.88,3035.88
3035.88,3035.88
3035.88,3035.88
3035.88,3039.32
3035.88,3041.62
3035.88,3039.5
3035.88,3035.88
3035.88,3044.49
3035.88,3041.05
3035.88,3040.46
3035.88,3035.88
3035.88,3035.88
3035.88,3035.88
3035.88,3035.88
3035.88,3035.88
3035.88,3035.88
3035.88,3041.3
3035.88,3035.88
3035.88,3036.77
3035.88,3035.88
3035.88,3035.88
3035.88,3035.88
3035.88,3035.88
3035.88,3035.88
3035.88,3039.43
3035.88,3036.37
3035.88,3038.21
3035.88,3035.88
3035.88,3035.88
3035.88,3035.88
3035.88,3041.58
3035.88,3035.88
3035.88,3035.88
3035.88,3049.08
3035.88,3035.88
3035.88,3043.15
3035.88,3045.9
3035.88,3045.55
3035.88,3035.88
3035.88,3035.88
3035.88,3039.63
3035.88,3035.88
3035.88,3035.88
3035.88,3035.88
3035.88,3035.88
3035.88,3035.88
3035.88,3035.88
3035.88,3035.88
3035.88,3037.88
3035.88,3043.43
3035.88,3035.88
3035.88,3038.18
3035.88,3035.88
3035.88,3035.88
3035.88,3035.88
3035.88,3035.88
3035.88,3035.88
3035.88,3035.88
3035.88,3043.37
3035.88,3035.88
3035.88,3036.92
3035.88,3035.88
3035.88,3037.43
3035.88,3035.88
3035.88,3035.88
3035.88,3035.88
3035.88,3042.9
3035.88,3035.88
3035.88,3035.88
3035.88,3035.88
3035.88,3037.98
3035.88,3035.88
3035.88,3043.47
3035.88,3044.27
3035.88,3035.88
3035.88,3035.88
3035.88,3035.88
3035.88,3035.88
3035.88,3035.88
3035.88,3035.88
3035.88,3041.39
3035.88,3035.88
3035.88,3035.88
3035.88,3039.31
3035.88,3035.88
3035.88,3035.88
3035.88,3035.88
3035.88,3036.16
3035.88,3035.88
3035.88,3035.88
3035.88,3035.88
3035.88,3035.88
3035.88,3043.41
3035.88,3035.88
3035.88,3035.88
3035.88,3035.88
3035.88,3035.88
3035.88,3035.88
3035.88,3035.88
3035.88,3035.88
3035.88,3040.27
3035.88,3039.07
3035.88,3036.31
3035.88,3035.88
3035.88,3037.05
3035.88,3037.49
3035.88,3035.88
3035.88,3035.88
3035.88,3046.91
3035.88,3035.88
3035.88,3035.88
3035.88,3035.88
3035.88,3035.88
3035.88,3035.88
3035.88,3035.88
3035.88,3035.88
3035.88,3035.88
3035.88,3039.17
3035.88,3036.13
3035.88,3035.88
3035.88,3048.65
3035.88,3035.88
3035.88,3035.88
3035.88,3035.88
3035.88,3035.88
3035.88,3035.88
3035.88,3035.88
3035.88,3049.75
3035.88,3035.88
3035.88,3035.88
3035.88,3035.88
3035.88,3035.88
3035.88,3036.61
3035.88,3035.88
3035.88,3035.88
3035.88,3041.48
3035.88,3052.47
3035.88,3035.88
3035.88,3035.88
3035.88,3035.88
3035.88,3035.88
3035.88,3035.88
3035.88,3035.88
3035.88,3046.84
3035.88,3035.88
3035.88,3037.68
3035.88,3035.88
3035.88,3035.88
3035.88,3035.88
3035.88,3035.88
3035.88,3035.88
3035.88,3035.88
3035.88,3035.88
3035.88,3035.88
3035.88,3036.63
3035.88,3035.88
3035.88,3035.88
3035.88,3035.88
3035.88,3035.88
3035.88,3035.88
3035.88,3035.88
3035.88,3035.88
3035.88,3035.99
3035.88,3035.88
3035.88,3036.79
3035.88,3035.88
3035.88,3035.88
3035.88,3035.88
3035.88,3035.88
3035.88,3037.59
3035.88,3035.88
3035.88,3035.88
3035.88,3035.88
3035.88,3035.88
3035.88,3035.88
3035.88,3035.88
3035.88,3042.38
3035.88,3036.77
3035.88,3035.88
3035.88,3035.88
3035.88,3035.88
3035.88,3036.04
3035.88,3035.88
3035.88,3035.88
3035.88,3042.33
3035.88,3035.88
3035.88,3035.88
3035.88,3035.88
3035.88,3036.32
3035.88,3035.88
3035.88,3035.88
3035.88,3035.91
3035.88,3035.88
3035.88,3035.88
3035.88,3035.88
3035.88,3053.51
3035.88,3035.88
3035.88,3035.88
3035.88,3035.88
3035.88,3035.88
3035.88,3036.75
3035.88,3035.88
3035.88,3035.88
3035.88,3035.88
3035.88,3046.68
3035.88,3035.88
3035.88,3038.29
3035.88,3035.88
3035.88,3036.76
3035.88,3035.88
3035.88,3035.88
3035.88,3035.88
3035.88,3041.17
3035.88,3041.07
3035.88,3035.88
3035.88,3056.49
3035.88,3035.88
3035.88,3035.88
3035.88,3040.27
3035.88,3035.88
3035.88,3035.88
3035.88,3035.88
3035.88,3045.64
3035.88,3035.88
3035.88,3035.88
3035.88,3035.88
3035.88,3035.88
3035.88,3035.88
3035.88,3035.88
3035.88,3035.88
3035.88,3035.88
3035.88,3035.88
3035.88,3035.88
3035.88,3035.88
3035.88,3035.88
3035.88,3044.06
3035.88,3035.88
3035.88,3042.51
3035.88,3035.88
3035.88,3035.88
3035.88,3036.43
3035.88,3035.88
3035.88,3038.14
3035.88,3035.88
3035.88,3035.88
3035.88,3035.93
3035.88,3037.14
3035.88,3037.94
3035.88,3038.57
3035.88,3035.88
3035.88,3035.91
3035.88,3037.73
3035.88,3037.11
3035.88,3035.88
3035.88,3042.43
3035.88,3036.27
3035.88,3035.88
3035.88,3035.88
3035.88,3035.88
3035.88,3035.88
3035.88,3035.88
3035.88,3035.88
3035.88,3035.88
3035.88,3035.97
3035.88,3035.88
3035.88,3035.88
3035.88,3035.88
3035.88,3041.51
3035.88,3035.88
3035.88,3035.88
3035.88,3037.8
3035.88,3035.88
3035.88,3035.88
3035.88,3038.18
3035.88,3039.64
3035.88,3035.88
3035.88,3036.81
3035.88,3035.88
3035.88,3035.88
3035.88,3035.88
3035.88,3037.2
3035.88,3044.78
3035.88,3035.88
3035.88,3035.88
3035.88,3054.25
3035.88,3043.35
3035.88,3035.88
3035.88,3035.88
3035.88,3036.88
3035.88,3044.56
3035.88,3035.88
3035.88,3035.88
3035.88,3036.8
3035.88,3035.88
3035.88,3035.88
3035.88,3035.88
3035.88,3040.83
3035.88,3035.88
3035.88,3035.88
3035.88,3035.88
3035.88,3039.1
3035.88,3035.88
3035.88,3035.88
3035.88,3035.88
3035.88,3037.27
3035.88,3043.1
3035.88,3035.88
3035.88,3035.88
3035.88,3035.88
3035.88,3035.88
3035.88,3035.88
3035.88,3035.88
3035.88,3035.88
3035.88,3046.88
3035.88,3035.88
3035.88,3035.88
3035.88,3035.88
3035.88,3043.98
3035.88,3035.88
3035.88,3035.88
3035.88,3044
3035.88,3035.88
3035.88,3035.88
3035.88,3035.88
3035.88,3035.88
3035.88,3035.88
3035.88,3035.88
3035.88,3036.77
3035.88,3035.88
3035.88,3035.88
3035.88,3044.08
3035.88,3035.88
3035.88,3035.88
3035.88,3035.88
3035.88,3035.88
3035.88,3036.2
3035.88,3035.88
3035.88,3035.88
3035.88,3036.16
3035.88,3035.88
3035.88,3035.88
3035.88,3035.88
3035.88,3035.88
3035.88,3043.91
3035.88,3035.88
3035.88,3035.88
3035.88,3035.88
3035.88,3035.88
3035.88,3035.88
3035.88,3035.88
3035.88,3037.29
3035.88,3042.01
3035.88,3041.66
3035.88,3035.88
3035.88,3035.88
3035.88,3035.88
3035.88,3035.88
3035.88,3035.88
3035.88,3035.88
3035.88,3042.94
3035.88,3035.88
3035.88,3052.12
3035.88,3035.88
3035.88,3048.97
3035.88,3035.88
3035.88,3043.26
3035.88,3055.92
3035.88,3035.88
3035.88,3043.13
3035.88,3035.88
3035.88,3039.73
3035.88,3035.88
3035.88,3040.36
3035.88,3035.88
3035.88,3035.88
3035.88,3035.88
3035.88,3035.88
3035.88,3036.79
3035.88,3035.88
3035.88,3035.88
3035.88,3038.77
3035.88,3035.88
3035.88,3036.09
3035.88,3035.88
3035.88,3035.88
3035.88,3035.88
3035.88,3035.88
3035.88,3035.88
3035.88,3046.76
3035.88,3035.88
3035.88,3035.88
3035.88,3035.88
3035.88,3038.53
3035.88,3041.34
3035.88,3035.91
3035.88,3041.39
3035.88,3035.88
3035.88,3035.93
3035.88,3036.29
3035.88,3035.88
3035.88,3035.88
3035.88,3035.88
3035.88,3035.88
3035.88,3040.47
3035.88,3035.88
3035.88,3035.88
3035.88,3037.95
3035.88,3037.94
3035.88,3035.88
3035.88,3035.88
3035.88,3035.88
3035.88,3035.88
3035.88,3035.93
3035.88,3035.88
3035.88,3035.88
3035.88,3035.88
3035.88,3035.88
3035.88,3035.88
3035.88,3035.88
3035.88,3049.08
3035.88,3037.21
3035.88,3043.08
3035.88,3035.88
3035.88,3035.88
3035.88,3035.88
3035.88,3035.91
3035.88,3035.88
3035.88,3035.88
3035.88,3035.88
3035.88,3048.33
3035.88,3041.32
3035.88,3035.88
3035.88,3035.88
3035.88,3035.88
3035.88,3035.88
3035.88,3040.37
3035.88,3036.04
3035.88,3046.04
3035.88,3035.88
3035.88,3041.46
3035.88,3037.69
3035.88,3035.88
3035.88,3035.88
3035.88,3035.88
3035.88,3043.41
3035.88,3040.93
3035.88,3035.88
3035.88,3035.88
3035.88,3035.88
3035.88,3036.59
3035.88,3036.72
3035.88,3066.36
3035.88,3035.88
3035.88,3035.88
3035.88,3035.88
3035.88,3036.2
3035.88,3035.88
3035.88,3035.88
3035.88,3037.12
3035.88,3040.89
3035.88,3035.88
3035.88,3035.88
3035.88,3036.06
3035.88,3035.88
3035.88,3035.88
3035.88,3035.88
3035.88,3035.88
3035.88,3041.7
3035.88,3035.88
3035.88,3035.88
3035.88,3039.9
3035.88,3036.79
3035.88,3035.88
3035.88,3036.5
3035.88,3035.88
3035.88,3036.92
3035.88,3044.51
3035.88,3049.58
3035.88,3035.88
3035.88,3041.55
3035.88,3035.88
3035.88,3035.88
3035.88,3041.89
3035.88,3035.88
3035.88,3035.88
3035.88,3035.88
3035.88,3039.29
3035.88,3035.88
3035.88,3035.88
3035.88,3035.88
3035.88,3035.88
3035.88,3035.88
3035.88,3035.88
3035.88,3043.95
3035.88,3035.88
3035.88,3035.88
3035.88,3038.77
3035.88,3035.88
3035.88,3035.88
3035.88,3035.88
3035.88,3035.88
3035.88,3035.88
3035.88,3035.88
3035.88,3047.12
3035.88,3035.88
3035.88,3035.88
3035.88,3045.89
3035.88,3035.88
3035.88,3035.88
3035.88,3036.73
3035.88,3037.36
3035.88,3035.88
3035.88,3037.51
3035.88,3035.88
3035.88,3035.88
3035.88,3036.33
3035.88,3037.88
3035.88,3040.23
3035.88,3035.94
3035.88,3037.93
3035.88,3035.88
3035.88,3038.93
3035.88,3035.88
3035.88,3043.45
3035.88,3035.88
3035.88,3036.35
3035.88,3035.88
3035.88,3037.4
3035.88,3035.88
3035.88,3048.23
3035.88,3035.88
3035.88,3035.88
3035.88,3036.49
3035.88,3035.88
3035.88,3035.88
3035.88,3043.17
3035.88,3037.44
3035.88,3047.28
3035.88,3035.88
3035.88,3035.88
3035.88,3035.88
3035.88,3042.03
3035.88,3035.88
3035.88,3035.88
3035.88,3035.88
3035.88,3035.88
3035.88,3035.88
3035.88,3039.4
3035.88,3037.01
3035.88,3035.88
3035.88,3035.88
3035.88,3035.88
3035.88,3040.5
3035.88,3035.88
3035.88,3035.88
3035.88,3035.88
3035.88,3035.88
3035.88,3035.88
3035.88,3035.88
3035.88,3035.88
3035.88,3035.88
3035.88,3036.49
3035.88,3045
3035.88,3035.88
3035.88,3043.42
3035.88,3035.88
3035.88,3035.88
3035.88,3035.88
3035.88,3035.88
3035.88,3035.88
3035.88,3035.88
3035.88,3036.11
3035.88,3035.88
3035.88,3035.88
3035.88,3035.88
3035.88,3047.19
3035.88,3035.88
3035.88,3040.83
3035.88,3043.69
3035.88,3035.88
3035.88,3035.88
3035.88,3035.88
3035.88,3035.88
3035.88,3035.88
3035.88,3035.88
3035.88,3035.88
3035.88,3035.88
3035.88,3041.2
3035.88,3035.88
3035.88,3036.64
3035.88,3035.88
3035.88,3042.25
3035.88,3044.48
3035.88,3035.88
3035.88,3039.74
3035.88,3035.88
3035.88,3050.48
3035.88,3035.99
3035.88,3035.88
3035.88,3041.33
3035.88,3036.5
3035.88,3042.81
3035.88,3038.48
3035.88,3037.48
3035.88,3035.88
3035.88,3035.88
3035.88,3035.88
3035.88,3042.95
3035.88,3035.88
3035.88,3035.88
3035.88,3035.88
3035.88,3035.88
3035.88,3035.88
3035.88,3035.88
3035.88,3035.88
3035.88,3035.88
3035.88,3037.05
3035.88,3035.88
3035.88,3036.02
3035.88,3035.88
3035.88,3035.88
3035.88,3037.38
3035.88,3041.81
3035.88,3035.88
3035.88,3035.88
3035.88,3035.88
3035.88,3035.88
3035.88,3035.88
3035.88,3035.88
3035.88,3035.88
3035.88,3035.88
3035.88,3037.73
3035.88,3035.88
3035.88,3035.88
3035.88,3035.88
3035.88,3035.88
3035.88,3035.88
3035.88,3049.53
3035.88,3035.88
3035.88,3035.88
3035.88,3035.88
3035.88,3035.88
3035.88,3035.88
3035.88,3035.88
3035.88,3035.88
3035.88,3035.88
3035.88,3035.88
3035.88,3035.88
3035.88,3036.43
3035.88,3035.88
3035.88,3043.47
3035.88,3035.88
3035.88,3036.33
3035.88,3035.88
3035.88,3035.88
3035.88,3035.88
3035.88,3035.88
3035.88,3041.92
3035.88,3039.99
3035.88,3035.88
3035.88,3035.88
3035.88,3035.88
3035.88,3036.81
3035.88,3056.15
3035.88,3035.88
3035.88,3035.88
3035.88,3035.88
3035.88,3035.88
3035.88,3035.88
3035.88,3039.05
3035.88,3035.88
3035.88,3035.88
3035.88,3043.6
3035.88,3035.88
3035.88,3039.71
3035.88,3035.88
3035.88,3035.88
3035.88,3035.98
3035.88,3035.88
3035.88,3035.88
3035.88,3035.88
3035.88,3035.88
3035.88,3036.04
3035.88,3038.58
3035.88,3043.1
3035.88,3042.74
3035.88,3035.88
3035.88,3035.88
3035.88,3035.88
3035.88,3035.88
3035.88,3035.88
3035.88,3036.04
3035.88,3035.88
3035.88,3035.88
3035.88,3035.88
3035.88,3035.88
3035.88,3035.88
3035.88,3035.88
3035.88,3035.88
3035.88,3035.88
3035.88,3039.42
3035.88,3042.9
3035.88,3035.88
3035.88,3035.88
3035.88,3047.73
3035.88,3041.15
3035.88,3035.88
3035.88,3035.88
3035.88,3035.88
3035.88,3035.88
3035.88,3035.88
3035.88,3035.88
3035.88,3035.88
3035.88,3035.88
3035.88,3037.24
3035.88,3035.88
3035.88,3035.88
3035.88,3035.88
3035.88,3044.39
3035.88,3035.88
3035.88,3035.88
3035.88,3035.88
3035.88,3035.88
3035.88,3056.57
3035.88,3035.88
3035.88,3035.88
3035.88,3039.9
3035.88,3035.88
3035.88,3035.88
3035.88,3038.45
3035.88,3043.53
3035.88,3035.88
3035.88,3035.88
3035.88,3035.88
3035.88,3035.88
3035.88,3035.88
3035.88,3036.57
3035.88,3035.88
3035.88,3035.88
3035.88,3035.88
3035.88,3035.88
3035.88,3035.88
3035.88,3035.88
3035.88,3035.88
3035.88,3035.88
3035.88,3039.2
3035.88,3035.88
3035.88,3043.09
3035.88,3035.88
3035.88,3035.88
3035.88,3036.52
3035.88,3035.88
3035.88,3035.88
3035.88,3038.56
3035.88,3052.85
3035.88,3035.88
3035.88,3035.88
3035.88,3035.88
3035.88,3038.4
3035.88,3035.88
3035.88,3035.88
3035.88,3035.88
3035.88,3035.88
3035.88,3035.88
3035.88,3035.88
3035.88,3035.88
3035.88,3035.88
3035.88,3035.88
3035.88,3035.88
3035.88,3043.71
3035.88,3035.88
3035.88,3036.55
3035.88,3046.33
3035.88,3036.22
3035.88,3035.88
3035.88,3035.88
3035.88,3035.88
3035.88,3036.04
3035.88,3036.03
3035.88,3059.67
