6757.23,8671.44
7271.12,7715.02
6896.29,7452.06
6733.04,6965.42
6477.71,6768.46
6051.53,6603.49
5693.53,6290.87
5739.53,5881.47
5485.83,5777.58
5353.93,5653.44
5377.67,5506.9
5250.62,5442.21
5268.81,5367.36
5131.8,5333.36
5143.98,5282.55
5000.84,5190.88
5038.36,5087.74
4897.61,5036.58
4932.26,5022.43
4985.02,5001.26
4887.45,4992.77
4853.77,4965.84
4826.29,4928.82
4762.24,4873.13
4722.76,4817.49
4731.18,4786.58
4572.81,4745.98
4534.01,4702.51
4560.13,4656.08
4380.65,4604.03
4370.07,4479.34
4332.32,4405.78
4269.01,4375.24
4151.55,4304.65
4165.5,4234.57
4075.31,4201.39
4109.1,4197.27
4028.48,4120.17
4031.5,4080.51
4031.5,4045.15
3914.04,4030.23
4019.49,4026.66
4016.01,4020.47
4006.51,4019.31
3960.25,4014.85
3982.09,4008.71
3953.77,4026.53
3928.92,3986.64
3939.02,3951.46
3896.51,3941.51
3866.01,3922.11
3896.47,3898.99
3814.09,3895.64
3887.48,3896.38
3888.01,3896.8
3865.75,3910.24
3852.94,3880.81
3833.28,3870.8
3839.56,3843.71
3839.56,3839.56
3839.56,3840.37
3839.56,3839.56
3784.36,3839
3839.56,3839.56
3839.56,3839.56
3839.56,3839.56
3839.56,3839.56
3839.32,3840.64
3832.6,3842.5
3839.56,3841.36
3839.56,3865.74
3839.56,3839.56
3762.92,3853.19
3762.92,3806.31
3762.92,3764.45
3762.92,3764.37
3705.44,3762.35
3762.92,3762.92
3694.85,3761.56
3666.97,3730.48
3666.97,3687.61
3666.97,3666.97
3666.97,3666.97
3549.94,3666.18
3639.52,3658.52
3573.38,3639.87
3639.52,3639.52
3639.28,3639.51
3639.52,3639.52
3638.95,3639.51
3639.52,3639.53
3639.52,3639.52
3639.52,3639.52
3639.52,3639.52
3639.52,3639.52
3573.38,3638.04
3558.3,3615.47
3558.3,3577.23
3555.72,3562.3
3558.07,3562.59
3539.67,3558.94
3539.67,3610.96
3543.2,3557.08
3555.49,3555.49
3555.49,3555.49
3516.42,3554.78
3523.75,3543.24
3495.24,3523.46
3523.75,3571.62
3523.75,3525.44
3517.86,3523.69
3517.86,3523.69
3523.75,3524.83
3523.75,3523.75
3505.8,3523.57
3522.4,3536.73
3523.75,3523.75
3495.24,3523.46
3492.39,3523.25
3505.24,3516.03
3505.8,3507.34
3505.8,3506.35
3505.8,3505.8
3505.8,3521.01
3505.8,3505.8
3504.46,3515.95
3505.8,3505.8
3505.8,3505.8
3505.8,3514.99
3505.8,3507.49
3505.8,3505.8
3505.8,3505.8
3505.8,3505.8
3484.15,3505.59
3505.8,3510.76
3505.8,3518.48
3505.8,3505.8
3441.46,3505.16
3505.8,3505.8
3441.46,3505.16
3441.46,3505.1
3499.92,3503.04
3499.92,3499.92
3499.92,3499.92
3499.92,3500.71
3499.92,3499.92
3499.92,3499.92
3498.58,3499.91
3499.92,3499.92
3494.71,3525.61
3499.92,3499.92
3499.92,3499.92
3494.71,3499.87
3499.92,3499.92
3499.92,3508.28
3499.92,3499.92
3499.92,3512.3
3472.15,3500.85
3499.92,3501.61
3499.92,3500.21
3499.92,3499.92
3498.58,3499.91
3499.92,3499.92
3435.58,3499.37
3499.92,3499.92
3499.92,3502.37
3499.92,3503.96
3499.92,3499.92
3499.92,3499.92
3499.92,3500.71
3499.92,3499.92
3499.35,3499.91
3499.92,3505.17
3499.92,3499.92
3499.92,3499.92
3494.71,3499.87
3499.92,3500.45
3499.92,3499.92
3498.58,3499.91
3494.71,3499.87
3499.35,3500.35
3499.92,3499.92
3499.92,3499.92
3499.92,3499.92
3499.92,3506.29
3499.92,3500.91
3472.15,3506.33
3499.92,3511.9
3499.35,3499.91
3435.58,3499.28
3499.92,3499.92
3499.92,3499.92
3499.92,3499.92
3498.58,3499.91
3499.92,3500.63
3499.92,3499.92
3435.58,3499.28
3499.92,3499.92
3494.71,3499.87
3499.92,3506.96
3499.92,3499.92
3435.58,3499.28
3499.92,3499.92
3499.92,3499.92
3499.92,3501.9
3498.58,3499.89
3498.58,3499.4
3498.58,3498.58
3498.58,3503.51
3434.23,3497.93
3498.58,3500.89
3498.58,3498.58
3498.58,3498.58
3498.58,3498.58
3434.23,3497.87
3476.92,3495.43
3492.59,3492.59
3492.59,3492.59
3492.59,3492.59
3487.38,3496.75
3492.59,3492.59
3492.59,3492.59
3492.59,3497.79
3492.59,3492.59
3468.81,3492.35
3487.38,3492.54
3492.59,3497.82
3492.59,3492.59
3487.38,3492.54
3492.59,3492.59
3492.59,3492.59
3492.59,3498.3
3492.59,3492.88
3492.02,3495.18
3492.59,3500.92
3492.02,3493.1
3492.59,3492.59
3492.59,3492.59
3486.57,3492.53
3428.24,3495.27
3472.15,3482.33
3472.15,3472.54
3472.15,3472.15
3472.15,3472.15
3472.15,3472.15
3472.15,3475.61
3472.15,3473.16
3472.15,3472.15
3407.8,3471.5
3472.15,3472.15
3472.15,3486.47
3466.45,3480.13
3472.15,3472.15
3472.15,3472.15
3472.15,3472.15
3472.15,3475.09
3472.15,3472.15
3472.15,3483.21
3472.15,3472.15
3472.15,3472.15
3472.15,3472.54
3472.15,3472.15
3466.12,3511.17
3472.15,3472.15
3472.15,3472.15
3472.15,3472.15
3466.94,3472.09
3472.15,3472.15
3472.15,3472.15
3472.15,3472.15
3472.15,3472.15
3472.15,3474.41
3472.15,3472.15
3466.94,3472.09
3472.15,3472.15
3472.15,3472.15
3466.15,3472.09
3407.8,3472.87
3472.15,3472.15
3472.15,3472.15
3472.15,3472.15
3472.15,3472.15
3472.15,3476.25
3472.15,3490.61
3472.15,3479.8
3472.15,3472.55
3450.49,3472.39
3472.15,3472.15
3472.15,3472.15
3472.15,3475.87
3407.8,3471.5
3472.15,3472.52
3472.15,3482.75
3407.8,3471.5
3472.15,3505.24
3472.15,3472.15
3471.58,3475.61
3472.15,3475.17
3471.58,3472.14
3472.15,3472.15
3472.15,3472.15
3472.15,3472.15
3472.15,3476.42
3472.15,3472.15
3472.15,3472.15
3472.15,3473.16
3472.15,3472.15
3472.15,3473.5
3472.15,3472.15
3472.15,3477.33
3472.15,3472.15
3466.45,3473.32
3472.15,3472.15
3472.15,3472.15
3472.15,3472.15
3471.58,3472.14
3472.15,3472.15
3472.15,3472.57
3472.15,3472.15
3471.58,3472.14
3472.15,3472.15
3472.15,3472.15
3472.15,3474.74
3472.15,3472.15
3466.94,3472.22
3466.94,3469.96
3466.94,3467.18
3466.94,3469.24
3466.94,3466.94
3459.27,3466.86
3466.94,3468.99
3466.94,3466.94
3461.58,3466.88
3450.33,3477.7
3463.81,3465.22
3450.33,3463.68
3463.81,3466.55
3463.81,3463.81
3447.37,3463.65
3458.46,3465.87
3463.81,3464.19
3463.81,3492.84
3463.81,3463.81
3441.73,3463.59
3441.73,3463.59
3463.81,3463.81
3463.81,3463.81
3447.37,3463.65
3447.37,3463.65
3463.81,3463.81
3441.73,3508.84
3463.81,3463.81
3447.66,3463.65
3463.81,3463.81
3450.33,3463.6
3456.15,3459.55
3429.02,3455.88
3456.15,3479.48
3456.15,3475.93
3440,3455.99
3456.15,3456.15
3456.15,3456.15
3456.15,3456.15
3451.86,3456.11
3456.15,3462.06
3456.15,3456.15
3456.15,3456.15
3456.15,3459.3
3456.15,3457.16
3456.15,3456.15
3456.15,3457.22
3456.15,3456.15
3456.15,3456.15
3456.15,3456.15
3456.15,3456.15
3423.25,3455.82
3456.15,3456.15
3434.07,3455.93
3456.15,3456.15
3451.86,3456.11
3434.07,3455.71
3434.07,3474.34
3417.91,3451.46
3434.07,3446.86
3434.07,3434.07
3414.53,3433.87
3434.07,3434.07
3434.07,3434.07
3434.07,3442.06
3434.07,3434.07
3434.07,3434.07
3384.48,3433.57
3434.07,3434.07
3434.07,3434.07
3434.07,3434.07
3434.07,3434.07
3434.07,3434.94
3434.07,3434.07
3434.07,3473.33
3434.07,3434.07
3434.07,3434.07
3434.07,3455.59
3434.07,3434.07
3434.07,3434.07
3434.07,3434.07
3434.07,3434.07
3405.13,3433.97
3405.13,3433.78
3434.07,3443.25
3434.07,3434.07
3434.07,3434.07
3434.07,3434.07
3434.07,3434.07
3434.07,3434.07
3434.07,3445.53
3434.07,3434.07
3434.07,3434.07
3417.91,3435.29
3434.07,3443.55
3434.07,3434.07
3434.07,3434.07
3434.07,3434.07
3434.07,3439.02
3434.07,3434.51
3434.07,3434.07
3434.07,3435.11
3434.07,3434.07
3434.07,3434.07
3434.07,3434.07
3434.07,3434.07
3434.07,3434.07
3434.07,3436.5
3405.13,3434.36
3417.91,3434.09
3420.58,3433.93
3434.07,3434.31
3420.58,3433.93
3434.07,3435.87
3434.07,3434.19
3420.58,3433.93
3434.07,3434.07
3434.07,3437.43
3434.07,3434.07
3420.68,3433.93
3434.07,3434.11
3434.07,3434.07
3384.48,3433.57
3434.07,3434.07
3434.07,3435.66
3434.07,3434.07
3405.13,3433.78
3434.07,3434.07
3434.07,3434.07
3434.07,3435.12
3434.07,3436.87
3434.07,3436.62
3405.13,3433.78
3434.07,3434.07
3417.91,3433.77
3420.58,3429.28
3420.58,3420.6
3362.18,3420
3420.58,3420.58
3420.58,3420.58
3420.58,3420.58
3362.18,3420
3420.58,3420.58
3417.49,3421.19
3420.58,3431.94
3420.58,3424.89
3420.58,3420.58
3420.58,3429.45
3420.58,3432.39
3420.58,3421.25
3401.04,3423.04
3420.58,3420.58
3420.58,3434.28
3420.58,3420.58
3420.58,3420.79
3420.58,3434.24
3420.58,3420.58
3420.58,3420.58
3420.58,3420.58
3420.58,3420.58
3420.58,3420.58
3420.58,3420.58
3391.64,3436.76
3420.58,3420.58
3420.58,3420.58
3420.58,3420.58
3420.58,3420.58
3420.58,3420.58
3420.58,3426.88
3420.58,3420.77
3420.58,3420.58
3420.58,3420.58
3420.58,3420.58
3420.58,3420.58
3420.58,3420.58
3401.04,3420.39
3420.58,3431.56
3420.58,3420.58
3420.58,3420.58
3420.58,3420.58
3420.58,3420.58
3420.58,3420.58
3362.18,3420
3420.58,3422.02
3420.58,3420.58
3420.58,3422.72
3420.58,3420.58
3391.64,3420.29
3420.58,3420.58
3420.58,3424.56
3420.58,3420.58
3420.58,3420.66
3420.58,3420.58
3420.58,3420.91
3420.58,3441.4
3420.58,3420.58
3420.58,3427.21
3420.58,3420.72
3420.58,3420.58
3420.58,3420.58
3420.58,3421.11
3420.58,3420.58
3362.18,3420
3420.58,3422.31
3420.58,3420.58
3420.58,3420.58
3420.58,3424.29
3420.58,3420.58
3420.58,3425.24
3420.58,3420.58
3420.58,3420.58
3391.64,3420.29
3420.58,3427.48
3420.58,3420.58
3420.58,3427.1
3420.58,3420.58
3420.58,3420.58
3391.64,3420.29
3362.18,3419.97
3362.18,3418.61
3417.49,3417.49
3417.49,3417.49
3417.49,3417.49
3417.49,3417.49
3417.49,3419.22
3417.49,3417.49
3417.49,3417.49
3417.49,3417.49
3417.49,3417.49
3417.49,3417.49
3389.5,3417.21
3417.49,3417.49
3417.49,3417.49
3417.49,3467.11
3417.49,3417.49
3417.49,3417.49
3417.49,3417.71
3397.95,3417.3
3417.49,3418.95
3417.49,3417.49
3417.49,3419.46
3417.49,3419.03
3417.49,3417.49
3389.5,3417.21
3417.49,3417.49
3417.49,3420.07
3417.49,3417.49
3389.5,3417.21
3417.49,3417.49
3417.49,3424.78
3417.49,3432.96
3417.49,3417.49
3417.49,3417.7
3417.49,3417.49
3417.49,3452.79
3417.49,3428.48
3417.49,3446.81
3417.49,3417.52
3417.49,3417.49
3417.49,3420.3
3417.49,3417.49
3404.11,3417.36
3417.49,3417.49
3417.49,3417.49
3417.49,3417.49
3404.11,3417.36
3417.49,3417.49
3417.49,3417.49
3417.49,3417.49
3417.49,3417.49
3417.49,3417.49
3417.49,3417.49
3417.49,3418.6
3417.49,3417.52
3417.49,3426.44
3417.49,3417.49
3417.49,3419.56
3417.49,3417.49
3417.49,3417.49
3417.49,3417.49
3388.56,3424.37
3417.49,3417.49
3367.9,3417
3417.49,3431.55
3417.49,3417.49
3417.49,3417.49
3417.49,3429.41
3417.49,3417.49
3388.56,3417.2
3417.49,3417.49
3389.5,3417.21
3417.49,3417.49
3404.11,3419.45
3417.49,3419.02
3417.49,3417.49
3367.9,3417
3417.49,3418.53
3389.5,3417.21
3388.56,3417.2
3417.49,3417.49
3404.11,3417.36
3417.49,3427.47
3417.49,3417.49
3417.49,3417.49
3417.49,3417.49
3417.49,3417.49
3367.9,3417
3417.49,3417.49
3417.49,3417.49
3417.49,3417.49
3404.11,3417.36
3417.49,3417.49
3417.49,3427.41
3417.49,3417.57
3417.49,3417.49
3417.49,3417.49
3397.95,3417.3
3417.49,3417.49
3417.49,3417.49
3417.49,3417.49
3417.49,3418.75
3417.49,3417.49
3417.49,3417.49
3417.49,3418.07
3417.49,3417.49
3389.5,3418.96
3417.49,3417.56
3417.49,3417.49
3417.49,3420.5
3417.49,3423.04
3417.49,3417.49
3417.49,3417.52
3417.49,3417.49
3417.49,3418.09
3417.49,3418.25
3389.5,3421.07
3417.49,3417.49
3417.49,3417.49
3417.49,3417.49
3417.49,3417.49
3417.49,3417.49
3417.49,3417.49
3417.49,3418.39
3417.49,3417.49
3388.56,3420
3417.49,3417.49
3417.49,3423.99
3417.49,3417.49
3417.49,3417.49
3417.49,3417.49
3417.49,3417.49
3417.49,3417.49
3417.49,3417.92
3417.49,3417.49
3417.49,3419
3417.49,3417.49
3417.49,3419.09
3417.49,3417.49
3417.49,3417.49
3417.49,3417.49
3417.49,3417.49
3417.49,3419.37
3417.49,3417.49
3389.5,3417.21
3388.56,3417.2
3417.49,3417.49
3417.49,3417.49
3417.49,3441.71
3417.49,3423.3
3417.49,3417.62
3417.49,3417.49
3417.49,3449.21
3417.49,3417.49
3417.49,3417.49
3417.49,3417.49
3417.49,3435.91
3417.49,3418.17
3389.5,3416.74
3302.81,3418.65
3278.21,3353.31
3203.79,3309.94
3306.2,3312.97
3306.2,3306.2
3306.2,3308.29
3306.2,3316.32
3306.2,3306.2
3306.2,3306.2
3306.2,3306.2
3306.2,3306.98
3306.2,3306.2
3306.2,3306.2
3263.13,3305.77
3306.2,3309.43
3306.2,3306.2
3306.2,3306.2
3306.2,3306.2
3306.2,3307.37
3306.2,3309.08
3306.2,3306.2
3306.2,3306.2
3263.13,3305.77
3306.2,3309.48
3306.2,3306.2
3306.2,3319.2
3263.13,3310.55
3306.2,3306.2
3306.2,3306.21
3306.2,3306.2
3306.2,3306.2
3261.46,3305.75
3306.2,3306.2
3306.2,3306.2
3306.2,3306.2
3278.21,3305.92
3306.2,3311.84
3306.2,3306.2
3306.2,3306.2
3306.2,3306.2
3306.2,3306.2
3306.2,3306.2
3278.21,3305.92
3306.2,3306.2
3306.2,3308.13
3277.26,3305.91
3277.26,3307.75
3306.2,3306.27
3306.2,3310.01
3306.2,3306.2
3277.26,3305.91
3306.2,3306.2
3277.26,3305.91
3306.2,3306.2
3306.2,3306.2
3306.2,3306.2
3306.2,3306.94
3306.2,3306.2
3306.2,3306.2
3292.82,3306.07
3306.2,3306.2
3277.26,3305.92
3277.26,3294.05
3277.26,3281.64
3277.26,3277.26
3277.26,3277.26
3277.26,3277.26
3277.26,3277.26
3277.26,3277.26
3277.26,3277.26
3277.26,3277.26
3277.26,3277.26
3277.26,3277.26
3277.26,3277.26
3277.26,3277.26
3277.26,3277.26
3277.26,3277.66
3277.26,3277.26
3277.26,3277.26
3249.27,3279.85
3277.26,3281.85
3277.26,3277.26
3277.26,3277.26
3277.26,3277.26
3275.41,3277.25
3277.26,3277.26
3277.26,3277.26
3277.26,3277.26
3277.26,3277.26
3277.26,3277.26
3277.26,3277.26
3277.26,3280.37
3277.26,3277.26
3277.26,3277.26
3277.26,3277.26
3275.41,3277.25
3277.26,3277.26
3277.26,3277.26
3277.26,3277.26
3277.26,3277.26
3234.19,3280.16
3277.26,3277.26
3277.26,3277.26
3277.26,3277.26
3277.26,3277.26
3277.26,3278.76
3277.26,3278.27
3277.26,3277.26
3277.26,3277.26
3277.26,3285.03
3249.27,3276.99
3277.26,3277.26
3277.26,3279.3
3277.26,3279.19
3232.53,3276.82
3277.26,3277.27
3277.26,3277.26
3277.26,3277.26
3277.26,3277.5
3277.26,3277.26
3277.26,3277.26
3277.26,3280.28
3275.41,3284.89
3277.26,3277.26
3277.26,3277.26
3277.26,3281.93
3277.26,3277.26
3277.26,3277.26
3277.26,3277.26
3277.26,3279.47
3249.27,3277.2
3277.26,3277.26
3277.26,3280
3277.26,3277.26
3277.26,3277.26
3277.26,3277.26
3277.26,3278.1
3277.26,3279.71
3277.26,3283.11
3277.26,3277.26
3232.53,3276.82
3277.26,3282.67
3277.26,3277.26
3277.26,3277.26
3277.26,3277.26
3277.26,3277.38
3277.26,3277.26
3277.26,3277.26
3277.26,3279.76
3277.26,3277.26
3277.26,3277.26
3277.26,3277.26
3277.26,3277.45
3277.26,3277.26
3249.27,3284.62
3277.26,3277.26
3249.27,3276.99
3277.26,3277.26
3277.26,3277.26
3277.26,3280.58
3277.26,3277.26
3277.26,3277.26
3277.26,3279.04
3277.26,3277.26
3277.26,3277.26
3249.27,3276.99
3277.26,3277.27
3249.27,3276.69
3149.3,3262.46
3149.3,3213.7
3174.85,3174.85
3174.85,3179.61
3152.46,3174.93
3174.85,3174.85
3174.85,3174.85
3174.85,3177.33
3174.85,3174.85
3174.85,3176.47
3131.78,3174.2
3144.61,3167.46
3152.46,3152.46
3152.46,3152.46
3152.46,3152.46
3152.46,3152.46
3152.46,3152.46
3152.46,3152.46
3152.46,3152.46
3152.46,3152.46
3152.46,3152.46
3152.46,3152.46
3149.81,3152.43
3152.46,3157.83
3152.46,3152.46
3152.46,3152.46
3149.81,3152.43
3152.46,3152.46
3109.38,3157.36
3149.81,3152.43
3152.46,3167.75
3152.46,3152.46
3152.46,3156
3152.46,3152.46
3109.38,3152.01
3150.6,3151.73
3150.6,3150.6
3150.6,3150.6
3150.6,3154.59
3150.6,3150.6
3150.6,3150.6
3150.6,3150.6
3107.53,3154.38
3146.31,3148.75
3146.31,3164.18
3146.31,3146.44
3103.23,3145.88
3146.31,3146.31
3146.31,3146.31
3146.31,3146.31
3146.31,3146.31
3143.65,3152.39
3146.31,3146.31
3108.68,3145.93
3146.31,3146.31
3146.31,3146.84
3146.31,3146.31
3146.31,3154.84
3145.88,3146.3
3145.88,3146.69
3146.31,3146.31
3103.23,3145.87
3145.88,3151.35
3145.88,3145.88
3143.14,3147.28
3145.88,3145.88
3143.14,3145.86
3143.23,3145.86
3108.25,3155.81
3145.88,3145.88
3145.88,3145.88
3145.88,3145.88
3145.88,3160.19
3143.23,3145.86
3143.14,3145.86
3143.23,3150.69
3145.88,3145.88
3145.88,3145.88
3145.88,3153.88
3108.25,3148.51
3145.88,3145.88
3108.25,3153.68
3143.14,3145.86
3102.81,3145.45
3145.88,3156.54
3143.23,3145.86
3145.88,3145.88
3145.88,3145.88
3145.88,3145.88
3145.88,3145.88
3145.88,3145.88
3102.81,3148.72
3145.88,3154.89
3145.88,3145.88
3145.88,3145.88
3143.23,3145.86
3145.88,3145.88
3143.23,3145.86
3145.88,3145.88
3145.88,3145.95
3143.14,3145.86
3145.88,3145.88
3145.88,3145.88
3145.88,3145.88
3145.88,3145.88
3145.88,3146.29
3145.88,3145.88
3145.88,3145.88
3145.88,3148.2
3145.88,3145.88
3108.25,3145.51
3145.88,3145.88
3145.88,3145.88
3145.88,3145.88
3145.88,3156.3
3102.81,3150.43
3145.88,3146.22
3145.88,3162.51
3145.88,3171.92
3145.88,3147.37
3145.88,3145.88
3102.81,3145.45
3145.88,3150.88
3145.88,3145.88
3145.88,3145.88
3145.88,3145.88
3145.88,3159.11
3145.88,3145.88
3145.88,3145.88
3145.88,3145.88
3145.88,3154.28
3145.88,3164.04
3102.81,3153.05
3102.81,3145.45
3145.88,3145.88
3145.88,3145.88
3145.88,3145.88
3108.25,3151.39
3145.88,3145.88
3145.88,3145.88
3145.88,3145.88
3145.88,3155.8
3145.88,3145.9
3102.81,3145.45
3145.88,3145.88
3145.88,3148.53
3145.88,3145.88
3145.88,3162.33
3143.14,3145.86
3145.88,3147.28
3145.88,3145.88
3145.88,3145.88
3145.88,3145.88
3145.88,3149.7
3145.88,3145.88
3143.23,3145.86
3145.88,3145.89
3145.88,3145.88
3145.88,3145.88
3145.88,3145.88
3145.88,3145.88
3145.88,3145.88
3145.88,3145.88
3145.88,3145.88
3145.88,3145.88
3145.88,3145.88
3145.88,3145.88
3145.88,3145.88
3145.88,3145.88
3145.88,3145.88
3145.88,3145.88
3145.88,3145.88
3145.88,3145.88
3145.88,3145.88
3108.25,3145.48
3143.14,3154.42
3112.9,3142.84
3143.14,3148.18
3143.14,3143.14
3143.14,3143.14
3143.14,3143.14
3112.9,3143.57
3143.14,3147.5
3143.14,3143.2
3143.14,3144.35
3143.14,3144.78
3143.14,3143.14
3143.14,3143.14
3143.14,3143.14
3143.14,3145.23
3143.14,3143.14
3143.14,3143.14
3143.14,3143.14
3143.14,3143.14
3143.14,3150.08
3100.07,3142.71
3143.14,3146.22
3112.9,3149.16
3143.14,3143.14
3143.14,3147.71
3143.14,3143.14
3143.14,3143.14
3143.14,3143.14
3105.51,3143.78
3143.14,3143.14
3112.9,3142.84
3143.14,3143.14
3143.14,3143.14
3100.07,3147.7
3143.14,3143.14
3143.14,3143.14
3143.14,3143.14
3143.14,3143.14
3143.14,3143.36
3143.14,3143.19
3143.14,3143.14
3105.51,3157.25
3143.14,3143.14
3143.14,3144.32
3105.51,3142.47
3112.9,3135.75
3112.9,3113.64
3112.9,3112.9
3112.9,3138.98
3108.28,3112.85
3112.9,3112.9
3108.28,3112.85
3108.28,3120.43
3112.9,3112.9
3075.27,3112.48
3108.28,3111.1
3108.28,3108.28
3108.28,3108.77
3108.28,3112.24
3108.28,3111.84
3108.28,3111.76
3108.28,3108.28
3108.28,3108.28
3108.28,3108.28
3108.28,3114.72
3108.28,3108.28
3096.93,3108.16
3108.28,3121.3
3108.28,3108.28
3108.28,3108.62
3108.28,3108.28
3108.28,3108.28
3108.28,3113.48
3108.28,3108.28
3096.93,3108.16
3108.28,3108.28
3070.65,3112.18
3108.28,3108.28
3108.28,3117.84
3096.93,3108.22
3108.28,3109.33
3108.28,3108.54
3108.28,3108.28
3108.28,3110.24
3108.28,3108.28
3108.28,3126.91
3108.28,3108.28
3108.28,3108.28
3108.28,3108.28
3096.93,3108.16
3108.28,3108.28
3108.28,3108.28
3108.28,3108.28
3096.93,3108.16
3108.28,3108.28
3108.28,3108.28
3108.28,3108.28
3108.28,3108.28
3108.28,3108.28
3108.28,3108.28
3108.28,3108.28
3108.28,3110.65
3108.28,3110.11
3108.28,3108.28
3108.28,3108.28
3108.28,3108.28
3108.28,3111.41
3108.28,3108.28
3096.93,3113.25
3096.93,3108.16
3108.28,3108.28
3108.28,3108.28
3108.28,3109.08
3108.28,3108.51
3108.28,3108.28
3108.28,3108.28
3108.28,3108.28
3070.65,3107.9
3108.28,3108.8
3108.28,3109.99
3108.28,3108.28
3108.28,3108.28
3108.28,3108.28
3108.28,3108.28
3108.28,3108.28
3108.28,3108.28
3108.28,3108.28
3108.28,3109.93
3108.28,3112.89
3108.28,3130.85
3108.28,3108.53
3108.28,3109.34
3108.28,3109.52
3096.93,3108.16
3108.28,3108.28
3108.28,3108.32
3108.28,3108.28
3108.28,3108.28
3108.28,3108.28
3108.28,3108.28
3108.28,3108.28
3108.28,3113.43
3108.28,3108.28
3108.28,3108.28
3096.93,3116.28
3070.65,3107.9
3108.28,3108.28
3070.65,3107.9
3108.28,3108.28
3108.28,3108.28
3108.28,3108.28
3108.28,3108.55
3108.28,3108.28
3108.28,3108.28
3108.28,3123.13
3070.65,3107.9
3108.28,3108.28
3108.28,3108.28
3108.28,3108.28
3108.28,3108.77
3070.65,3110.2
3108.28,3108.28
3108.28,3109.41
3108.28,3108.28
3108.28,3108.28
3108.28,3108.28
3108.28,3108.28
3096.93,3108.16
3070.65,3107.9
3096.93,3114.38
3108.28,3108.28
3108.28,3108.28
3096.93,3108.16
3108.28,3108.28
3108.28,3108.28
3108.28,3116.24
3108.28,3108.28
3070.65,3108.79
3070.65,3092.29
3070.65,3070.65
3070.65,3072.31
3070.65,3070.65
3070.65,3070.65
3070.65,3070.65
3070.65,3070.65
3070.65,3070.65
3070.65,3072.74
3070.65,3070.65
3070.65,3070.65
3070.65,3072.05
3070.65,3081.58
3070.65,3074.03
3070.65,3070.65
3070.65,3074.48
3070.65,3070.65
3070.65,3079.41
3070.65,3092.16
3070.65,3070.65
3070.65,3070.65
3070.65,3070.65
3059.3,3072.76
3070.65,3070.65
3070.65,3078.47
3070.65,3070.65
3070.65,3070.65
3070.65,3070.65
3070.65,3099.82
3070.65,3075.78
3070.65,3070.65
3070.65,3072.48
3070.65,3070.65
3070.65,3071.61
3070.65,3070.65
3070.65,3070.65
3070.65,3070.65
3070.65,3070.65
3070.65,3070.65
3070.65,3074.46
3070.65,3070.86
3070.65,3070.65
3070.65,3073.2
3070.65,3070.65
3070.65,3070.65
3070.65,3070.65
3070.65,3070.65
3070.65,3070.65
3070.65,3074.3
3070.65,3070.74
3070.65,3070.65
3070.65,3077.62
3070.65,3072.87
3070.65,3070.65
3070.65,3070.93
3070.65,3070.65
3070.65,3070.65
3070.65,3070.74
3070.65,3085.13
3070.65,3070.65
3070.65,3070.75
3070.65,3070.65
3070.65,3078.06
3070.65,3071.56
3070.65,3070.65
3070.65,3070.65
3070.65,3074.71
3070.65,3077.68
3070.65,3072.12
3070.65,3070.65
3070.65,3070.65
3070.65,3070.65
3070.65,3070.65
3070.65,3070.65
3070.65,3072.16
3059.3,3071.43
3070.65,3070.65
3070.65,3070.65
3070.65,3070.65
3070.65,3070.7
3070.65,3070.65
3070.65,3070.65
3070.65,3070.65
3070.65,3070.65
3070.65,3080.55
3070.65,3070.65
3070.65,3077.42
3070.65,3074.25
3059.3,3070.53
3070.65,3073.57
3070.65,3075.85
3070.65,3070.65
3070.65,3070.65
3070.65,3075.35
3070.65,3070.65
3070.65,3070.69
3070.65,3070.65
3070.65,3070.65
3070.65,3070.65
3070.65,3070.65
3070.65,3070.65
3070.65,3078.13
3070.65,3070.65
3070.65,3072.29
3070.65,3072.46
3070.65,3070.65
3070.65,3085.26
3070.65,3072.05
3070.65,3070.65
3070.65,3074.65
3070.65,3070.65
3070.65,3079.4
3070.65,3070.65
3070.65,3070.65
3070.65,3070.65
3070.65,3070.65
3070.65,3070.65
3070.65,3070.65
3070.65,3070.65
3070.65,3070.65
3070.65,3079.66
3070.65,3070.65
3059.3,3081.71
3070.65,3070.65
3070.65,3070.65
3070.65,3070.65
3070.65,3070.65
3070.65,3074.56
3059.3,3070.53
3070.65,3072.29
3070.65,3070.65
3070.65,3070.65
3059.3,3074.93
3070.65,3070.65
3070.65,3072.74
3070.65,3070.65
3070.65,3071.04
3070.65,3070.65
3070.65,3070.65
3070.65,3070.65
3070.65,3070.65
3070.65,3070.65
3070.65,3076.43
3070.65,3070.65
3070.65,3070.65
3070.65,3070.65
3070.65,3070.65
3070.65,3070.7
3070.65,3070.65
3070.65,3070.65
3070.65,3070.65
3070.65,3070.65
3070.65,3070.65
3059.3,3070.53
3070.65,3070.65
3070.65,3070.65
3070.65,3071.02
3070.65,3077.96
3070.65,3070.65
3070.65,3070.65
3070.65,3070.65
3070.65,3070.65
3070.65,3070.65
3070.65,3070.65
3070.65,3070.65
3070.65,3070.86
3070.65,3071.56
3070.65,3070.65
3070.65,3070.65
3070.65,3070.65
3070.65,3070.65
3070.65,3070.65
3070.65,3081.39
3070.65,3070.65
3070.65,3070.65
3059.3,3070.53
3070.65,3071.63
3070.65,3070.65
3059.3,3070.53
3070.65,3070.65
3070.65,3070.65
3070.65,3070.65
3070.65,3070.65
3070.65,3071.73
3070.65,3070.65
3070.65,3070.65
3070.65,3070.65
3070.65,3070.65
3070.65,3070.65
3070.65,3072.32
3059.3,3070.53
3070.65,3079.23
3070.65,3074.66
3070.65,3070.65
3070.65,3070.65
3070.65,3070.65
3070.65,3070.65
3070.65,3073.97
3070.65,3071.04
3070.65,3070.65
3070.65,3070.65
3070.65,3075.9
3070.65,3070.65
3070.65,3070.65
3070.65,3070.65
3070.65,3073.92
3070.65,3070.65
3070.65,3070.65
3070.65,3070.65
3070.65,3070.65
3070.65,3071.52
3070.65,3070.65
3070.65,3070.65
3070.65,3070.65
3070.65,3070.65
3070.65,3070.65
3070.65,3072.38
3070.65,3079.37
3070.65,3070.65
3070.65,3070.65
3070.65,3070.65
3070.65,3070.65
3070.65,3071.04
3059.3,3070.53
3070.65,3070.65
3070.65,3070.65
3070.65,3070.65
3070.65,3070.65
3070.65,3070.65
3070.65,3072.47
3059.3,3070.53
3070.65,3070.65
3070.65,3072.17
3070.65,3070.65
3070.65,3074.35
3070.65,3073.47
3070.65,3082.95
3070.65,3070.65
3070.65,3070.65
3070.65,3070.65
3070.65,3070.65
3070.65,3070.91
3059.3,3070.53
3070.65,3070.7
3070.65,3070.65
3070.65,3070.65
3070.65,3070.65
3070.65,3071.52
3070.65,3071.11
3070.65,3071.49
3070.65,3071.62
3070.65,3070.65
3070.65,3070.65
3070.65,3070.65
3070.65,3070.65
3059.3,3070.53
3070.65,3071.43
3070.65,3070.65
3070.65,3070.65
3070.65,3070.65
3070.65,3070.65
3070.65,3070.65
3070.65,3070.65
3070.65,3073.16
3070.65,3070.65
3070.65,3070.65
3059.3,3070.53
3070.65,3073.95
3070.65,3083.6
3070.65,3083.4
3070.65,3070.65
3070.65,3070.65
3070.65,3070.65
3070.65,3070.65
3070.65,3070.65
3070.65,3070.75
3059.3,3074.11
3059.3,3070.53
3059.3,3070.53
3070.65,3070.65
3070.65,3070.65
3059.3,3070.53
3070.65,3070.65
3070.65,3070.65
3070.65,3070.65
3070.65,3073.4
3070.65,3070.65
3070.65,3070.65
3070.65,3070.65
3059.3,3073.31
3070.65,3070.65
3070.65,3070.65
3070.65,3070.65
3070.65,3070.65
3070.65,3070.65
3070.65,3070.65
3070.65,3070.65
3059.3,3073.64
3070.65,3072.2
3070.65,3075.53
3070.65,3074.69
3070.65,3070.65
3070.65,3093.98
3070.65,3070.65
3070.65,3070.65
3070.65,3079.71
3070.65,3070.65
3070.65,3070.65
3070.65,3070.65
3070.65,3070.65
3070.65,3074.57
3070.65,3076.91
3070.65,3073.12
3070.65,3070.65
3070.65,3071.06
3070.65,3080.28
3070.65,3070.65
3070.65,3070.65
3070.65,3077.39
3070.65,3070.65
3070.65,3070.65
3070.65,3070.65
3070.65,3070.65
3070.65,3070.65
3070.65,3081.94
3070.65,3073.14
3070.65,3070.65
3059.3,3070.53
3070.65,3070.65
3070.65,3071.19
3070.65,3070.65
3070.65,3080.62
3059.3,3070.53
3070.65,3071.05
3070.65,3072.46
3059.3,3070.53
3070.65,3070.65
3070.65,3070.65
3070.65,3071.21
3070.65,3070.65
3070.65,3071.21
3070.65,3070.65
3070.65,3070.65
3070.65,3071.25
3070.65,3070.65
3070.65,3082.31
3070.65,3070.65
3070.65,3070.65
3070.65,3070.65
3070.65,3070.65
3070.65,3070.65
3070.65,3070.65
3070.65,3082.01
3070.65,3070.65
3059.3,3070.53
3070.65,3070.65
3070.65,3074.85
3059.3,3070.53
3059.3,3070.53
3059.3,3070.53
3070.65,3070.65
3070.65,3070.99
3070.65,3070.65
3070.65,3070.65
3070.65,3070.65
3070.65,3070.65
3070.65,3070.65
3070.65,3087.48
3070.65,3070.65
3070.65,3070.65
3070.65,3070.65
3070.65,3070.65
3070.65,3070.86
3070.65,3070.65
3070.65,3070.65
3070.65,3070.65
3070.65,3070.99
3070.65,3070.65
3070.65,3070.69
3070.65,3070.65
3070.65,3071.33
3070.65,3070.65
3070.65,3073.13
3070.65,3070.78
3070.65,3073.04
3070.65,3070.65
3070.65,3070.65
3070.65,3070.65
3070.65,3070.65
3059.3,3070.53
3070.65,3070.65
3070.65,3070.65
3070.65,3070.65
3070.65,3070.65
3059.3,3070.53
3070.65,3075.47
3070.65,3070.65
3070.65,3070.65
3070.65,3070.65
3070.65,3070.65
3070.65,3070.65
3070.65,3070.65
3070.65,3070.65
3070.65,3070.65
3070.65,3070.65
3070.65,3070.65
3070.65,3070.65
3070.65,3070.9
3070.65,3070.65
3059.3,3070.53
3070.65,3070.65
3070.65,3070.65
3070.65,3070.65
3070.65,3070.75
3070.65,3070.73
3070.65,3073.13
3070.65,3070.65
3070.65,3070.65
3070.65,3070.65
3070.65,3070.65
3070.65,3070.65
3070.65,3075.28
3070.65,3071.32
3059.3,3070.89
3070.65,3075.87
3070.65,3070.65
3070.65,3072.69
3059.3,3070.53
3070.65,3070.65
3070.65,3079.02
3070.65,3071.08
3070.65,3071.28
3070.65,3070.65
3070.65,3071.89
3070.65,3070.65
3070.65,3070.89
3070.65,3070.65
3070.65,3073.41
3070.65,3076.66
3070.65,3076.31
3070.65,3076.7
3070.65,3070.65
3070.65,3074.56
3070.65,3070.65
3070.65,3070.65
3070.65,3096.23
3070.65,3070.65
3070.65,3070.65
3059.3,3074.58
3070.65,3071.39
3070.65,3071.67
3070.65,3070.65
3070.65,3070.65
3070.65,3073.66
3070.65,3070.65
3070.65,3070.65
3070.65,3070.65
3070.65,3076.27
3070.65,3072.77
3070.65,3070.65
3059.3,3071.58
3070.65,3071.08
3070.65,3070.93
3070.65,3072.74
3070.65,3070.65
3070.65,3070.65
3070.65,3076.86
3070.65,3079.3
3070.65,3070.65
3070.65,3070.65
3070.65,3075.84
3070.65,3070.65
3070.65,3070.65
3070.65,3070.65
3070.65,3070.65
3070.65,3070.65
3070.65,3075.64
3070.65,3070.65
3070.65,3070.65
3070.65,3070.65
3070.65,3071.35
3070.65,3070.9
3070.65,3070.65
3070.65,3070.65
3070.65,3071.93
3070.65,3081.22
3070.65,3077.6
3070.65,3070.65
3070.65,3070.65
3059.3,3071.56
3059.3,3070.53
3059.3,3072.78
3059.3,3065.32
3059.3,3059.3
3059.3,3059.3
3059.3,3059.3
3059.3,3059.3
3059.3,3059.3
3059.3,3059.3
3059.3,3059.71
3059.3,3060.3
3059.3,3059.3
3059.3,3059.3
3059.3,3059.3
3059.3,3059.3
3059.3,3068.06
3059.3,3060.84
3059.3,3059.3
3059.3,3059.3
3059.3,3059.3
3059.3,3059.3
3059.3,3059.3
3059.3,3059.3
3059.3,3060.27
3059.3,3059.3
3059.3,3061.13
3059.3,3059.3
3059.3,3059.3
3059.3,3060.95
3059.3,3059.3
3059.3,3059.3
3059.3,3059.34
3059.3,3059.3
3059.3,3059.45
3059.3,3059.3
3059.3,3059.3
3059.3,3059.3
3059.3,3059.3
3059.3,3059.3
3059.3,3067.16
3059.3,3059.3
3059.3,3066.13
3059.3,3059.3
3059.3,3059.3
3059.3,3059.3
3059.3,3062.77
3059.3,3059.3
3059.3,3059.45
3059.3,3059.3
3059.3,3059.3
3059.3,3059.3
3059.3,3059.3
3059.3,3059.3
3059.3,3059.3
3059.3,3059.3
3059.3,3060.59
3059.3,3062.91
3059.3,3060.44
3059.3,3059.3
3059.3,3062.72
3059.3,3059.3
3059.3,3059.3
3059.3,3059.3
3059.3,3060.54
3059.3,3061.33
3059.3,3059.3
3059.3,3059.69
3059.3,3065.17
3059.3,3059.3
3059.3,3059.3
3059.3,3063.76
3059.3,3059.3
3059.3,3059.3
3059.3,3059.3
3059.3,3059.3
3059.3,3070.37
3059.3,3059.3
3059.3,3059.3
3059.3,3059.3
3059.3,3059.3
3059.3,3059.3
3059.3,3059.3
3059.3,3059.3
3059.3,3059.3
3059.3,3070.65
3059.3,3059.3
3059.3,3059.3
3059.3,3059.3
3059.3,3059.3
3059.3,3059.3
3059.3,3059.3
3059.3,3059.3
3059.3,3059.3
3059.3,3059.3
3059.3,3072.6
3059.3,3059.3
3059.3,3059.3
3059.3,3059.3
3059.3,3059.3
3059.3,3059.3
3059.3,3059.3
3059.3,3059.3
3059.3,3064.37
3059.3,3064.18
3059.3,3059.3
3059.3,3059.3
3059.3,3059.3
3059.3,3065.98
3059.3,3060.31
3059.3,3059.3
3059.3,3059.3
3059.3,3059.3
3059.3,3059.3
3059.3,3059.3
3059.3,3059.3
3059.3,3059.3
3059.3,3059.3
3059.3,3059.3
3059.3,3059.95
3059.3,3074.2
3059.3,3059.34
3059.3,3062.31
3059.3,3060.25
3059.3,3059.3
3059.3,3059.3
3059.3,3061.71
3059.3,3059.3
3059.3,3059.3
3059.3,3059.3
3059.3,3059.3
3059.3,3059.3
3059.3,3062.21
3059.3,3059.3
3059.3,3064.03
3059.3,3060.43
3059.3,3063.04
3059.3,3059.3
3059.3,3073.91
3059.3,3059.3
3059.3,3059.3
3059.3,3070.25
3059.3,3059.3
3059.3,3059.3
3059.3,3059.3
3059.3,3059.3
3059.3,3073.46
3059.3,3059.3
3059.3,3059.3
3059.3,3059.3
3059.3,3064.84
3059.3,3059.3
3059.3,3064.41
3059.3,3059.3
3059.3,3059.3
3059.3,3070.4
3059.3,3061.61
3059.3,3065.91
3059.3,3059.3
3059.3,3063.05
3059.3,3059.51
3059.3,3059.3
3059.3,3059.3
3059.3,3059.3
3059.3,3059.3
3059.3,3059.3
3059.3,3060.86
3059.3,3059.3
3059.3,3059.3
3059.3,3059.3
3059.3,3059.3
3059.3,3064.16
3059.3,3067.07
3059.3,3059.43
3059.3,3059.3
3059.3,3059.3
3059.3,3059.3
3059.3,3059.3
3059.3,3059.3
3059.3,3059.3
3059.3,3067.5
3059.3,3059.3
3059.3,3059.3
3059.3,3059.3
3059.3,3061.25
3059.3,3059.36
3059.3,3065
3059.3,3059.3
3059.3,3059.3
3059.3,3059.3
3059.3,3059.92
3059.3,3059.3
3059.3,3059.96
3059.3,3064.83
3059.3,3059.3
3059.3,3059.3
3059.3,3059.3
3059.3,3059.3
3059.3,3059.3
3059.3,3059.69
3059.3,3066.22
3059.3,3065.99
3059.3,3059.51
3059.3,3059.3
3059.3,3059.3
3059.3,3059.3
3059.3,3059.3
3059.3,3059.3
3059.3,3059.3
3059.3,3059.3
3059.3,3059.3
3059.3,3061.02
3059.3,3059.3
3059.3,3071.47
3059.3,3059.3
3059.3,3059.3
3059.3,3059.3
3059.3,3059.3
3059.3,3059.3
3059.3,3059.3
3059.3,3059.3
3059.3,3059.3
3059.3,3059.3
3059.3,3059.3
3059.3,3059.3
3059.3,3059.3
3059.3,3059.3
3059.3,3059.3
3059.3,3059.3
3059.3,3067.75
3059.3,3059.3
3059.3,3059.3
3059.3,3059.3
3059.3,3059.59
3059.3,3060.16
3059.3,3060.63
3059.3,3060.43
3059.3,3062.69
3059.3,3059.3
3059.3,3068.62
3059.3,3059.98
3059.3,3069.34
3059.3,3061.71
3059.3,3067.56
3059.3,3059.3
3059.3,3059.62
3059.3,3059.3
3059.3,3059.4
3059.3,3059.3
3059.3,3059.3
3059.3,3059.3
3059.3,3060.39
3059.3,3072.49
3059.3,3059.3
3059.3,3059.91
3059.3,3059.3
3059.3,3059.3
3059.3,3070.92
3059.3,3059.3
3059.3,3059.3
3059.3,3059.3
3059.3,3059.3
3059.3,3059.3
3059.3,3059.3
3059.3,3059.3
3059.3,3059.3
3059.3,3060.88
3059.3,3059.3
3059.3,3059.3
3059.3,3059.3
3059.3,3059.3
3059.3,3059.3
3059.3,3059.3
3059.3,3059.3
3059.3,3059.3
3059.3,3059.3
3059.3,3064.62
3059.3,3059.3
3059.3,3059.3
3059.3,3071.97
3059.3,3059.3
3059.3,3061.73
3059.3,3059.3
3059.3,3059.3
3059.3,3065.36
3059.3,3059.3
3059.3,3059.3
3059.3,3059.3
