6757.23,8633.35
7263.15,7747.69
7098.56,7504.97
6873.53,7287.02
6291.11,7049.05
6093.64,6571.69
5946.18,6273.12
5897.56,6118.27
5877.26,5987.88
5565.14,5876
5522.98,5713.72
5332.85,5561.33
5436.79,5530.43
5444.55,5531.79
5141.34,5439.15
5115.86,5255.53
4797.17,5143.24
4803.45,4943.79
4512.7,4848.21
4559.02,4789.69
4526.97,4678.33
4495.99,4567.87
4160.49,4515.26
4366.54,4493.42
4418.47,4466.34
4157.57,4434.3
4401.95,4419.8
4279.38,4411.46
4396.64,4406.74
4382.29,4406.56
4363.07,4406.2
4284.25,4404.39
4053.52,4384.06
3937.67,4322.26
4169.11,4210.66
4141.63,4178.65
4104.65,4172.33
4026.96,4169.19
3766.99,4064.87
3757.18,3958.28
3757.18,3809.05
3697.03,3756.58
3674.15,3738.11
3687.94,3703.54
3574.71,3686.59
3677.26,3681.96
3498.12,3671.03
3496.94,3616.18
3511.99,3533.63
3469.48,3511.57
3511.99,3511.99
3511.99,3511.99
3410.61,3510.83
3477.78,3506.92
3477.78,3489.27
3471.75,3477.72
3477.78,3477.78
3417.66,3477.18
3376.4,3476.7
3464.57,3487.95
3471.68,3471.68
3471.68,3471.68
3452.61,3471.31
3427.23,3471.76
3453.49,3453.49
3434.42,3452.76
3435.6,3445.19
3417.85,3435.18
3416.37,3428.76
3416.37,3422.33
3422.39,3423.86
3410.62,3425.1
3422.39,3422.39
3422.39,3422.39
3357.79,3421.75
3405.35,3428.7
3415.3,3419.7
3403.53,3415.18
3396.23,3419.96
3415.3,3415.3
3350.69,3414.65
3415.3,3415.3
3415.3,3419.67
3415.3,3415.3
3409.27,3415.24
3394.26,3416.95
3403.53,3417.93
3415.3,3415.3
3396.23,3415.11
3409.27,3415.24
3415.3,3415.3
3415.3,3415.3
3415.3,3415.3
3397.55,3418.99
3388.3,3414.91
3394.25,3409.44
3397.5,3403.47
3397.5,3403.47
3403.53,3403.53
3403.53,3403.53
3376.53,3403.26
3376.53,3403.16
3375.17,3399.94
3354.08,3408.49
3309.6,3393.57
3327.28,3400.66
3338.15,3386.08
3354.6,3354.6
3354.6,3358.78
3354.6,3354.6
3348.57,3354.54
3354.6,3354.6
3348.57,3354.54
3354.6,3354.6
3354.6,3354.6
3336.96,3354.08
3336.96,3362.47
3283.78,3338.71
3290.03,3336.54
3330.94,3334.19
3330.94,3330.94
3330.94,3330.94
3330.94,3331.89
3330.94,3338.54
3330.94,3330.94
3330.94,3330.94
3330.94,3331.51
3303.62,3352.52
3330.94,3330.94
3330.94,3330.94
3330.94,3330.94
3330.94,3336.57
3284,3340.9
3314.49,3330.77
3303.62,3330.66
3303.62,3358.7
3330.94,3331.15
3330.94,3330.94
3264.44,3330
3303.62,3321.44
3303.62,3304.69
3303.62,3303.62
3303.62,3303.62
3303.62,3303.62
3303.62,3323.8
3303.62,3303.62
3303.62,3310.47
3303.62,3314.52
3237.12,3303.82
3303.62,3303.62
3303.62,3303.62
3256.68,3303.15
3303.62,3303.62
3303.62,3322.08
3303.62,3303.62
3303.62,3303.62
3303.62,3306.76
3237.12,3302.95
3303.62,3331.61
3303.62,3303.62
3287.17,3303.46
3303.62,3311.39
3303.62,3303.62
3303.62,3303.62
3303.62,3316.24
3256.68,3303.18
3303.62,3303.62
3303.62,3303.62
3303.62,3303.62
3303.62,3303.62
3303.62,3304.33
3237.12,3302.95
3303.62,3303.62
3303.62,3315.8
3303.62,3303.62
3303.62,3303.65
3303.62,3303.62
3303.62,3303.62
3303.62,3303.62
3303.62,3320.89
3303.62,3303.62
3303.62,3310.63
3303.62,3304.55
3303.62,3303.62
3303.62,3303.62
3303.62,3308.48
3303.62,3303.62
3303.62,3303.62
3303.62,3303.62
3303.62,3303.62
3303.62,3303.62
3303.62,3303.62
3287.17,3303.9
3303.62,3303.62
3256.68,3303.15
3303.62,3310.64
3303.62,3336.4
3303.62,3303.62
3303.62,3303.62
3303.62,3303.62
3303.62,3303.62
3287.17,3303.46
3303.62,3303.62
3287.17,3308.37
3237.12,3302.95
3303.62,3303.62
3303.62,3303.62
3303.62,3303.62
3303.62,3303.62
3303.62,3303.62
3287.17,3303.46
3303.62,3303.62
3303.62,3303.62
3287.17,3314.83
3303.62,3303.62
3303.62,3303.62
3303.62,3305.05
3303.62,3303.62
3303.62,3303.62
3303.62,3304.09
3303.62,3303.62
3303.62,3303.62
3303.62,3303.62
3287.17,3303.46
3237.12,3302.95
3303.62,3303.62
3303.62,3303.62
3303.62,3305.76
3237.12,3302.95
3303.62,3303.62
3303.62,3303.62
3303.62,3303.62
3303.62,3303.62
3303.62,3303.81
3303.62,3303.62
3303.62,3304.57
3237.12,3302.95
3303.62,3303.73
3287.17,3303.46
3303.62,3303.62
3303.62,3303.75
3303.62,3304.37
3237.12,3302.29
3237.12,3272.28
3237.12,3237.12
3237.12,3238.91
3220.68,3236.96
3237.12,3237.12
3237.12,3237.12
3190.18,3240.05
3237.12,3237.12
3237.12,3239.9
3237.12,3239.32
3237.12,3238.56
3237.12,3237.12
3237.12,3243.05
3237.12,3237.12
3237.12,3237.12
3237.12,3237.12
3237.12,3239.67
3237.12,3259.64
3237.12,3237.72
3237.12,3237.12
3237.12,3237.12
3237.12,3238.95
3237.12,3237.12
3237.12,3237.12
3237.12,3269.39
3220.68,3236.96
3237.12,3245.08
3237.12,3237.12
3237.12,3237.12
3237.12,3237.12
3237.12,3237.12
3237.12,3237.12
3237.12,3237.12
3237.12,3237.12
3237.12,3237.12
3237.12,3246.38
3237.12,3237.12
3237.12,3237.12
3220.68,3236.96
3237.12,3237.12
3237.12,3237.12
3237.12,3237.12
3237.12,3239.22
3190.18,3237.85
3237.12,3237.12
3237.12,3237.68
3237.12,3237.12
3237.12,3237.12
3237.12,3237.12
3237.12,3248.64
3237.12,3237.12
3220.68,3236.96
3237.12,3239.02
3237.12,3237.12
3220.68,3240.09
3237.12,3242.09
3237.12,3237.12
3237.12,3237.12
3237.12,3237.12
3237.12,3237.12
3237.12,3237.12
3237.12,3237.12
3237.12,3237.12
3237.12,3253.08
3190.18,3239.02
3237.12,3237.12
3190.18,3236.65
3237.12,3241.74
3237.12,3237.12
3237.12,3237.12
3220.68,3236.96
3237.12,3255.75
3237.12,3237.12
3237.12,3237.12
3190.18,3238.99
3237.12,3237.12
3237.12,3237.12
3237.12,3237.12
3237.12,3237.12
3237.12,3237.12
3237.12,3239.47
3220.68,3244.52
3237.12,3237.12
3190.18,3236.65
3237.12,3237.12
3237.12,3243.67
3237.12,3237.12
3220.68,3237.15
3237.12,3237.12
3237.12,3237.12
3237.12,3237.12
3237.12,3237.12
3237.12,3242.36
3237.12,3262.56
3237.12,3237.12
3237.12,3237.12
3190.18,3237.58
3237.12,3240.79
3237.12,3237.12
3237.12,3237.12
3237.12,3237.12
3237.12,3241.9
3237.12,3257.99
3237.12,3237.12
3237.12,3247.52
3237.12,3237.12
3237.12,3237.12
3190.18,3241.62
3237.12,3237.12
3237.12,3239.07
3237.12,3237.12
3237.12,3237.12
3237.12,3238.56
3237.12,3239.27
3237.12,3237.27
3237.12,3237.12
3237.12,3237.12
3237.12,3237.12
3237.12,3237.12
3237.12,3244.71
3237.12,3240.28
3237.12,3237.12
3220.68,3236.96
3190.18,3238.74
3237.12,3245.03
3237.12,3238.47
3220.68,3237.26
3220.68,3236.96
3237.12,3237.12
3237.12,3237.12
3237.12,3248.61
3237.12,3237.53
3237.12,3237.12
3237.12,3237.12
3237.12,3237.21
3237.12,3237.19
3237.12,3255.25
3237.12,3238.98
3237.12,3252.64
3237.12,3237.35
3237.12,3237.12
3237.12,3289.85
3237.12,3237.12
3237.12,3237.12
3237.12,3237.12
3237.12,3237.12
3220.68,3236.96
3237.12,3237.21
3237.12,3237.12
3237.12,3244.36
3190.18,3236.65
3237.12,3237.41
3237.12,3257.35
3190.18,3236.65
3237.12,3237.76
3237.12,3237.12
3237.12,3237.12
3237.12,3237.12
3237.12,3237.12
3190.18,3236.65
3237.12,3237.12
3237.12,3239.41
3237.12,3239.44
3237.12,3237.12
3237.12,3237.12
3237.12,3237.12
3237.12,3237.12
3237.12,3242.99
3220.68,3236.96
3237.12,3237.12
3237.12,3259.01
3237.12,3237.12
3237.12,3237.12
3237.12,3237.12
3220.68,3244.08
3237.12,3237.19
3237.12,3237.12
3237.12,3237.12
3237.12,3260.14
3237.12,3237.6
3237.12,3237.12
3190.18,3236.65
3237.12,3237.12
3237.12,3237.61
3237.12,3243.45
3237.12,3237.12
3237.12,3237.12
3237.12,3237.12
3237.12,3237.12
3237.12,3237.12
3237.12,3240.34
3237.12,3237.96
3237.12,3237.12
3237.12,3239.48
3237.12,3237.19
3237.12,3237.12
3237.12,3237.12
3220.68,3236.96
3237.12,3237.12
3237.12,3237.12
3237.12,3237.12
3237.12,3248.73
3237.12,3237.58
3237.12,3237.12
3237.12,3243.73
3237.12,3238.25
3237.12,3237.7
3237.12,3243.94
3237.12,3237.12
3237.12,3237.12
3237.12,3237.12
3220.68,3236.96
3237.12,3237.12
3237.12,3237.12
3237.12,3237.12
3237.12,3237.12
3237.12,3237.12
3237.12,3237.12
3237.12,3237.12
3237.12,3237.12
3237.12,3237.12
3237.12,3237.12
3237.12,3237.12
3237.12,3237.58
3237.12,3237.12
3237.12,3242.39
3237.12,3237.12
3237.12,3237.12
3237.12,3243.56
3237.12,3237.12
3237.12,3237.92
3237.12,3243.51
3220.68,3240.03
3237.12,3237.12
3237.12,3237.12
3237.12,3237.12
3237.12,3238.13
3237.12,3237.12
3237.12,3237.12
3237.12,3237.12
3237.12,3244.98
3237.12,3237.94
3220.68,3236.96
3237.12,3237.29
3190.18,3236.65
3237.12,3237.12
3237.12,3237.31
3237.12,3237.12
3237.12,3237.12
3237.12,3237.12
3237.12,3237.12
3220.68,3237.55
3237.12,3237.12
3237.12,3237.12
3190.18,3236.65
3237.12,3241.51
3237.12,3237.12
3237.12,3241.08
3237.12,3237.12
3237.12,3248.75
3237.12,3237.12
3237.12,3237.12
3237.12,3237.12
3237.12,3237.12
3237.12,3238.28
3237.12,3241.7
3237.12,3238.23
3237.12,3237.12
3237.12,3237.12
3237.12,3237.12
3237.12,3239
3237.12,3237.12
3201.08,3238.72
3237.12,3237.12
3237.12,3237.25
3237.12,3237.12
3237.12,3237.12
3237.12,3237.12
3237.12,3237.23
3237.12,3245.07
3237.12,3237.12
3237.12,3237.12
3237.12,3250.04
3237.12,3237.12
3237.12,3237.12
3237.12,3237.12
3237.12,3244.19
3237.12,3237.12
3237.12,3243.03
3237.12,3241.13
3237.12,3237.12
3237.12,3237.12
3237.12,3237.12
3190.18,3236.65
3237.12,3237.45
3237.12,3237.12
3237.12,3237.21
3237.12,3237.12
3237.12,3251.16
3237.12,3237.12
3237.12,3237.12
3237.12,3237.12
3237.12,3237.12
3237.12,3237.12
3237.12,3237.12
3190.18,3243.97
3237.12,3237.12
3237.12,3237.12
3237.12,3247.01
3237.12,3237.12
3237.12,3237.12
3237.12,3237.12
3237.12,3244.51
3220.68,3236.96
3237.12,3237.12
3237.12,3237.12
3237.12,3237.12
3237.12,3237.12
3237.12,3237.12
3237.12,3237.12
3190.18,3236.65
3190.18,3236.65
3237.12,3237.12
3237.12,3237.12
3237.12,3237.12
3237.12,3237.12
3237.12,3237.12
3237.12,3258.52
3237.12,3244.81
3237.12,3237.12
3237.12,3237.12
3237.12,3237.12
3237.12,3237.12
3237.12,3237.29
3237.12,3237.12
3237.12,3240.52
3237.12,3249.03
3237.12,3237.12
3237.12,3237.12
3237.12,3237.12
3237.12,3237.12
3237.12,3237.12
3237.12,3237.12
3237.12,3237.12
3237.12,3237.12
3237.12,3237.12
3237.12,3237.12
3237.12,3237.12
3237.12,3237.12
3237.12,3237.12
3237.12,3237.48
3190.18,3236.65
3237.12,3237.12
3237.12,3253.07
3220.68,3236.96
3220.68,3237.03
3190.18,3239.37
3220.68,3231.04
3220.68,3237.05
3220.68,3223.9
3220.68,3220.68
3220.68,3227.28
3220.68,3222.22
3220.68,3222.57
3220.68,3220.68
3220.68,3220.68
3207.69,3262.81
3220.68,3220.68
3220.68,3220.68
3207.69,3220.55
3220.68,3220.68
3220.68,3221.43
3220.68,3220.68
3220.68,3220.68
3220.68,3220.68
3220.68,3220.68
3220.68,3233.08
3220.68,3222.16
3220.68,3225.42
3220.68,3220.68
3220.68,3220.68
3220.68,3227.66
3220.68,3220.68
3220.68,3220.68
3220.68,3223.2
3220.68,3220.68
3220.68,3244.63
3220.68,3242.36
3173.74,3220.21
3220.68,3220.68
3220.68,3220.68
3220.68,3220.68
3220.68,3238.78
3173.74,3220.21
3220.68,3220.68
3220.68,3220.68
3220.68,3221.64
3220.68,3220.68
3220.68,3220.68
3220.68,3220.68
3220.68,3220.68
3220.68,3220.68
3207.69,3220.55
3220.68,3244.99
3220.68,3229.32
3220.68,3220.68
3220.68,3220.68
3220.68,3220.68
3220.68,3220.68
3220.68,3226.97
3220.68,3220.68
3220.68,3247.76
3220.68,3224.06
3220.68,3220.95
3220.68,3223.6
3220.68,3220.68
3220.68,3225.5
3220.68,3220.68
3220.68,3220.68
3220.68,3220.68
3220.68,3220.68
3220.68,3221.44
3220.68,3222.14
3220.68,3229.94
3220.68,3220.68
3220.68,3220.68
3220.68,3220.68
3173.74,3220.75
3220.68,3220.8
3220.68,3230.4
3220.68,3220.68
3173.74,3220.21
3220.68,3229.94
3220.68,3220.68
3220.68,3220.8
3220.68,3220.68
3220.68,3220.68
3220.68,3235.13
3220.68,3220.68
3220.68,3220.68
3220.68,3230.8
3220.68,3235.47
3220.68,3220.68
3220.68,3220.68
3220.68,3220.84
3220.68,3221.91
3220.68,3220.68
3220.68,3220.68
3220.68,3220.68
3220.68,3238.01
3220.68,3220.68
3220.68,3220.68
3220.68,3220.68
3220.68,3220.68
3220.68,3220.68
3220.68,3220.68
3220.68,3220.68
3220.68,3220.68
3220.68,3220.68
3220.68,3222.47
3220.68,3220.68
3173.74,3220.21
3220.68,3220.68
3220.68,3220.68
3220.68,3220.68
3173.74,3220.21
3220.68,3223.38
3220.68,3220.68
3220.68,3220.68
3220.68,3220.68
3220.68,3220.68
3220.68,3224.74
3220.68,3221.03
3220.68,3220.68
3220.68,3220.68
3220.68,3222.4
3220.68,3220.68
3207.69,3243.95
3220.68,3221
3220.68,3220.68
3173.74,3224.39
3207.69,3240.24
3220.68,3220.68
3220.68,3223.32
3220.68,3221.23
3207.69,3220.55
3220.68,3220.68
3220.68,3220.68
3220.68,3220.68
3220.68,3220.68
3207.69,3220.55
3220.68,3234.42
3220.68,3220.68
3220.68,3220.68
3220.68,3220.68
3220.68,3220.68
3220.68,3221.13
3220.68,3220.68
3220.68,3220.68
3220.68,3222.04
3220.68,3220.68
3220.68,3220.68
3173.74,3220.08
3170.92,3232.92
3170.92,3214.02
3204.81,3204.81
3204.81,3204.81
3204.81,3204.81
3204.81,3204.81
3204.81,3207.15
3204.81,3205.91
3204.81,3246.05
3204.81,3204.81
3204.81,3205.19
3204.81,3204.81
3204.81,3209.28
3204.81,3204.81
3157.87,3204.86
3204.81,3204.81
3204.81,3204.81
3204.81,3204.81
3204.81,3229.01
3204.81,3204.81
3204.81,3215.1
3204.81,3204.81
3204.81,3204.81
3204.81,3204.81
3204.81,3204.81
3204.81,3204.81
3204.81,3239.59
3204.81,3204.81
3204.81,3210.19
3204.81,3204.96
3204.81,3205.22
3204.81,3204.81
3204.81,3204.81
3204.81,3220.83
3157.87,3204.34
3204.81,3204.81
3204.81,3204.81
3204.81,3204.81
3204.81,3204.89
3204.81,3204.81
3204.81,3204.81
3204.81,3204.81
3204.81,3214.07
3204.81,3204.81
3204.81,3204.81
3204.81,3204.81
3204.81,3204.81
3204.81,3211.35
3170.92,3204.47
3204.81,3207.9
3204.81,3204.81
3157.87,3204.34
3204.81,3210.3
3204.81,3204.81
3204.81,3204.81
3204.81,3204.81
3204.81,3205.5
3170.92,3230.52
3204.81,3204.81
3204.81,3204.81
3204.81,3204.81
3204.81,3204.81
3204.81,3204.81
3204.81,3206.26
3204.81,3204.81
3204.81,3204.81
3157.87,3204.34
3204.81,3204.81
3204.81,3204.81
3204.81,3204.81
3170.92,3210.54
3204.81,3204.81
3204.81,3213.56
3204.81,3204.81
3204.81,3204.81
3157.87,3204.34
3204.81,3204.81
3204.81,3205.34
3204.81,3204.81
3204.81,3209.97
3204.81,3204.81
3204.81,3204.81
3204.81,3235.43
3204.81,3204.81
3204.81,3204.81
3204.81,3204.81
3204.81,3204.81
3204.81,3204.81
3157.87,3205.21
3204.81,3209.54
3204.81,3225.81
3204.81,3204.81
3204.81,3204.81
3204.81,3204.87
3204.81,3205.47
3204.81,3217.25
3170.92,3210.45
3204.81,3210.53
3204.81,3209.71
3204.81,3204.81
3204.81,3210.83
3204.81,3204.81
3204.81,3204.81
3204.81,3204.81
3204.81,3207.55
3157.87,3204.34
3204.81,3204.81
3204.81,3204.81
3157.87,3204.34
3204.81,3204.81
3204.81,3213.67
3204.81,3206.42
3204.81,3204.81
3204.81,3204.81
3204.81,3204.81
3204.81,3212.46
3204.81,3204.81
3204.81,3204.81
3204.81,3204.81
3204.81,3215.88
3204.81,3204.81
3204.81,3213.65
3204.81,3204.81
3204.81,3204.81
3204.81,3204.81
3204.81,3204.81
3204.81,3204.81
3204.81,3204.81
3204.81,3204.81
3157.87,3204.34
3204.81,3204.81
3204.81,3204.81
3204.81,3204.81
3204.81,3212.36
3204.81,3204.81
3204.81,3205.08
3204.81,3204.81
3204.81,3204.97
3204.81,3207.23
3204.81,3217.41
3170.92,3204.47
3204.81,3208.07
3204.81,3204.81
3204.81,3204.81
3204.81,3204.81
3204.81,3204.81
3204.81,3205.73
3204.81,3204.81
3204.81,3204.81
3204.81,3220.42
3204.81,3207.88
3204.81,3205.29
3204.81,3204.81
3204.81,3204.81
3204.81,3204.81
3204.81,3204.81
3204.81,3204.81
3204.81,3204.81
3204.81,3211.68
3204.81,3204.81
3204.81,3204.81
3204.81,3207.85
3204.81,3204.81
3204.81,3204.81
3204.81,3220.26
3204.81,3204.81
3204.81,3204.81
3157.87,3204.34
3204.81,3213.23
3170.92,3204.47
3204.81,3204.81
3204.81,3204.81
3204.81,3209.46
3204.81,3204.81
3204.81,3204.81
3204.81,3204.81
3170.92,3206.3
3204.81,3204.81
3204.81,3205.81
3204.81,3204.81
3204.81,3208.89
3204.81,3210.73
3204.81,3208
3204.81,3213.37
3204.81,3206.02
3204.81,3223.4
3204.81,3204.81
3204.81,3214.65
3204.81,3207.15
3204.81,3204.81
3157.87,3205.54
3204.81,3204.81
3204.81,3211.63
3204.81,3205
3204.81,3205.36
3204.81,3204.81
3204.81,3204.81
3204.81,3204.81
3204.81,3204.81
3204.81,3225.86
3204.81,3204.81
3170.92,3204.53
3157.87,3204.34
3204.81,3207.83
3157.87,3208.83
3136.51,3205.98
3157.87,3168.33
3157.87,3157.87
3157.87,3159.37
3157.87,3158.25
3157.87,3157.87
3157.87,3157.87
3157.87,3161.81
3123.98,3183.86
3130.58,3157.59
3157.87,3157.87
3157.87,3157.87
3130.58,3158.06
3157.87,3182.98
3157.87,3161.63
3157.87,3158.15
3157.87,3157.87
3130.58,3157.59
3157.87,3161.32
3123.98,3158.45
3123.98,3157.53
3157.87,3157.87
3157.87,3157.87
3157.87,3185.07
3157.87,3159.13
3157.87,3157.87
3157.87,3161.36
3157.87,3157.87
3157.87,3157.87
3157.87,3157.87
3130.58,3157.59
3157.87,3157.87
3157.87,3158.22
3157.87,3167.51
3157.87,3157.87
3157.87,3157.87
3157.87,3173.35
3157.87,3157.87
3157.87,3157.87
3157.87,3157.87
3157.87,3157.87
3157.87,3157.87
3157.87,3157.87
3157.87,3157.87
3157.87,3157.87
3157.87,3167.83
3157.87,3157.87
3157.87,3157.87
3157.87,3157.87
3157.87,3159.55
3157.87,3170.14
3157.87,3157.87
3157.87,3157.87
3157.87,3177.91
3157.87,3157.87
3157.87,3157.87
3157.87,3157.87
3157.87,3158.98
3123.98,3157.53
3157.87,3157.87
3123.98,3169.48
3157.87,3157.87
3157.87,3157.87
3157.87,3157.95
3157.87,3157.87
3130.58,3157.59
3157.87,3157.87
3123.98,3157.53
3157.87,3157.87
3157.87,3157.87
3157.87,3157.87
3157.87,3157.87
3157.87,3162.31
3157.87,3157.87
3157.87,3157.87
3157.87,3157.87
3157.87,3157.87
3157.87,3157.87
3157.87,3158.9
3157.87,3157.87
3123.98,3157.53
3157.87,3157.87
3157.87,3157.87
3157.87,3158.03
3157.87,3157.87
3157.87,3157.87
3123.98,3158.36
3157.87,3157.87
3157.87,3157.87
3157.87,3161.39
3157.87,3161.44
3157.87,3157.87
3157.87,3163.43
3157.87,3157.87
3130.58,3157.59
3123.98,3157.53
3157.87,3158.67
3157.87,3157.87
3157.87,3157.87
3157.87,3157.87
3157.87,3157.87
3157.87,3157.87
3130.58,3176.13
3157.87,3173.76
3157.87,3157.87
3157.87,3157.87
3157.87,3157.87
3157.87,3157.87
3157.87,3165.47
3157.87,3157.87
3157.87,3164.85
3130.58,3157.59
3157.87,3157.87
3157.87,3157.87
3157.87,3168.58
3157.87,3157.87
3157.87,3157.87
3157.87,3157.87
3130.58,3181.6
3157.87,3157.87
3157.87,3157.87
3157.87,3157.93
3157.87,3157.87
3157.87,3157.87
3157.87,3159.07
3157.87,3161.77
3157.87,3162.57
3157.87,3157.87
3130.58,3157.59
3157.87,3162.12
3157.87,3157.87
3157.87,3158.25
3157.87,3157.87
3157.87,3157.87
3130.58,3157.59
3123.98,3157.53
3157.87,3157.87
3157.87,3166.08
3157.87,3157.87
3157.87,3157.87
3157.87,3161.32
3157.87,3162.36
3157.87,3157.87
3157.87,3157.87
3157.87,3157.87
3157.87,3157.87
3157.87,3166.1
3157.87,3157.87
3157.87,3158.97
3157.87,3157.87
3157.87,3157.87
3157.87,3157.87
3157.87,3157.87
3157.87,3175.61
3157.87,3157.87
3123.98,3157.19
3123.98,3145.28
3123.98,3123.98
3123.98,3124.34
3123.98,3123.98
3123.98,3126.44
3123.98,3123.98
3123.98,3132.56
3123.98,3123.98
3123.98,3123.98
3123.98,3123.98
3123.98,3124.68
3123.98,3123.98
3123.98,3135.49
3123.98,3123.98
3123.98,3123.98
3123.98,3123.98
3123.98,3131.86
3123.98,3123.98
3123.98,3124.17
3123.98,3144.5
3123.98,3123.98
3123.98,3123.98
3123.98,3140.6
3123.98,3128.07
3123.98,3123.98
3123.98,3123.98
3123.98,3123.98
3096.69,3123.71
3123.98,3123.98
3123.98,3124.76
3123.98,3128.03
3096.69,3123.71
3123.98,3123.98
3123.98,3123.98
3123.98,3123.98
3123.98,3123.98
3123.98,3123.98
3123.98,3127
3123.98,3123.98
3123.98,3123.98
3123.98,3123.98
3123.98,3123.98
3123.98,3142.33
3123.98,3123.98
3123.98,3129.97
3123.98,3143.87
3123.98,3123.98
3123.98,3123.98
3123.98,3123.98
3123.98,3123.98
3123.98,3123.98
3123.98,3127.19
3123.98,3123.98
3123.98,3135.61
3123.98,3123.98
3123.98,3127.38
3123.98,3123.98
3123.98,3125.5
3123.98,3123.98
3123.98,3123.98
3123.98,3123.98
3123.98,3131.11
3123.98,3124.93
3123.98,3123.98
3123.98,3123.98
3123.98,3123.98
3123.98,3123.98
3096.69,3123.71
3123.98,3123.98
3096.69,3123.77
3123.98,3129.47
3123.98,3123.98
3123.98,3124.9
3123.98,3123.98
3123.98,3123.98
3123.98,3123.98
3123.98,3123.98
3123.98,3123.98
3123.98,3126.69
3123.98,3123.98
3123.98,3123.98
3123.98,3138.79
3123.98,3123.98
3123.98,3123.98
3123.98,3123.98
3123.98,3123.98
3123.98,3146.45
3123.98,3123.98
3123.98,3123.98
3096.69,3123.71
3123.98,3123.98
3123.98,3123.98
3123.98,3123.98
3123.98,3126.15
3123.98,3123.98
3123.98,3132.1
3123.98,3134.85
3123.98,3123.98
3123.98,3123.98
3123.98,3123.98
3123.98,3126.56
3123.98,3123.98
3123.98,3123.98
3123.98,3123.98
3123.98,3123.98
3123.98,3138.28
3123.98,3123.98
3123.98,3123.98
3123.98,3123.98
3123.98,3135.32
3123.98,3124.13
3123.98,3123.98
3123.98,3135.2
3123.98,3123.98
3123.98,3129.73
3123.98,3123.98
3123.98,3123.98
3123.98,3123.98
3123.98,3123.98
3123.98,3123.98
3123.98,3123.98
3123.98,3123.98
3123.98,3123.98
3096.69,3129.08
3123.98,3123.98
3123.98,3127.37
3123.98,3127.55
3123.98,3123.98
3123.98,3123.98
3123.98,3123.98
3123.98,3123.98
3123.98,3123.98
3123.98,3123.98
3123.98,3124.11
3123.98,3123.98
3123.98,3123.98
3123.98,3123.98
3123.98,3123.98
3123.98,3156.98
3123.98,3123.98
3123.98,3123.98
3123.98,3125.46
3123.98,3133.42
3123.98,3123.98
3123.98,3123.98
3123.98,3128.55
3123.98,3123.98
3123.98,3123.98
3123.98,3123.98
3123.98,3123.98
3123.98,3123.98
3123.98,3123.98
3123.98,3124.04
3123.98,3131.6
3123.98,3144.5
3123.98,3126.42
3123.98,3123.98
3123.98,3124.45
3123.98,3123.98
3123.98,3124.18
3123.98,3123.98
3123.98,3126.49
3123.98,3123.98
3123.98,3123.98
3123.98,3123.98
3123.98,3123.98
3123.98,3123.98
3123.98,3130.83
3096.69,3129.65
3123.98,3123.98
3123.98,3123.98
3123.98,3123.98
3123.98,3123.98
3123.98,3123.98
3123.98,3124.37
3123.98,3146.56
3123.98,3123.98
3123.98,3137.05
3123.98,3134.61
3123.98,3123.98
3123.98,3123.98
3123.98,3124.51
3123.98,3123.98
3123.98,3133.89
3123.98,3123.98
3096.69,3134.35
3123.98,3123.98
3123.98,3123.98
3123.98,3123.98
3123.98,3123.98
3123.98,3123.98
3123.98,3128.58
3123.98,3128.36
3123.98,3123.98
3123.98,3123.98
3123.98,3123.98
3123.98,3123.98
3096.69,3123.71
3123.98,3123.98
3123.98,3123.98
3096.69,3128.05
3123.98,3123.98
3123.98,3123.98
3123.98,3128.68
3123.98,3123.98
3123.98,3123.98
3123.98,3123.98
3123.98,3123.98
3096.69,3123.71
3123.98,3123.98
3123.98,3123.98
3096.69,3123.91
3123.98,3123.98
3123.98,3124.62
3123.98,3123.98
3123.98,3129.67
3123.98,3123.98
3123.98,3123.98
3123.98,3123.98
3123.98,3124.27
3123.98,3123.98
3123.98,3123.98
3123.98,3123.98
3123.98,3123.98
3123.98,3123.98
3123.98,3123.98
3123.98,3124.76
3123.98,3123.98
3096.69,3123.71
3123.98,3126.87
3123.98,3123.98
3123.98,3123.98
3123.98,3127.75
3123.98,3123.98
3123.98,3123.98
3123.98,3126.08
3123.98,3123.98
3123.98,3123.98
3123.98,3123.98
3123.98,3123.98
3123.98,3123.98
3123.98,3123.98
3123.98,3123.98
3123.98,3123.98
3123.98,3124.13
3123.98,3124.46
3123.98,3123.98
3123.98,3123.98
3123.98,3123.98
3096.69,3130.9
3123.98,3130.18
3123.98,3123.98
3123.98,3132.3
3123.98,3125.9
3123.98,3123.98
3123.98,3124.79
3123.98,3133.15
3123.98,3145.42
3123.98,3124.6
3123.98,3132.67
3123.98,3137.05
3123.98,3136.55
3123.98,3123.98
3123.98,3124.86
3123.98,3123.98
3123.98,3123.98
3123.98,3123.98
3123.98,3123.98
3123.98,3123.98
3123.98,3131.94
3123.98,3123.98
3123.98,3123.98
3123.98,3125.73
3123.98,3123.98
3123.98,3123.98
3123.98,3123.98
3123.98,3123.98
3123.98,3123.98
3123.98,3126.19
3123.98,3138.16
3123.98,3125.8
3123.98,3123.98
3123.98,3170.87
3123.98,3125.39
3123.98,3124.33
3123.98,3123.98
3123.98,3123.98
3123.98,3123.98
3123.98,3123.98
3123.98,3123.98
3123.98,3123.98
3123.98,3123.98
3123.98,3123.98
3123.98,3125.42
3123.98,3123.98
3096.69,3123.71
3123.98,3127.69
3123.98,3123.98
3123.98,3123.98
3123.98,3123.98
3123.98,3130.82
3123.98,3123.98
3123.98,3123.98
3123.98,3123.98
3123.98,3123.98
3123.98,3123.98
3123.98,3123.98
3123.98,3123.98
3123.98,3123.98
3096.69,3124.66
3123.98,3123.98
3123.98,3123.98
3123.98,3124.59
3123.98,3123.98
3123.98,3123.98
3123.98,3123.98
3123.98,3123.98
3123.98,3123.98
3123.98,3123.98
3123.98,3123.98
3123.98,3124.49
3123.98,3123.98
3123.98,3123.98
3123.98,3123.98
3123.98,3125.39
3123.98,3123.98
3123.98,3123.98
3123.98,3124.28
3123.98,3123.98
3123.98,3123.98
3123.98,3123.98
3123.98,3126.35
3123.98,3123.98
3123.98,3127.26
3123.98,3135.43
3123.98,3123.98
3123.98,3123.98
3123.98,3123.98
3123.98,3123.98
3123.98,3131.27
3123.98,3123.98
3123.98,3125
3123.98,3123.98
3123.98,3123.98
3123.98,3127.68
3123.98,3123.98
3123.98,3124.93
3123.98,3123.98
3123.98,3123.98
3123.98,3123.98
3123.98,3136.07
3096.69,3137.44
3123.98,3123.98
3123.98,3123.98
3096.69,3130.88
3123.98,3123.98
3123.98,3132.92
3123.98,3146.06
3123.98,3123.98
3123.98,3123.98
3123.98,3123.98
3123.98,3123.98
3123.98,3123.98
3123.98,3123.98
3123.98,3123.98
3123.98,3132.81
3123.98,3133.48
3123.98,3123.98
3123.98,3139.62
3123.98,3123.98
3123.98,3124.11
3123.98,3123.98
3096.69,3123.71
3096.69,3123.71
3123.98,3123.98
3123.98,3123.98
3123.98,3127.07
3123.98,3123.98
3123.98,3124.45
3123.98,3123.98
3123.98,3123.98
3123.98,3133.22
3123.98,3123.98
3123.98,3123.98
3123.98,3123.98
3123.98,3123.98
3123.98,3128.03
3123.98,3123.98
3123.98,3123.98
3123.98,3123.98
3123.98,3123.98
3123.98,3123.98
3123.98,3123.98
3123.98,3123.98
3123.98,3123.98
3123.98,3133.38
3123.98,3128.63
3123.98,3124.13
3123.98,3160.29
3123.98,3123.98
3123.98,3127.98
3123.98,3123.98
3123.98,3123.98
3123.98,3123.98
3123.98,3123.98
3123.98,3123.98
3123.98,3123.98
3123.98,3123.98
3096.69,3126.96
3123.98,3133.53
3123.98,3123.98
3123.98,3123.98
3123.98,3123.98
3123.98,3123.98
3123.98,3123.98
3123.98,3123.98
3123.98,3123.98
3123.98,3123.98
3123.98,3123.98
3123.98,3125.21
3123.98,3123.98
3123.98,3123.98
3123.98,3123.98
3123.98,3129.78
3123.98,3147.86
3123.98,3124.95
3123.98,3127.77
3123.98,3123.98
3123.98,3123.98
3123.98,3132.7
3123.98,3123.98
3123.98,3128.49
3123.98,3123.98
3123.98,3132.03
3123.98,3123.98
3123.98,3124.38
3123.98,3123.98
3123.98,3123.98
3123.98,3123.98
3123.98,3123.98
3123.98,3124.48
3123.98,3123.98
3123.98,3123.98
3123.98,3137.11
3123.98,3126.79
3123.98,3123.98
3096.69,3134.78
3123.98,3123.98
3123.98,3123.98
3123.98,3123.98
3123.98,3123.98
3096.69,3123.44
3096.69,3137.92
3096.69,3123.92
3096.69,3110.64
3096.69,3096.69
3096.69,3106.61
3096.69,3096.69
3096.69,3103.71
3096.69,3096.69
3096.69,3096.96
3096.69,3096.69
3096.69,3096.69
3096.69,3096.69
3096.69,3096.69
3096.69,3096.69
3096.69,3097.82
3096.69,3096.69
3096.69,3096.69
3096.69,3096.69
3096.69,3096.69
3096.69,3100.79
3096.69,3096.69
3096.69,3096.69
3096.69,3096.69
3096.69,3106.47
3096.69,3096.69
3096.69,3096.69
3096.69,3096.69
3096.69,3096.69
3096.69,3096.69
3096.69,3097.85
3096.69,3097.72
3096.69,3096.69
3096.69,3096.69
3096.69,3096.69
3096.69,3096.69
3096.69,3096.69
3096.69,3099.54
3096.69,3096.69
3096.69,3099.75
3096.69,3096.69
3096.69,3096.69
3096.69,3099.14
3096.69,3096.69
3096.69,3103.48
3096.69,3097.29
3096.69,3096.69
3096.69,3096.69
3096.69,3098.13
3096.69,3097.1
3096.69,3097.92
3096.69,3096.69
3096.69,3096.69
3096.69,3096.96
3096.69,3096.69
3096.69,3096.69
3096.69,3096.69
3096.69,3096.69
3096.69,3096.69
3096.69,3096.69
3096.69,3100.14
3096.69,3096.84
3096.69,3096.69
3096.69,3096.69
3096.69,3096.69
3096.69,3096.69
3096.69,3111.32
3096.69,3096.69
3096.69,3096.69
3096.69,3096.69
3096.69,3096.69
3096.69,3096.69
3096.69,3096.69
3096.69,3097.34
3096.69,3131.06
3096.69,3102.05
3096.69,3096.69
3096.69,3096.69
3096.69,3096.69
3096.69,3096.69
3096.69,3096.69
3096.69,3096.69
3096.69,3096.69
3096.69,3096.69
3096.69,3096.69
3096.69,3103.47
3096.69,3096.69
3096.69,3099.29
3096.69,3096.69
3096.69,3096.69
3096.69,3107.55
3096.69,3096.69
3096.69,3097.96
3096.69,3096.69
3096.69,3096.69
3096.69,3096.69
3096.69,3096.69
3096.69,3096.69
3096.69,3107.79
3096.69,3096.69
3096.69,3096.88
3096.69,3096.69
3096.69,3100.35
3096.69,3101.53
3096.69,3096.89
3096.69,3096.69
3096.69,3096.69
3096.69,3107.97
3096.69,3096.69
3096.69,3096.69
3096.69,3096.69
3096.69,3096.69
3096.69,3096.69
3096.69,3096.69
3096.69,3101.87
3096.69,3096.69
3096.69,3097.1
3096.69,3097.7
3096.69,3096.69
3096.69,3096.69
3096.69,3096.69
3096.69,3096.69
3096.69,3105.1
3096.69,3096.69
3096.69,3096.69
3096.69,3096.69
3096.69,3097.11
3096.69,3096.69
3096.69,3096.69
3096.69,3106.5
3096.69,3096.69
3096.69,3096.69
3096.69,3096.69
3096.69,3096.69
3096.69,3097.23
3096.69,3096.69
3096.69,3096.69
3096.69,3096.69
3096.69,3099.89
3096.69,3096.69
3096.69,3096.69
3096.69,3096.69
3096.69,3096.69
3096.69,3096.69
3096.69,3096.69
3096.69,3096.69
3096.69,3096.69
3096.69,3096.69
3096.69,3102.85
3096.69,3096.69
3096.69,3096.69
3096.69,3096.69
3096.69,3102.5
3096.69,3103.61
3096.69,3096.69
3096.69,3096.69
3096.69,3096.69
3096.69,3097.81
3096.69,3104.09
3096.69,3098.52
3096.69,3107.36
3096.69,3105.79
3096.69,3102.08
3096.69,3096.69
3096.69,3096.69
3096.69,3096.69
3096.69,3098.72
3096.69,3096.69
3096.69,3107.34
3096.69,3096.69
3096.69,3096.69
3096.69,3097.18
3096.69,3097.72
3096.69,3096.69
3096.69,3098.37
3096.69,3096.69
3096.69,3096.69
3096.69,3096.69
3096.69,3096.69
3096.69,3103.96
3096.69,3096.69
3096.69,3106.3
3096.69,3096.69
3096.69,3096.69
3096.69,3096.69
3096.69,3096.69
3096.69,3096.69
3096.69,3098.61
3096.69,3096.69
3096.69,3096.69
3096.69,3096.69
3096.69,3096.69
3096.69,3096.69
3096.69,3096.69
3096.69,3096.69
3096.69,3096.69
3096.69,3096.69
3096.69,3099.15
3096.69,3096.69
3096.69,3096.69
3096.69,3097.75
3096.69,3096.69
3096.69,3099.99
3096.69,3105.68
3096.69,3097.3
3096.69,3096.69
3096.69,3096.69
3096.69,3096.69
3096.69,3096.69
3096.69,3096.69
3096.69,3096.69
3096.69,3096.69
3096.69,3100.33
3096.69,3114.83
3096.69,3096.69
3096.69,3096.69
3096.69,3098.99
3096.69,3096.69
3096.69,3096.69
3096.69,3098.32
3096.69,3096.69
3096.69,3103.25
3096.69,3096.69
3096.69,3096.69
3096.69,3096.69
3096.69,3096.69
3096.69,3096.69
3096.69,3098.64
3096.69,3096.69
3096.69,3096.69
3096.69,3096.69
3096.69,3103.44
3096.69,3096.69
3096.69,3096.69
3096.69,3096.69
3096.69,3096.69
3096.69,3096.69
3096.69,3096.69
3096.69,3096.69
3096.69,3115.49
3096.69,3096.69
3096.69,3096.69
3096.69,3096.69
3096.69,3096.69
3096.69,3096.69
3096.69,3096.69
3096.69,3096.69
3096.69,3096.69
3096.69,3106.51
3096.69,3096.69
3096.69,3096.69
3096.69,3096.69
3096.69,3096.69
3096.69,3096.69
3096.69,3106.26
3096.69,3096.69
3096.69,3096.69
3096.69,3102.87
3096.69,3096.69
3096.69,3096.69
3096.69,3096.69
3096.69,3096.69
3096.69,3101.85
3096.69,3096.69
3096.69,3097.44
3096.69,3096.69
3096.69,3107.16
3096.69,3101.3
3096.69,3096.69
3096.69,3096.69
3096.69,3096.69
3096.69,3096.69
3096.69,3096.69
3096.69,3106.93
3096.69,3096.69
3096.69,3096.69
3096.69,3096.69
3096.69,3105.94
3096.69,3096.69
3096.69,3096.69
3096.69,3096.69
3096.69,3096.69
3096.69,3111.07
3096.69,3112.66
3096.69,3096.69
3096.69,3097.06
3096.69,3097.34
3096.69,3096.69
3096.69,3096.69
3096.69,3096.69
3096.69,3097.91
3096.69,3098.64
3096.69,3096.69
3096.69,3096.69
3096.69,3096.69
3096.69,3110.1
3096.69,3096.69
3096.69,3101.55
3096.69,3096.8
3096.69,3096.69
3096.69,3111.4
3096.69,3096.69
3096.69,3096.69
3096.69,3096.69
3096.69,3096.69
3096.69,3104.32
3096.69,3096.69
3096.69,3096.69
3096.69,3103.49
3096.69,3096.69
3096.69,3096.69
3096.69,3096.69
3096.69,3096.69
3096.69,3096.69
3096.69,3096.69
3096.69,3107.96
3096.69,3097.35
3096.69,3096.69
3096.69,3098.95
3096.69,3096.69
3096.69,3096.69
3096.69,3096.69
3096.69,3096.69
3096.69,3096.69
3096.69,3108.92
3096.69,3096.69
3096.69,3096.69
3096.69,3096.69
3096.69,3097.93
3096.69,3099.35
3096.69,3096.69
3096.69,3104.46
3096.69,3096.69
3096.69,3096.69
3096.69,3102.11
3096.69,3096.69
3096.69,3096.69
3096.69,3100.2
3096.69,3098.9
3096.69,3096.97
3096.69,3102.81
3096.69,3096.69
3096.69,3097.21
3096.69,3096.69
3096.69,3096.69
3096.69,3096.69
3096.69,3096.91
3096.69,3102.54
3096.69,3096.69
3096.69,3096.69
3096.69,3096.69
3096.69,3113.26
3096.69,3096.69
3096.69,3102.82
3096.69,3098.93
3096.69,3096.69
3096.69,3096.73
3096.69,3096.69
3096.69,3117.01
3096.69,3096.69
3096.69,3096.69
3096.69,3096.69
3096.69,3096.69
3096.69,3096.69
3096.69,3108.2
3096.69,3096.69
3096.69,3096.69
3096.69,3117.34
3096.69,3096.69
3096.69,3096.69
3096.69,3096.69
3096.69,3104.19
3096.69,3106.37
3096.69,3128.86
3096.69,3096.69
3096.69,3096.69
3096.69,3096.69
3096.69,3096.69
3096.69,3096.69
3096.69,3097.77
3096.69,3099
3096.69,3096.69
3096.69,3096.69
3096.69,3096.69
3096.69,3103.3
3096.69,3096.69
3096.69,3098.41
3096.69,3096.69
3096.69,3096.69
3096.69,3096.69
3096.69,3097.57
3096.69,3096.69
3096.69,3096.69
3096.69,3096.69
3096.69,3096.69
3096.69,3096.69
3096.69,3096.69
3096.69,3096.69
3096.69,3096.69
3096.69,3096.69
3096.69,3096.69
3096.69,3096.69
3096.69,3100.38
3096.69,3096.96
3096.69,3096.69
3096.69,3096.69
3096.69,3096.69
3096.69,3096.69
3096.69,3096.69
3096.69,3096.69
3096.69,3096.82
3096.69,3096.69
3096.69,3107.21
3096.69,3096.69
3096.69,3101.02
3096.69,3116.68
3096.69,3096.69
3096.69,3096.69
3096.69,3098.36
3096.69,3096.69
3096.69,3096.69
3096.69,3096.69
3096.69,3096.69
3096.69,3096.69
3096.69,3117
3096.69,3096.69
3096.69,3096.69
3096.69,3096.69
3096.69,3096.69
3096.69,3096.69
3096.69,3096.69
3096.69,3096.69
3096.69,3096.69
3096.69,3096.69
3096.69,3096.69
3096.69,3096.69
3096.69,3096.69
3096.69,3096.69
3096.69,3096.69
3096.69,3096.69
3096.69,3097.24
3096.69,3096.69
