6757.23,8630.49
6696.48,7431.35
6483.9,6938.58
5940.72,6656.22
5927.29,6213.78
5640.18,5960.55
5596.46,5764.5
5376.13,5663.5
5350.65,5541.6
5089.26,5449.07
5276.72,5387.22
5183.81,5286.67
5234.55,5286.83
5183.81,5279.87
5220.09,5263.41
5204.71,5251.3
5174.35,5219.6
5063.29,5204.61
4865.77,5159.16
4873.07,5061.09
4811.81,4979.1
4710.62,4941.81
4879.19,4930.79
4616.03,4925.6
4663.1,4843.15
4672.7,4705.22
4363.89,4676.64
4603.19,4654.28
4544.64,4602.08
4555,4603.6
4565.8,4567.55
4422.65,4565.64
4486.73,4572.81
4516.06,4540.69
4516.45,4516.45
4202.53,4512.1
4424.98,4472.48
4370.78,4424.44
4397.68,4432.48
4339.64,4420.97
4356.57,4400.22
4119.06,4367.84
4339.79,4356.4
4310.66,4355.7
4094.04,4375.23
4103.16,4274.18
4075.5,4102.85
4084.88,4095.1
4084.88,4084.88
4084.88,4097.18
4072.41,4084.7
4069.36,4100.71
4032.66,4089.64
4043.04,4087.36
4009.66,4053.23
4014.8,4042.49
4004.62,4015.92
4014.8,4014.8
3929.46,4013.12
3908.08,3989.66
3859.78,3953.72
3783.89,3909.92
3685.58,3854.47
3842.25,3842.25
3842.25,3842.25
3842.25,3842.25
3842.25,3847.82
3840.8,3842.24
3842.25,3842.47
3842.25,3842.25
3827.33,3842.1
3842.25,3842.49
3842.25,3842.59
3821.49,3842.05
3807.97,3841.79
3830.54,3837.77
3832.07,3832.07
3826.04,3831.99
3819.32,3831.3
3815.55,3830.44
3829.23,3835.1
3829.23,3835.72
3825.46,3829.19
3825.46,3829.19
3829.23,3829.23
3829.23,3829.72
3829.23,3829.23
3825.46,3829.19
3829.23,3829.99
3825.46,3829.19
3829.23,3829.23
3829.07,3829.22
3829.23,3829.23
3799.12,3828.9
3827.77,3828.44
3827.77,3827.77
3827.77,3827.77
3812.85,3835.42
3827.77,3827.77
3827.77,3827.77
3827.62,3827.77
3827.77,3833.98
3827.77,3827.77
3827.77,3827.77
3814.92,3837.93
3827.77,3827.77
3827.77,3827.77
3827.77,3829.25
3797.67,3827.29
3809.09,3822.56
3782.74,3812.34
3809.09,3810.33
3809.09,3810.79
3809.09,3809.09
3809.09,3809.09
3809.09,3809.09
3809.09,3817.15
3809.09,3809.09
3809.09,3821.71
3809.09,3809.09
3809.09,3809.09
3800.77,3809
3790.69,3808.9
3809.09,3809.09
3809.09,3809.09
3771.16,3808.52
3790.69,3802
3760.59,3790.39
3790.69,3792.41
3790.69,3790.69
3760.59,3790.25
3776.96,3799.22
3776.96,3778.79
3746.85,3776.35
3746.85,3764.21
3672.13,3748.07
3730.88,3749.05
3745.93,3764.33
3745.93,3745.93
3740.34,3749.2
3729.96,3745.77
3740.34,3745.87
3745.93,3745.93
3745.93,3747.27
3738.78,3745.85
3745.93,3748.57
3729.29,3745.76
3745.93,3746.16
3729.29,3745.92
3733.75,3748.39
3733.75,3733.75
3728.17,3733.7
3733.75,3733.75
3717.19,3733.59
3728.47,3734.12
3733.75,3733.75
3717.19,3733.98
3733.75,3733.75
3733.75,3738.76
3666.85,3733.09
3733.75,3733.75
3733.75,3733.75
3666.85,3733.09
3733.75,3734.63
3717.19,3733.59
3733.75,3733.75
3733.75,3733.75
3733.75,3733.75
3733.75,3737.93
3728.47,3733.97
3733.75,3733.75
3717.79,3733.54
3728.47,3734.63
3728.47,3737.59
3728.47,3728.47
3728.47,3728.47
3711.9,3728.37
3720.59,3739.9
3720.59,3720.83
3720.59,3720.59
3720.59,3720.59
3714.13,3720.68
3714.13,3720.53
3720.59,3720.59
3720.59,3720.59
3720.59,3721.94
3691.71,3720.3
3720.59,3730.54
3720.59,3720.81
3720.59,3720.59
3691.71,3720.3
3631.9,3713.83
3688.32,3704.04
3688.32,3697.26
3688.32,3688.32
3688.32,3688.32
3688.32,3696.07
3688.32,3688.32
3688.32,3688.32
3688.32,3688.36
3688.32,3688.32
3688.32,3688.32
3688.32,3706.43
3688.32,3688.32
3688.32,3688.32
3659.43,3688.42
3688.32,3688.32
3688.32,3688.32
3688.32,3688.32
3688.32,3688.32
3688.32,3688.32
3659.43,3691.29
3681.86,3687.91
3681.86,3681.86
3681.86,3681.86
3681.86,3682.64
3681.86,3681.86
3681.86,3681.86
3675.52,3685.62
3681.86,3681.86
3681.86,3681.86
3681.86,3681.86
3681.86,3681.86
3681.86,3681.86
3681.86,3681.86
3681.86,3681.86
3681.86,3689.78
3681.86,3682.9
3681.86,3682.39
3681.86,3682.76
3622.63,3681.26
3681.86,3681.86
3681.86,3682.03
3675.52,3682.27
3679.94,3681.84
3681.86,3681.86
3681.86,3681.86
3681.86,3684.18
3681.86,3681.86
3681.86,3681.86
3530.37,3680.34
3681.86,3683.34
3681.86,3681.86
3681.86,3688.04
3681.86,3681.86
3681.86,3681.86
3675.52,3693.67
3681.86,3683.54
3681.86,3681.86
3681.86,3689.39
3681.86,3681.86
3681.86,3683.5
3681.86,3681.86
3681.86,3681.86
3681.86,3681.86
3681.86,3689.37
3675.52,3681.79
3681.86,3681.86
3681.86,3682.99
3681.86,3681.86
3681.86,3681.86
3625.97,3687.38
3675.52,3681.77
3679.94,3688.95
3673.61,3679.88
3679.94,3679.94
3679.94,3679.94
3679.94,3680.88
3679.94,3681.54
3673.61,3679.88
3679.94,3681.83
3679.94,3683.96
3679.94,3679.97
3679.94,3679.94
3679.94,3679.94
3679.94,3679.94
3679.94,3679.94
3670.7,3685.4
3670.7,3679.85
3679.94,3679.94
3679.94,3679.94
3679.94,3689.72
3632.86,3679.47
3679.94,3679.94
3679.94,3682.01
3679.94,3679.94
3679.94,3679.94
3679.94,3679.94
3679.94,3680.09
3679.94,3680.13
3679.94,3680.47
3679.94,3679.94
3670.7,3696.49
3679.94,3679.94
3632.86,3688.23
3679.94,3679.94
3632.86,3679.47
3679.94,3679.94
3679.94,3679.94
3679.94,3684.95
3620.71,3678.76
3560.18,3652.55
3577.49,3620.28
3620.71,3620.71
3585.86,3620.37
3620.71,3620.71
3620.71,3621.01
3620.71,3620.71
3531.68,3619.82
3585.86,3620.37
3620.71,3624.13
3620.71,3620.71
3620.71,3620.71
3611.77,3620.63
3620.71,3620.71
3620.71,3621.91
3620.71,3626.32
3591.97,3620.49
3620.71,3620.71
3620.71,3620.71
3620.71,3627.99
3620.71,3622.92
3611.77,3620.63
3589.59,3623.64
3620.71,3625.79
3585.86,3619.99
3591.97,3606.26
3548.75,3591.54
3591.97,3592.38
3591.97,3600.52
3591.97,3591.97
3583.03,3591.88
3557.11,3591.62
3591.97,3591.97
3591.97,3591.97
3591.97,3591.97
3591.97,3594.67
3591.97,3591.97
3591.97,3597.83
3591.97,3591.97
3557.11,3594.32
3591.97,3591.97
3583.03,3591.88
3591.97,3591.97
3591.97,3591.97
3591.97,3591.97
3591.97,3591.97
3591.97,3592.36
3548.75,3591.54
3591.97,3591.97
3591.97,3591.97
3591.97,3591.97
3560.84,3592.07
3591.97,3591.97
3583.03,3596.78
3433.99,3589.14
3495.62,3541.02
3486.68,3495.54
3397.8,3494.65
3464.5,3495.31
3495.62,3495.62
3495.62,3501.49
3495.62,3499.56
3495.62,3495.62
3464.5,3495.22
3464.5,3491.08
3459.82,3486.23
3461.17,3481.07
3461.17,3481.07
3481.27,3481.27
3481.27,3484.75
3383.44,3479.98
3450.22,3462.64
3450.22,3451.27
3450.22,3459
3391.83,3451.99
3418.45,3466.5
3409.55,3433.5
3356.06,3418.51
3379.22,3403.54
3356.06,3378.99
3356.06,3382.53
3379.22,3381.94
3379.22,3382.28
3356.06,3378.87
3367.89,3373.67
3367.89,3367.89
3344.73,3367.66
3367.89,3367.89
3367.89,3367.89
3367.89,3367.89
3367.89,3367.89
3367.89,3368.39
3367.89,3367.89
3367.89,3367.89
3312.83,3367.34
3367.89,3367.89
3367.89,3367.89
3367.89,3367.89
3367.89,3367.89
3367.89,3379.93
3248.59,3368.08
3367.89,3367.89
3367.89,3367.89
3367.89,3370.01
3312.83,3367.34
3367.89,3367.89
3367.89,3374.07
3367.89,3367.91
3367.89,3378.03
3367.89,3368.48
3367.89,3367.89
3367.89,3367.89
3367.89,3367.89
3367.89,3367.89
3367.89,3367.89
3367.89,3367.89
3367.89,3373.9
3367.89,3370.94
3350.27,3367.75
3367.89,3367.89
3367.89,3367.89
3350.27,3367.72
3367.89,3367.89
3344.73,3367.66
3367.89,3368.16
3367.89,3368.99
3350.27,3367.72
3367.89,3367.89
3367.89,3369.42
3367.89,3367.89
3344.73,3369.17
3367.89,3369.2
3367.89,3367.89
3367.89,3367.97
3344.73,3367.66
3367.89,3377.42
3367.89,3367.89
3344.73,3367.66
3350.27,3367.72
3367.89,3367.89
3367.89,3368.62
3367.89,3367.89
3367.89,3371.13
3344.73,3367.66
3367.89,3367.89
3367.89,3375.11
3367.89,3367.89
3367.89,3367.89
3367.89,3367.89
3367.89,3367.89
3367.89,3369.7
3312.83,3369.14
3367.89,3383.05
3367.89,3367.89
3367.89,3367.89
3367.89,3367.89
3248.59,3370.26
3344.73,3372.39
3350.27,3367.72
3367.89,3367.89
3367.89,3375.29
3367.89,3367.89
3367.89,3367.89
3367.89,3376.77
3350.27,3367.72
3367.89,3367.89
3367.89,3367.89
3367.89,3367.89
3367.89,3368.76
3367.89,3367.89
3367.89,3371.6
3367.89,3368.17
3367.89,3373.41
3367.89,3367.89
3367.89,3367.89
3367.89,3372.42
3367.89,3367.89
3312.83,3367.34
3367.89,3367.89
3367.89,3367.89
3367.89,3367.89
3367.89,3368.41
3367.89,3368.49
3367.89,3367.89
3367.89,3367.89
3350.27,3368.16
3367.89,3368.48
3367.89,3367.89
3367.89,3367.89
3367.89,3381.2
3312.83,3367.34
3367.89,3367.97
3367.89,3368.83
3367.89,3391.27
3367.89,3367.89
3367.89,3368.09
3367.89,3367.89
3367.89,3367.89
3367.89,3367.89
3366.81,3367.88
3367.89,3367.89
3367.89,3367.89
3367.89,3367.89
3367.89,3375.9
3367.89,3367.89
3367.89,3367.89
3367.89,3367.89
3367.89,3367.89
3344.73,3367.65
3300.01,3386.28
3366.81,3367.66
3366.81,3366.81
3344.72,3366.59
3366.81,3366.81
3366.81,3366.81
3242.37,3366.25
3333.37,3358.39
3333.37,3342.43
3340.27,3340.27
3340.27,3340.27
3333.37,3342.78
3338.01,3340.24
3340.27,3340.27
3333.37,3340.2
3340.27,3344.63
3340.27,3340.27
3340.27,3340.27
3340.27,3340.27
3340.27,3340.27
3340.27,3340.27
3340.27,3340.27
3331.49,3342.37
3340.27,3342.98
3340.27,3340.27
3340.27,3340.27
3331.49,3340.18
3340.27,3340.27
3322.92,3340.09
3340.27,3340.27
3340.27,3340.27
3297.97,3340.71
3281.09,3330.28
3317.11,3317.11
3317.11,3317.11
3317.11,3317.11
3317.11,3317.9
3310.21,3317.04
3287.16,3316.81
3317.11,3317.11
3317.11,3317.11
3317.11,3317.7
3192.66,3315.86
3317.11,3317.11
3310.21,3320.41
3317.11,3317.11
3317.11,3317.11
3317.11,3317.11
3287.16,3316.81
3317.11,3317.11
3317.11,3317.11
3287.16,3317.6
3317.11,3317.94
3317.11,3317.11
3308.33,3318.21
3310.93,3317.04
3317.11,3317.11
3317.11,3317.11
3314.85,3317.08
3317.11,3317.11
3294.26,3316.88
3317.11,3317.11
3192.66,3315.86
3308.33,3317.02
3317.11,3317.11
3317.11,3317.11
3317.11,3317.11
3266.57,3318.19
3310.93,3317.04
3317.11,3317.5
3317.11,3317.11
3317.11,3317.11
3317.11,3317.11
3287.16,3316.81
3317.11,3317.11
3317.11,3317.11
3317.11,3317.11
3317.11,3318.34
3308.33,3317.02
3308.33,3317.02
3317.11,3318.77
3310.21,3316.97
3310.21,3313.62
3310.21,3310.4
3310.21,3310.21
3274.19,3310.13
3310.21,3310.21
3280.27,3309.92
3310.21,3310.21
3274.19,3309.89
3304.03,3307.76
3304.03,3304.03
3304.03,3304.31
3304.03,3304.31
3304.03,3304.03
3304.03,3304.13
3304.03,3304.4
3304.03,3304.03
3304.03,3304.13
3304.03,3304.03
3304.03,3304.03
3304.03,3304.03
3304.03,3304.03
3304.03,3304.03
3304.03,3304.03
3304.03,3304.03
3304.03,3304.03
3304.03,3304.36
3304.03,3304.03
3304.03,3304.03
3304.03,3304.03
3304.03,3304.03
3304.03,3304.08
3304.03,3304.03
3274.09,3303.73
3304.03,3304.03
3304.03,3304.03
3304.03,3304.49
3304.03,3304.03
3268.01,3303.67
3304.03,3304.03
3261.73,3304.12
3304.03,3304.03
3304.03,3304.26
3304.03,3304.03
3304.03,3304.17
3304.03,3304.13
3253.49,3303.53
3304.03,3304.08
3304.03,3304.03
3304.03,3304.03
3304.03,3304.03
3304.03,3304.03
3304.03,3304.03
3304.03,3304.08
3304.03,3304.03
3181.64,3302.81
3304.03,3304.03
3268.01,3303.77
3253.49,3304.08
3304.03,3304.03
3304.03,3304.17
3268.01,3303.67
3304.03,3304.03
3304.03,3304.03
3274.09,3303.73
3304.03,3304.03
3304.03,3304.03
3304.03,3304.31
3304.03,3304.03
3304.03,3304.03
3304.03,3304.03
3304.03,3304.03
3274.09,3303.73
3261.73,3303.8
3304.03,3304.03
3304.03,3304.17
3304.03,3304.17
3304.03,3304.03
3304.03,3304.03
3304.03,3304.03
3268.01,3303.67
3304.03,3304.03
3304.03,3304.35
3304.03,3304.36
3304.03,3304.03
3304.03,3304.03
3304.03,3304.03
3304.03,3304.17
3304.03,3304.03
3304.03,3304.59
3304.03,3304.03
3304.03,3304.03
3304.03,3304.03
3304.03,3304.03
3181.64,3303.51
3304.03,3304.4
3304.03,3304.03
3274.09,3303.73
3304.03,3304.03
3304.03,3304.03
3304.03,3304.03
3304.03,3304.03
3304.03,3304.36
3304.03,3304.13
3304.03,3304.64
3304.03,3304.03
3274.09,3303.73
3304.03,3304.03
3304.03,3304.59
3304.03,3304.03
3304.03,3304.03
3304.03,3304.03
3304.03,3304.17
3304.03,3304.17
3304.03,3304.03
3304.03,3304.03
3181.64,3302.81
3268.01,3303.67
3304.03,3304.03
3268.01,3303.37
3274.09,3291.97
3274.09,3274.42
3274.09,3274.09
3274.09,3279.93
3274.09,3274.09
3274.09,3274.18
3274.09,3274.46
3264.13,3274.92
3274.09,3274.09
3274.09,3274.46
3201.7,3273.37
3274.09,3274.09
3274.09,3274.09
3274.09,3274.28
3274.09,3274.09
3264.13,3273.99
3274.09,3274.09
3274.09,3274.09
3274.09,3274.42
3274.09,3274.09
3274.09,3274.23
3251.26,3273.86
3274.09,3274.14
3274.09,3274.09
3274.09,3274.28
3264.13,3273.99
3274.09,3274.09
3272.18,3274.07
3274.09,3274.32
3264.13,3273.89
3264.13,3274.35
3264.13,3269.74
3264.13,3264.13
3264.13,3264.93
3264.13,3264.13
3246.71,3263.95
3264.13,3277.05
3264.13,3266.26
3264.13,3264.13
3264.13,3266.55
3264.13,3264.13
3264.13,3272.4
3241.3,3269.28
3264.13,3264.13
3264.13,3265.67
3264.13,3264.13
3264.13,3264.13
3264.13,3264.13
3246.71,3263.95
3264.13,3268.7
3264.13,3264.13
3264.13,3264.13
3264.13,3264.4
3264.13,3266.41
3264.13,3269.03
3264.13,3268.41
3264.13,3264.13
3246.71,3263.95
3264.13,3265.39
3264.13,3266.36
3264.13,3264.13
3264.13,3264.13
3264.13,3269.52
3264.13,3264.13
3264.13,3264.13
3264.13,3264.13
3264.13,3264.13
3264.13,3264.3
3264.13,3264.13
3264.13,3272.58
3264.13,3264.31
3264.13,3266.97
3264.13,3264.13
3264.13,3268.02
3246.71,3268.41
3264.13,3270.47
3264.13,3264.37
3264.13,3264.13
3264.13,3265.04
3264.13,3264.24
3264.13,3264.13
3264.13,3264.13
3264.13,3264.13
3264.13,3275.65
3264.13,3265.07
3264.13,3264.13
3264.13,3267.88
3264.13,3264.13
3264.13,3267.06
3264.13,3264.13
3246.71,3263.95
3264.13,3264.13
3264.13,3264.13
3246.71,3265.91
3264.13,3264.13
3264.13,3264.13
3241.3,3263.9
3264.13,3264.13
3264.13,3264.13
3264.13,3269.15
3264.13,3264.13
3264.13,3264.13
3264.13,3264.13
3264.13,3264.13
3264.13,3264.13
3246.71,3263.95
3264.13,3272.83
3264.13,3264.13
3264.13,3264.13
3246.71,3268.89
3246.71,3263.95
3264.13,3264.26
3264.13,3264.13
3264.13,3264.13
3246.71,3266.99
3264.13,3264.13
3264.13,3267.86
3264.13,3264.13
3264.13,3268.31
3264.13,3264.41
3264.13,3267.95
3264.13,3275.42
3264.13,3264.13
3264.13,3264.44
3264.13,3264.2
3246.71,3264.75
3264.13,3264.13
3246.71,3263.95
3264.13,3264.13
3264.13,3264.13
3264.13,3267.03
3264.13,3275.61
3264.13,3264.13
3264.13,3264.13
3264.13,3264.13
3246.71,3263.95
3264.13,3264.13
3264.13,3264.13
3264.13,3264.13
3241.3,3264.7
3264.13,3264.13
3264.13,3264.13
3264.13,3264.13
3264.13,3265.1
3264.13,3266.61
3264.13,3267.2
3264.13,3265.5
3264.13,3264.13
3264.13,3267.2
3264.13,3264.13
3264.13,3264.13
3264.13,3264.13
3264.13,3264.13
3264.13,3264.13
3264.13,3264.19
3264.13,3264.13
3264.13,3264.13
3246.71,3263.95
3241.3,3263.9
3264.13,3265.51
3246.71,3263.95
3264.13,3264.13
3264.13,3265.67
3264.13,3264.13
3264.13,3264.13
3264.13,3264.69
3264.13,3264.13
3264.13,3264.13
3246.71,3263.95
3264.13,3264.13
3264.13,3276.44
3264.13,3264.13
3264.13,3264.13
3264.13,3264.13
3264.13,3264.13
3264.13,3264.13
3264.13,3264.13
3264.13,3265.18
3264.13,3268.93
3264.13,3264.13
3264.13,3264.17
3264.13,3264.13
3264.13,3264.13
3264.13,3269.15
3264.13,3264.13
3264.13,3264.13
3264.13,3271.07
3264.13,3264.13
3264.13,3264.13
3264.13,3264.13
3264.13,3266.15
3264.13,3264.13
3264.13,3265.71
3264.13,3264.13
3246.71,3263.95
3264.13,3277.24
3264.13,3264.13
3246.71,3263.95
3264.13,3264.27
3264.13,3264.13
3264.13,3264.13
3264.13,3264.13
3264.13,3264.13
3264.13,3264.36
3264.13,3272.5
3264.13,3264.13
3264.13,3268.81
3264.13,3264.13
3264.13,3264.13
3264.13,3264.46
3246.71,3263.95
3264.13,3264.13
3246.71,3263.95
3264.13,3267.89
3264.13,3264.13
3264.13,3264.13
3264.13,3264.19
3264.13,3267.87
3264.13,3264.13
3264.13,3264.13
3264.13,3269.97
3264.13,3267.86
3264.13,3264.13
3264.13,3269.26
3264.13,3264.13
3246.71,3263.95
3246.71,3263.95
3264.13,3264.13
3264.13,3264.13
3264.13,3264.13
3264.13,3264.13
3264.13,3264.13
3264.13,3264.13
3264.13,3264.13
3264.13,3264.13
3247.82,3263.96
3264.13,3264.13
3264.13,3264.13
3264.13,3264.13
3264.13,3264.13
3264.13,3264.13
3264.13,3264.13
3264.13,3264.13
3264.13,3264.13
3264.13,3270.27
3264.13,3264.69
3264.13,3265.58
3264.13,3264.13
3246.71,3267.21
3264.13,3264.13
3264.13,3264.13
3264.13,3267.92
3264.13,3264.13
3247.82,3263.96
3264.13,3264.13
3247.82,3263.96
3264.13,3265.56
3246.71,3263.95
3264.13,3264.13
3264.13,3264.13
3264.13,3264.13
3264.13,3272.48
3264.13,3265.16
3264.13,3264.13
3264.13,3264.13
3241.3,3265.64
3246.71,3254.9
3246.71,3246.71
3246.71,3246.71
3246.71,3247.15
3246.71,3246.71
3246.71,3246.71
3246.71,3246.71
3246.71,3248.35
3246.71,3246.71
3246.71,3246.71
3246.71,3246.71
3246.71,3246.71
3246.71,3246.71
3246.71,3247.64
3246.71,3246.71
3246.71,3246.71
3246.71,3246.71
3246.71,3247.77
3246.71,3251.31
3246.71,3246.71
3246.71,3246.84
3174.32,3251.32
3246.71,3246.71
3246.71,3246.71
3246.71,3246.71
3246.71,3251.67
3246.71,3246.71
3246.71,3246.71
3246.71,3246.71
3246.71,3246.71
3246.71,3246.71
3246.71,3246.71
3246.71,3247.16
3174.32,3245.99
3246.71,3253.13
3246.71,3246.71
3246.71,3247.31
3246.71,3252.32
3246.71,3246.71
3246.71,3253.48
3246.71,3246.71
3246.71,3246.71
3246.71,3247.53
3246.71,3246.71
3246.71,3246.71
3246.71,3246.71
3246.71,3246.71
3246.71,3247.25
3246.71,3246.71
3246.71,3246.71
3246.71,3246.71
3246.71,3246.71
3246.71,3246.71
3246.71,3246.71
3246.71,3247.58
3246.71,3246.71
3246.71,3246.71
3246.71,3246.71
3246.71,3246.71
3246.71,3248.21
3246.71,3252.87
3246.71,3246.71
3246.71,3246.71
3246.71,3246.71
3246.71,3246.71
3230.41,3246.55
3230.41,3246.55
3246.71,3248.72
3246.71,3256.39
3246.71,3246.71
3246.71,3246.71
3246.71,3246.71
3246.71,3246.71
3246.71,3248.48
3246.71,3246.71
3246.71,3246.71
3246.71,3246.71
3246.71,3246.71
3223.88,3251.26
3246.71,3249.1
3246.71,3247.02
3246.71,3246.71
3246.71,3246.71
3246.71,3246.71
3223.88,3246.48
3246.71,3246.71
3246.71,3246.71
3246.71,3246.71
3246.71,3246.71
3246.71,3249.96
3246.71,3246.71
3246.71,3246.78
3174.32,3245.99
3246.71,3246.71
3246.71,3246.71
3246.71,3246.71
3246.71,3246.71
3246.71,3246.71
3246.71,3247.54
3246.71,3246.71
3246.71,3246.71
3246.71,3250.27
3246.71,3246.71
3246.71,3246.71
3246.71,3249.55
3246.71,3249.1
3246.71,3246.71
3246.71,3246.71
3246.71,3246.71
3246.71,3246.71
3230.41,3246.55
3246.71,3256.62
3246.71,3246.71
3246.71,3246.71
3246.71,3246.71
3246.71,3251.55
3246.71,3246.71
3246.71,3246.71
3246.71,3246.71
3246.71,3246.71
3246.71,3246.71
3246.71,3250.1
3246.71,3246.71
3246.71,3246.71
3246.71,3246.71
3246.71,3246.71
3246.71,3246.71
3246.71,3246.71
3246.71,3249.47
3246.71,3246.71
3246.71,3246.71
3246.71,3249.42
3246.71,3246.71
3246.71,3261.33
3246.71,3246.71
3246.71,3247.73
3246.71,3246.71
3246.71,3253.28
3246.71,3246.71
3246.71,3246.71
3246.71,3249.55
3246.71,3246.71
3246.71,3246.71
3246.71,3246.71
3246.71,3246.71
3246.71,3246.71
3246.71,3247.03
3246.71,3246.71
3246.71,3246.71
3246.71,3246.71
3246.71,3249.23
3246.71,3246.71
3246.71,3249.44
3246.71,3246.71
3246.71,3247.04
3246.71,3247.79
3246.71,3246.71
3246.71,3246.82
3246.71,3246.71
3246.71,3246.71
3246.71,3250.48
3246.71,3246.71
3246.71,3252.43
3246.71,3251.56
3246.71,3246.71
3246.71,3246.71
3246.71,3246.71
3246.71,3246.71
3246.71,3251.7
3246.71,3246.71
3246.71,3248.15
3246.71,3250.71
3246.71,3246.71
3246.71,3246.71
3246.71,3248.04
3174.32,3249.34
3246.71,3246.71
3246.71,3246.71
3246.71,3246.71
3246.71,3246.71
3246.71,3246.71
3246.71,3246.71
3246.71,3247.44
3246.71,3246.71
3246.71,3246.71
3246.71,3246.71
3246.71,3246.71
3246.71,3246.71
3223.88,3246.48
3246.71,3246.71
3246.71,3246.71
3246.71,3250.6
3246.71,3261.14
3246.71,3246.71
3246.71,3246.71
3246.71,3246.71
3246.71,3246.71
3246.71,3246.71
3246.71,3246.71
3246.71,3246.71
3246.71,3258.37
3246.71,3246.71
3246.71,3246.71
3246.71,3246.71
3246.71,3246.71
3246.71,3259.79
3246.71,3246.71
3246.71,3246.71
3246.71,3253.06
3246.71,3246.71
3246.71,3247.44
3246.71,3252.69
3246.71,3249.47
3246.71,3249.07
3246.71,3246.71
3246.71,3246.71
3246.71,3246.71
3246.71,3246.98
3246.71,3263.5
3246.71,3246.71
3246.71,3246.71
3246.71,3250.31
3246.71,3246.71
3246.71,3252.87
3246.71,3246.71
3223.88,3246.48
3246.71,3246.71
3246.71,3246.71
3246.71,3251.86
3246.71,3247.76
3246.71,3253.27
3246.71,3246.71
3246.71,3246.71
3246.71,3246.74
3246.71,3249.91
3246.71,3246.71
3246.71,3246.71
3246.71,3254.41
3246.71,3246.71
3246.71,3248.73
3246.71,3247.82
3246.71,3246.71
3246.71,3249.64
3246.71,3246.71
3246.71,3246.71
3246.71,3246.84
3246.71,3246.71
3246.71,3246.71
3246.71,3246.71
3246.71,3248.67
3246.71,3250.72
3246.71,3246.71
3246.71,3246.71
3246.71,3246.71
3246.71,3246.71
3246.71,3246.71
3246.71,3246.71
3246.71,3246.71
3246.71,3246.71
3246.71,3246.71
3246.71,3246.71
3246.71,3251.78
3246.71,3246.71
3246.71,3246.71
3246.71,3246.71
3246.71,3248.88
3246.71,3246.71
3246.71,3246.71
3246.71,3246.71
3246.71,3248.15
3246.71,3246.71
3246.71,3252.1
3246.71,3246.71
3246.71,3257.3
3246.71,3246.71
3246.71,3246.71
3246.71,3251.25
3246.71,3246.71
3246.71,3246.71
3246.71,3251.09
3246.71,3246.71
3246.71,3246.71
3246.71,3246.71
3246.71,3246.71
3246.71,3246.71
3246.71,3246.71
3246.71,3255.98
3246.71,3246.71
3246.71,3246.78
3246.71,3246.71
3246.71,3246.71
3246.71,3246.71
3246.71,3247.86
3246.71,3246.71
3246.71,3246.71
3246.71,3246.71
3246.71,3246.71
3223.88,3246.48
3246.71,3246.71
3246.71,3246.71
3246.71,3246.71
3246.71,3246.71
3246.71,3246.71
3246.71,3246.71
3246.71,3246.71
3246.71,3246.71
3246.71,3249.12
3246.71,3251.4
3246.71,3246.71
3246.71,3249.07
3246.71,3246.71
3246.71,3246.71
3246.71,3246.71
3223.88,3251.43
3246.71,3246.71
3246.71,3246.71
3246.71,3246.71
3174.32,3246.02
3246.71,3260.79
3246.71,3246.71
3246.71,3246.86
3246.71,3246.71
3246.71,3246.71
3246.71,3246.71
3246.71,3254.98
3246.71,3247.7
3246.71,3247.23
3246.71,3249.66
3246.71,3246.71
3246.71,3246.71
3246.71,3246.71
3246.71,3246.71
3246.71,3246.71
3246.71,3246.71
3246.71,3255.18
3246.71,3246.71
3246.71,3246.71
3246.71,3252.26
3246.71,3246.71
3246.71,3247.35
3246.71,3246.71
3246.71,3246.71
3246.71,3246.71
3246.71,3247.48
3246.71,3246.71
3246.71,3248.89
3246.71,3247.32
3246.71,3246.71
3246.71,3246.71
3246.71,3246.71
3246.71,3246.71
3246.71,3246.71
3246.71,3246.71
3246.71,3246.71
3246.71,3246.71
3246.71,3249.93
3230.41,3246.55
3246.71,3246.71
3246.71,3246.71
3246.71,3259.72
3246.71,3248.02
3246.71,3246.71
3246.71,3246.71
3246.71,3254.87
3246.71,3246.71
3246.71,3246.71
3246.71,3246.71
3246.71,3248.48
3246.71,3246.71
3246.71,3246.71
3246.71,3246.71
3246.71,3247.75
3246.71,3246.71
3246.71,3246.78
3246.71,3246.71
3246.71,3246.71
3246.71,3250.18
3246.71,3246.71
3246.71,3246.71
3246.71,3246.71
3246.71,3246.71
3246.71,3256.85
3246.71,3246.71
3246.71,3246.71
3246.71,3246.71
3246.71,3246.71
3246.71,3246.71
3246.71,3246.71
3223.88,3246.48
3223.88,3250.59
3246.71,3246.71
3246.71,3246.71
3246.71,3249.5
3174.32,3245.99
3246.71,3247.35
3246.71,3247.85
3246.71,3247.78
3223.88,3246.48
3246.71,3246.71
3246.71,3246.71
3246.71,3246.71
3246.71,3246.91
3246.71,3250.02
3246.71,3246.71
3246.71,3246.71
3246.71,3246.71
3246.71,3246.71
3246.71,3246.71
3246.71,3247.85
3246.71,3246.71
3246.71,3257.82
3246.71,3254.62
3246.71,3246.71
3246.71,3248.14
3246.71,3246.71
3246.71,3246.71
3246.71,3246.71
3246.71,3246.71
3246.71,3246.71
3246.71,3246.99
3246.71,3247.51
3246.71,3246.71
3246.71,3246.71
3246.71,3250.06
3246.71,3246.71
3246.71,3246.71
3246.71,3246.71
3246.71,3246.71
3246.71,3246.71
3246.71,3246.71
3246.71,3246.71
3246.71,3246.71
3246.71,3246.71
3246.71,3246.71
3246.71,3246.71
3246.71,3259.91
3246.71,3246.71
3246.71,3246.71
3246.71,3246.71
3246.71,3246.71
3246.71,3252.52
3246.71,3261.68
3246.71,3248.43
3246.71,3246.71
3246.71,3247.99
3246.71,3254.83
3246.71,3246.79
3246.71,3246.71
3246.71,3246.71
3246.71,3247.6
3246.71,3246.71
3246.71,3252.93
3246.71,3246.71
3246.71,3252.27
3246.71,3246.71
3246.71,3250.26
3246.71,3246.71
3246.71,3246.71
3246.71,3255.09
3246.71,3247.48
3246.71,3246.79
3246.71,3246.71
3246.71,3246.71
3246.71,3246.71
3246.71,3251.12
3246.71,3246.71
3246.71,3246.71
3246.71,3246.71
3246.71,3250.62
3246.71,3249.99
3246.71,3255.97
3246.71,3246.71
3246.71,3258.62
3246.71,3249.94
3246.71,3246.71
3246.71,3246.71
3246.71,3246.71
3246.71,3246.71
3246.71,3246.71
3246.71,3246.71
3246.71,3246.71
3246.71,3246.71
3246.71,3246.71
3246.71,3247.81
3246.71,3247.55
3246.71,3248.07
3246.71,3246.71
3246.71,3246.71
3246.71,3246.71
3246.71,3246.71
3246.71,3258.38
3246.71,3246.83
3246.71,3246.71
3246.71,3246.71
3246.71,3246.71
3246.71,3246.71
3246.71,3250.09
3246.71,3246.71
3246.71,3246.71
3246.71,3246.71
3246.71,3246.71
3246.71,3246.71
3246.71,3246.71
3246.71,3246.71
3246.71,3246.71
3246.71,3246.71
3246.71,3246.71
3246.71,3246.71
3246.71,3253.8
3246.71,3246.71
3246.71,3247.84
3246.71,3246.71
3246.71,3246.71
3246.71,3249.17
3246.71,3246.71
3246.71,3246.71
3246.71,3246.71
3246.71,3246.71
3246.71,3246.71
3246.71,3250.37
3246.71,3247.92
3246.71,3246.71
3246.71,3255.1
3246.71,3246.71
3246.71,3246.71
3246.71,3246.71
3246.71,3254.33
3246.71,3250.28
3246.71,3246.71
3246.71,3246.71
3246.71,3246.71
3246.71,3249.11
3246.71,3246.71
3246.71,3246.71
3246.71,3246.71
3246.71,3247.79
3246.71,3253.59
3246.71,3246.71
3246.71,3246.71
3246.71,3246.71
3246.71,3246.71
3246.71,3249.51
3246.71,3246.71
3246.71,3246.71
3246.71,3247.22
3246.71,3246.71
3246.71,3246.71
3246.71,3247.24
3246.71,3258.38
3246.71,3246.71
3246.71,3248.44
3246.71,3246.71
3246.71,3246.71
3246.71,3246.71
3246.71,3247.98
3246.71,3246.71
3246.71,3246.71
3246.71,3246.71
3246.71,3246.71
3246.71,3246.71
3246.71,3246.71
3246.71,3251.78
3246.71,3247.5
3246.71,3246.71
3246.71,3249.31
3223.88,3256.12
3223.88,3247.02
3223.88,3223.88
3223.88,3223.88
3223.88,3223.88
3223.88,3223.88
3223.88,3223.88
3223.88,3225.99
3223.88,3225.82
3223.88,3224.35
3223.88,3223.88
3223.88,3223.88
3223.88,3223.88
3223.88,3224.57
3223.88,3225.79
3223.88,3224.48
3223.88,3223.88
3223.88,3223.88
3223.88,3223.88
3223.88,3227.88
3223.88,3223.88
3223.88,3223.88
3223.88,3228.33
3223.88,3223.88
3223.88,3224.48
3223.88,3223.88
3223.88,3234.98
3223.88,3225.34
3223.88,3225.63
3223.88,3223.88
3223.88,3223.88
3223.88,3223.88
3223.88,3223.88
3188.5,3223.53
3223.88,3223.88
3223.88,3223.88
3223.88,3223.88
3188.5,3223.53
3223.88,3225.93
3223.88,3223.88
3223.88,3223.88
3223.88,3223.88
3223.88,3223.88
3223.88,3223.88
3223.88,3223.88
3223.88,3232.33
3223.88,3227.73
3223.88,3224.48
3223.88,3223.88
3223.88,3224.19
3223.88,3223.88
3223.88,3223.88
3223.88,3223.88
3223.88,3226.02
3223.88,3223.88
3223.88,3227.08
3223.88,3234.26
3223.88,3223.88
3223.88,3223.88
3223.88,3223.88
3223.88,3223.88
3223.88,3223.88
3223.88,3223.95
3223.88,3223.88
3223.88,3223.88
3223.88,3227.17
3223.88,3223.88
3223.88,3224.73
3223.88,3230.55
3223.88,3223.88
3223.88,3223.88
3223.88,3223.88
3223.88,3223.88
3223.88,3223.88
3223.88,3223.88
3223.88,3223.88
3223.88,3223.88
3223.88,3236.23
3223.88,3223.88
3223.88,3223.88
3223.88,3223.88
3207.58,3223.72
3223.88,3225.52
3223.88,3223.88
3223.88,3227
3223.88,3223.88
3223.88,3224.39
3223.88,3224.14
3223.88,3223.88
3223.88,3224.12
3223.88,3230.09
3223.88,3223.88
3223.88,3236.78
3223.88,3223.88
3223.88,3223.88
3223.88,3223.88
3223.88,3223.88
3223.88,3223.88
3223.88,3223.88
3188.5,3223.53
3207.58,3223.72
3188.5,3228.41
3223.88,3223.88
3223.88,3223.88
3223.88,3223.88
3223.88,3223.88
3223.88,3228.49
3223.88,3223.88
3223.88,3225.57
3188.5,3223.53
3223.88,3223.88
3223.88,3223.88
3223.88,3224.56
3223.88,3223.88
3223.88,3223.88
3223.88,3223.88
3223.88,3223.88
3223.88,3223.88
3223.88,3225.91
3223.88,3223.88
3223.88,3223.88
3223.88,3226.18
3223.88,3223.88
3223.88,3224.16
3223.88,3224.73
3223.88,3223.88
3223.88,3224.8
3223.88,3225.28
3223.88,3225.24
3223.88,3223.88
3223.88,3223.88
3223.88,3223.88
3223.88,3223.88
3188.5,3223.53
3223.88,3225.06
3223.88,3223.88
3223.88,3228.35
3223.88,3223.88
3223.88,3223.88
3223.88,3223.88
3223.88,3225.7
3223.88,3223.88
3223.88,3224.01
3223.88,3223.88
3223.88,3223.88
3188.5,3223.53
3223.88,3223.88
3223.88,3223.88
3223.88,3223.88
3223.88,3223.88
3223.88,3223.88
3223.88,3223.88
3223.88,3224.47
3223.88,3227.48
3223.88,3223.88
3223.88,3223.88
3223.88,3224.87
3223.88,3223.88
3223.88,3223.88
3223.88,3223.88
3223.88,3223.88
3223.88,3229.23
3223.88,3223.88
3223.88,3224.65
3188.5,3226.09
3223.88,3223.88
3223.88,3228.53
3223.88,3223.88
3223.88,3223.88
3223.88,3223.88
3223.88,3223.88
3223.88,3227.2
3223.88,3223.88
3223.88,3223.88
3223.88,3223.88
3223.88,3223.88
3223.88,3223.88
3223.88,3223.88
3223.88,3228.88
3223.88,3223.88
3188.5,3223.53
3223.88,3223.88
3223.88,3223.88
3223.88,3223.88
3223.88,3224.05
3223.88,3223.88
3223.88,3223.97
3223.88,3224.65
3223.88,3235.92
3223.88,3223.88
3223.88,3223.88
3207.58,3223.72
3223.88,3223.88
3223.88,3223.91
3223.88,3223.88
3188.5,3226.87
3223.88,3223.88
3223.88,3223.88
3223.88,3230.52
3223.88,3223.88
3223.88,3224.6
3223.88,3223.88
3223.88,3223.88
3188.5,3223.53
3223.88,3224.98
3223.88,3223.88
3223.88,3224.15
3223.88,3223.88
3223.88,3223.88
3223.88,3223.88
3223.88,3223.88
3223.88,3223.88
3223.88,3223.88
3223.88,3226.27
3223.88,3223.95
3223.88,3223.88
3223.88,3223.88
3223.88,3223.88
3223.88,3230.31
3223.88,3223.88
3223.88,3223.88
3223.88,3223.88
3223.88,3230.34
3223.88,3223.88
3223.88,3223.88
3223.88,3223.88
3223.88,3223.88
3223.88,3223.88
3223.88,3223.88
3223.88,3230.73
3223.88,3223.88
3223.88,3223.88
3223.88,3226.17
3223.88,3223.88
3223.88,3224.19
3223.88,3232.21
3223.88,3223.88
3223.88,3231.29
3223.88,3223.88
3223.88,3223.88
3188.5,3223.53
3223.88,3230.76
3188.5,3223.53
3207.58,3225.22
3223.88,3223.88
3223.88,3223.88
3223.88,3223.88
3223.88,3223.88
3223.88,3223.88
3223.88,3225.84
3223.88,3223.88
3223.88,3223.88
3223.88,3224.57
3223.88,3223.88
3223.88,3223.88
3223.88,3225.5
3223.88,3223.88
3223.88,3226.49
3223.88,3225.24
3223.88,3223.88
3223.88,3224.01
3223.88,3223.88
3223.88,3232.52
3223.88,3223.88
3223.88,3223.88
3223.88,3227.36
3223.88,3223.88
3223.88,3223.88
3223.88,3226.55
3223.88,3223.88
3223.88,3225.77
3223.88,3236.65
3223.88,3223.88
3223.88,3223.88
3223.88,3228.9
3223.88,3223.97
3223.88,3227.47
3223.88,3223.88
3223.88,3226.21
3223.88,3223.88
3223.88,3223.88
3223.88,3223.88
3223.88,3223.88
3223.88,3223.88
3223.88,3223.88
3223.88,3223.88
3223.88,3224.88
3223.88,3232.51
3223.88,3223.88
3223.88,3223.88
3223.88,3223.88
3223.88,3223.88
3223.88,3223.88
3223.88,3223.88
3223.88,3224.22
3223.88,3224.05
3223.88,3226.46
3223.88,3223.88
3223.88,3223.88
3188.5,3233.5
3223.88,3226.05
3223.88,3223.88
3223.88,3224.81
3223.88,3229.02
3188.5,3223.64
3188.5,3223.53
3223.88,3223.88
3223.88,3223.88
3223.88,3223.99
3223.88,3223.88
3223.88,3223.88
3223.88,3227.47
3223.88,3223.88
3223.88,3227.9
3223.88,3223.88
3223.88,3223.88
3223.88,3223.88
3223.88,3223.88
3223.88,3223.88
3223.88,3223.88
3223.88,3237.48
3188.5,3223.53
3223.88,3227.29
3223.88,3223.88
3223.88,3224.34
3223.88,3223.88
3223.88,3224.54
3223.88,3223.88
3223.88,3223.88
3223.88,3223.88
3223.88,3228.82
3223.88,3223.88
3223.88,3223.88
3223.88,3223.88
3188.5,3229.93
3188.5,3227.64
3223.88,3223.88
3223.88,3227.36
3223.88,3228.52
3223.88,3228.37
3223.88,3223.88
3223.88,3223.88
3223.88,3227.5
3223.88,3224.32
3223.88,3223.88
3223.88,3223.88
3223.88,3223.88
3223.88,3223.88
3223.88,3223.88
3223.88,3223.88
3223.88,3237.3
3188.5,3224.02
3223.88,3223.88
3223.88,3223.88
3223.88,3223.88
3223.88,3223.88
3223.88,3223.88
3223.88,3223.88
3223.88,3223.88
3223.88,3223.88
3223.88,3223.88
3223.88,3223.88
3223.88,3224.41
3223.88,3223.88
3223.88,3223.88
3188.5,3223.53
3223.88,3223.88
3223.88,3223.88
3223.88,3223.88
3223.88,3224.22
3188.5,3223.53
3223.88,3223.88
3223.88,3223.88
3223.88,3225.53
3223.88,3224.53
3223.88,3223.88
3223.88,3223.88
3223.88,3223.88
3223.88,3223.88
3223.88,3233.07
3223.88,3223.88
3223.88,3226.05
3223.88,3224.84
3223.88,3223.88
3223.88,3227.45
3223.88,3226.17
3223.88,3223.88
3223.88,3223.88
3223.88,3223.88
3223.88,3227.16
3223.88,3230.41
3223.88,3223.88
3223.88,3223.88
3223.88,3223.88
3223.88,3229.7
3223.88,3226.56
3223.88,3223.88
3223.88,3224.32
3223.88,3223.88
3223.88,3223.88
3223.88,3227.99
3207.58,3223.72
3223.88,3223.88
3223.88,3223.88
3223.88,3223.88
3223.88,3223.88
3223.88,3225.25
3223.88,3223.88
3223.88,3231.77
3188.5,3223.53
3223.88,3223.88
3223.88,3223.88
3223.88,3230.46
3223.88,3223.88
3223.88,3229.4
3188.5,3223.53
3188.5,3234.6
3223.88,3225.13
3223.88,3223.88
3223.88,3223.88
3223.88,3225.92
3223.88,3223.88
3223.88,3223.88
3223.88,3223.88
3223.88,3223.88
3223.88,3223.88
3223.88,3223.88
3188.5,3223.53
3223.88,3223.88
3223.88,3225.86
3223.88,3223.88
3223.88,3223.88
3223.88,3231.31
3223.88,3223.88
3223.88,3223.88
3223.88,3223.88
3223.88,3223.97
3223.88,3223.88
3223.88,3223.91
3188.5,3226.86
3223.88,3223.88
3188.5,3224.8
3223.88,3224.88
3223.88,3224.82
3223.88,3223.88
3223.88,3226.26
3223.88,3223.88
3223.88,3223.88
3188.5,3223.53
3223.88,3228.34
3223.88,3223.88
3223.88,3223.88
3223.88,3223.88
3223.88,3226.76
3223.88,3228.61
3223.88,3223.88
3223.88,3223.88
3223.88,3223.88
