13.8908,17.1283
13.03,15.2588
12.7543,13.5236
12.3228,12.9725
11.8374,12.458
11.4435,11.9034
10.6746,11.5212
10.4091,10.9649
10.0446,10.6108
9.65053,10.1951
9.14237,9.83365
9.03242,9.63096
8.5873,9.33529
8.76438,9.00144
8.5968,8.79623
8.5623,8.6826
7.76646,8.58347
7.92539,8.35877
7.95395,8.1024
7.91555,7.95348
7.54254,7.93864
7.60665,7.74936
7.60665,7.60665
7.59338,7.60652
7.59401,7.60653
7.55594,7.60615
7.50916,7.60568
7.35686,7.60409
7.59973,7.60402
7.56523,7.59919
7.48675,7.59269
7.49654,7.54236
7.40709,7.49813
7.39665,7.4898
7.4362,7.48114
7.34681,7.48003
7.30741,7.46723
7.36131,7.42477
7.31979,7.3609
7.30912,7.36079
7.16463,7.35915
7.14781,7.35086
7.2454,7.34135
7.17023,7.30227
7.25879,7.26465
7.25879,7.25879
7.25879,7.25879
7.25879,7.25879
7.22721,7.25838
7.20063,7.2527
7.24894,7.24894
7.22728,7.24873
7.24894,7.24894
7.19078,7.24836
7.24894,7.24894
7.24894,7.24894
7.24894,7.24894
7.14343,7.24789
7.20872,7.24854
7.24894,7.24894
7.24894,7.24894
7.24894,7.24894
7.23703,7.24882
7.24894,7.24894
7.24894,7.24894
7.24894,7.24894
7.20611,7.24851
7.20611,7.24851
7.24894,7.24894
7.24894,7.24894
7.24894,7.24894
7.24894,7.24894
7.22728,7.24855
7.2313,7.23836
7.2313,7.2313
7.18847,7.23088
7.2313,7.2313
7.17307,7.23072
7.14636,7.23045
7.2313,7.2313
7.2313,7.2313
7.2313,7.2313
7.2313,7.2313
7.18847,7.23088
7.2313,7.2313
7.18847,7.23088
7.2313,7.2313
7.14636,7.23024
7.14636,7.21941
7.04556,7.208
7.20964,7.20964
7.20964,7.20988
7.1862,7.2094
7.20964,7.20964
7.1668,7.20991
7.20964,7.20964
7.1862,7.2142
7.20964,7.20964
7.1862,7.2094
7.20964,7.20964
7.20964,7.20964
7.20964,7.20964
7.20964,7.20964
7.1668,7.20898
7.10748,7.19666
7.1862,7.1862
7.1862,7.1862
7.15528,7.18589
7.15578,7.18589
7.1862,7.1862
7.1862,7.1862
7.1862,7.1862
7.04421,7.18478
7.1862,7.1862
7.08069,7.18484
7.15578,7.17464
7.15578,7.15578
7.15578,7.15578
7.15578,7.15578
7.15578,7.15578
7.15578,7.15578
7.09761,7.1552
7.15578,7.15578
7.09755,7.15519
7.11294,7.15535
7.12188,7.15544
7.00671,7.15429
7.15578,7.15578
7.09761,7.1552
7.12188,7.15514
7.12577,7.14077
7.12577,7.12577
7.09188,7.12543
7.06754,7.12519
7.09596,7.12518
7.09596,7.10883
7.09596,7.09596
7.08214,7.09568
7.08214,7.09057
7.04825,7.0818
7.02398,7.0808
7.0393,7.06294
7.0393,7.0393
7.0393,7.0393
6.94625,7.03837
7.00541,7.03897
7.0393,7.0393
7.0393,7.0393
6.94625,7.03803
6.8999,7.06269
7.00541,7.00541
6.89315,7.00371
6.94718,6.97239
6.85412,6.94625
6.88827,6.94659
6.94718,6.94718
6.83492,6.94606
6.94718,6.94718
6.86426,6.94635
6.88827,6.94638
6.926,6.93553
6.76957,6.92444
6.926,6.926
6.926,6.926
6.926,6.926
6.926,6.926
6.89281,6.92567
6.926,6.926
6.926,6.926
6.89281,6.92567
6.926,6.926
6.926,6.926
6.926,6.926
6.926,6.926
6.926,6.926
6.926,6.926
6.926,6.926
6.83744,6.92423
6.50091,6.88111
6.50091,6.67366
6.53566,6.56451
6.47174,6.56387
6.5648,6.5648
6.5648,6.5648
6.5648,6.5648
6.5648,6.5648
6.45254,6.56368
6.45622,6.56286
6.47901,6.52681
6.36675,6.47789
6.4242,6.47847
6.39609,6.47764
6.4242,6.46399
6.4242,6.4242
6.33114,6.42327
6.41165,6.42407
6.4242,6.4242
6.4242,6.4242
6.39126,6.42387
6.4242,6.4242
6.4242,6.4242
6.05683,6.41969
6.34127,6.38439
6.24822,6.3403
6.32411,6.33856
6.32411,6.33086
6.32411,6.32411
6.32411,6.32411
6.23105,6.32318
6.32411,6.32411
6.32411,6.32411
6.23105,6.32297
6.30342,6.31376
6.21036,6.30249
6.30342,6.30342
6.21036,6.30249
6.30342,6.30342
6.30342,6.30342
6.30342,6.30342
6.30342,6.30342
6.30342,6.30342
6.30342,6.30342
6.30342,6.30342
6.29087,6.3033
6.30342,6.30342
6.30342,6.30342
6.30342,6.30342
6.21036,6.30249
6.21036,6.30249
6.30342,6.30342
6.30342,6.30342
6.30342,6.30342
6.30342,6.30342
6.30342,6.30342
6.30342,6.30342
6.23172,6.30271
6.30342,6.30342
6.30342,6.30342
6.30342,6.30342
6.29087,6.3033
6.30342,6.30342
6.30342,6.30342
6.30342,6.30342
6.30342,6.30342
6.21036,6.30249
6.30342,6.30342
6.30342,6.30342
6.30342,6.30342
6.30342,6.30342
6.21036,6.30249
6.30342,6.30342
6.30342,6.30342
6.30342,6.30342
6.30342,6.30342
6.30342,6.30342
6.30342,6.30342
6.30342,6.30342
6.30342,6.30342
6.30342,6.30342
6.30342,6.30342
6.30342,6.30342
6.30342,6.30342
6.30342,6.30342
6.30342,6.30342
6.30342,6.30342
6.30342,6.30342
6.30342,6.31541
6.30342,6.30342
6.30342,6.30342
6.30342,6.30342
6.30342,6.30342
6.30342,6.30342
6.30342,6.30342
6.30342,6.30342
6.30342,6.30342
6.30342,6.30342
6.30342,6.30342
6.30342,6.30342
6.30342,6.30342
6.30342,6.30342
6.30342,6.30342
6.30342,6.30342
6.30342,6.30342
6.23172,6.30271
6.29087,6.3033
6.30342,6.30342
6.30342,6.30342
6.30342,6.30342
6.30342,6.30342
6.23172,6.30271
6.21036,6.30249
6.04149,6.3008
6.30342,6.30342
6.30342,6.30342
6.30342,6.30342
6.25417,6.3028
6.22786,6.29614
6.29087,6.29087
6.29087,6.29087
6.29087,6.29087
6.29087,6.29087
6.29087,6.29087
6.29087,6.29087
6.29087,6.29087
6.29087,6.29087
6.29087,6.29087
6.22786,6.29024
6.22786,6.29024
6.29087,6.29087
6.29087,6.29087
6.29087,6.29087
6.22786,6.29024
6.29087,6.29087
6.29087,6.29087
6.29087,6.29087
6.29087,6.29087
6.29087,6.29087
6.29087,6.29087
6.29087,6.29087
6.29087,6.29495
6.29087,6.29087
6.22786,6.29024
6.29087,6.29087
6.29087,6.29087
6.29087,6.29087
6.29087,6.29087
6.29087,6.29131
6.29087,6.29087
6.22786,6.29024
6.29087,6.29087
6.29087,6.29087
6.27762,6.29074
6.29087,6.29087
6.29087,6.29087
6.29087,6.29087
6.29087,6.29087
6.29087,6.29087
6.29087,6.29087
6.29087,6.29087
6.29087,6.29087
6.29087,6.29087
6.03633,6.28833
6.22786,6.29024
6.29087,6.29097
6.29087,6.29087
6.29087,6.29087
6.29087,6.29087
6.29087,6.29087
6.29087,6.29092
6.29087,6.29087
6.29087,6.29087
6.29087,6.29099
6.29087,6.29087
6.29087,6.29087
6.29087,6.29087
6.29087,6.29087
6.22786,6.29024
6.29087,6.29087
6.29087,6.29087
6.29087,6.29087
6.03633,6.28833
6.29087,6.29087
6.29087,6.29087
6.29087,6.29087
6.22786,6.29024
6.29087,6.29087
6.29087,6.29087
6.29087,6.29087
6.29087,6.29087
6.29087,6.29087
6.19782,6.28901
6.19782,6.2583
6.19782,6.19782
6.19782,6.19782
6.193,6.19777
6.19782,6.19782
6.19782,6.19782
6.19782,6.19782
6.193,6.19777
6.19782,6.19782
6.19782,6.19782
6.19782,6.19782
6.19782,6.19782
6.19782,6.19782
6.14634,6.1973
6.14634,6.1973
6.19782,6.19782
6.19782,6.21661
6.19782,6.19782
6.19782,6.19782
6.19782,6.19782
6.19782,6.19782
6.19782,6.19782
6.193,6.19772
6.12267,6.19494
6.193,6.193
6.193,6.193
6.193,6.193
6.193,6.193
6.193,6.193
6.193,6.193
6.193,6.193
6.193,6.193
6.193,6.193
6.193,6.193
6.193,6.193
6.16939,6.19288
6.193,6.193
6.193,6.193
6.193,6.193
6.193,6.193
6.193,6.193
6.193,6.193
6.193,6.193
6.193,6.193
6.193,6.193
6.193,6.193
6.193,6.193
6.16939,6.19276
6.193,6.193
6.193,6.193
6.193,6.193
6.1006,6.19207
6.193,6.193
6.193,6.193
6.193,6.193
6.193,6.193
6.193,6.193
6.09531,6.19202
6.193,6.193
6.193,6.193
6.193,6.193
6.193,6.193
6.16939,6.19276
6.16939,6.19276
6.193,6.193
6.193,6.193
6.193,6.193
6.09531,6.19104
6.09531,6.14024
6.09531,6.09531
6.09531,6.09531
6.09531,6.09531
6.09531,6.09531
5.8719,6.09307
5.99435,6.0943
5.98292,6.09418
6.09531,6.09531
6.09531,6.09531
6.09531,6.09531
6.09531,6.09531
6.06607,6.09502
5.99435,6.0943
6.09531,6.09531
6.09531,6.09531
6.09531,6.09531
6.09531,6.09531
6.09531,6.09531
5.8719,6.09307
6.06607,6.09502
6.09531,6.09531
6.09531,6.09531
6.06607,6.09502
6.09531,6.09531
6.09531,6.09531
6.0325,6.09468
6.06607,6.09502
5.8719,6.09307
6.09531,6.09531
5.99435,6.0943
5.8719,6.09307
6.09531,6.09531
5.94327,6.09278
5.99435,6.03987
5.99435,5.99435
5.99435,5.99435
5.84231,5.99283
5.99435,5.99435
5.99435,5.99435
5.88196,5.99323
5.77094,5.99212
5.99435,5.99435
5.99435,5.99435
5.77094,5.99212
5.99435,5.99435
5.99435,5.99435
5.99435,5.99435
5.99435,5.99435
5.99435,5.99435
5.99435,5.99435
5.84231,6.00194
5.99435,5.99435
5.99435,5.99435
5.99435,5.99435
5.99435,5.99435
5.77094,5.99182
5.96511,5.97647
5.96511,5.96511
5.96511,5.96511
5.96511,5.96511
5.96511,5.96511
5.96511,5.96511
5.96511,5.96511
5.96511,5.96511
5.96511,5.96511
5.96511,5.96511
5.96511,5.96511
5.96511,5.96511
5.96511,5.96511
5.96511,5.96511
5.96511,5.96511
5.96511,5.96511
5.96511,5.96511
5.96511,5.96511
5.96511,5.96511
5.96511,5.96511
5.96511,5.96511
5.96511,5.96511
5.96511,5.96511
5.94477,5.96491
5.96511,5.96511
5.96511,5.96511
5.96511,5.96511
5.96511,5.96511
5.96511,5.96511
5.96511,5.96511
5.96511,5.96511
5.96511,5.96511
5.96511,5.96511
5.96511,5.96511
5.96511,5.96511
5.96511,5.96511
5.96511,5.96511
5.96511,5.96511
5.96511,5.96511
5.96511,5.96511
5.96511,5.96511
5.96511,5.96541
5.96511,5.96511
5.96511,5.96511
5.96511,5.96511
5.96511,5.96511
5.96511,5.96511
5.96511,5.96511
5.92908,5.96475
5.96511,5.96511
5.96511,5.96511
5.96511,5.96511
5.96511,5.96511
5.96511,5.96511
5.96511,5.96511
5.92908,5.96435
5.94477,5.95352
5.94477,5.94477
5.94477,5.94477
5.94477,5.94477
5.94477,5.94477
5.93205,5.94465
5.94477,5.94477
5.94477,5.94477
5.94477,5.94477
5.94477,5.94477
5.92275,5.94455
5.94477,5.94477
5.94477,5.94477
5.94477,5.94477
5.94477,5.94477
5.94477,5.94669
5.87454,5.94385
5.91889,5.93218
5.92275,5.92275
5.92275,5.92275
5.85251,5.92204
5.92275,5.92275
5.92275,5.92275
5.92275,5.92275
5.92275,5.92275
5.9181,5.9227
5.92275,5.92275
5.85251,5.92196
5.91438,5.91935
5.91438,5.91438
5.91438,5.91438
5.91438,5.91438
5.84414,5.91367
5.91438,5.91438
5.91438,5.91438
5.91438,5.91438
5.91438,5.91438
5.91438,5.91438
5.91438,5.91438
5.91438,5.91438
5.91438,5.91438
5.91438,5.91438
5.91052,5.91434
5.91438,5.91438
5.91438,5.91438
5.91438,5.91438
5.91438,5.91438
5.84414,5.91367
5.91438,5.91438
5.91438,5.91438
5.91438,5.91438
5.91438,5.91438
5.91438,5.91438
5.91438,5.91438
5.91438,5.91438
5.91438,5.91438
5.91438,5.91438
5.91052,5.91434
5.91438,5.91438
5.91438,5.91438
5.91438,5.91438
5.91438,5.91438
5.91438,5.91438
5.91438,5.91438
5.91438,5.91438
5.91052,5.91434
5.91438,5.91438
5.91438,5.91438
5.91052,5.91434
5.91438,5.91438
5.91438,5.91438
5.91438,5.91438
5.91438,5.91438
5.91438,5.91438
5.91438,5.91438
5.91438,5.91438
5.91438,5.91438
5.91438,5.91438
5.91438,5.91438
5.91438,5.91438
5.91438,5.91438
5.91438,5.91438
5.91438,5.91438
5.91438,5.91438
5.91438,5.91438
5.91052,5.91434
5.91052,5.91434
5.91438,5.94506
5.91052,5.91434
5.91438,5.91438
5.91052,5.91434
5.91438,5.91438
5.91438,5.91438
5.91438,5.91438
5.91438,5.91438
5.91438,5.91438
5.91438,5.91438
5.91438,5.91438
5.91438,5.91438
5.91438,5.91438
5.91438,5.91438
5.91438,5.91438
5.91438,5.91438
5.91438,5.91438
5.91438,5.91438
5.91438,5.91438
5.91438,5.91449
5.91438,5.91438
5.91438,5.91438
5.91438,5.91438
5.91438,5.91438
5.91438,5.91438
5.91438,5.91438
5.91438,5.91438
5.91438,5.91438
5.91438,5.91438
5.91438,5.91438
5.91438,5.91438
5.91438,5.91438
5.91438,5.91438
5.91438,5.91438
5.91438,5.91438
5.84414,5.91367
5.91438,5.91438
5.91438,5.91438
5.91438,5.91438
5.84414,5.91367
5.91438,5.91438
5.91438,5.91438
5.91438,5.91438
5.91438,5.91438
5.91438,5.91438
5.91438,5.91438
5.91438,5.91438
5.91438,5.91438
5.91438,5.91438
5.91438,5.91438
5.91438,5.91438
5.91438,5.91438
5.91438,5.91438
5.91438,5.91438
5.91438,5.91438
5.91438,5.91438
5.91438,5.91438
5.91438,5.91438
5.91438,5.91438
5.91438,5.91438
5.91052,5.91434
5.84414,5.91367
5.91438,5.91438
5.91438,5.91438
5.91438,5.91438
5.91438,5.91438
5.84414,5.91367
5.84414,5.91367
5.91438,5.91438
5.91052,5.91434
5.91438,5.91438
5.91438,5.91438
5.91438,5.91438
5.91438,5.91438
5.91438,5.91438
5.91438,5.91438
5.91438,5.91438
5.91438,5.91438
5.91438,5.91438
5.84414,5.91367
5.91438,5.91438
5.91438,5.91438
5.91438,5.91438
5.91438,5.91438
5.91052,5.91434
5.91438,5.91438
5.91438,5.91438
5.91438,5.91438
5.91438,5.91438
5.91438,5.91438
5.91438,5.91438
5.91438,5.91438
5.91438,5.91438
5.91052,5.91434
5.91438,5.91438
5.91438,5.91438
5.84414,5.91367
5.91438,5.91438
5.91438,5.91438
5.91438,5.91438
5.91438,5.91438
5.91438,5.91438
5.91438,5.91438
5.85053,5.91374
5.91438,5.91438
5.91438,5.91438
5.91438,5.91438
5.91438,5.91438
5.91438,5.91438
5.91438,5.91438
5.91438,5.91438
5.91052,5.91434
5.91438,5.91438
5.91438,5.91438
5.91438,5.91438
5.91438,5.91438
5.91052,5.9143
5.91052,5.91268
5.91052,5.91052
5.91052,5.91052
5.91052,5.91052
5.91052,5.91052
5.91052,5.91052
5.91052,5.91052
5.91052,5.91052
5.91052,5.91052
5.91052,5.91052
5.91052,5.91052
5.91052,5.91387
5.91052,5.91052
5.91052,5.91052
5.91052,5.91052
5.91052,5.91052
5.91052,5.91052
5.91052,5.91052
5.91052,5.91052
5.91052,5.91052
5.91052,5.91052
5.91052,5.91052
5.91052,5.91052
5.91052,5.91052
5.91052,5.91052
5.91052,5.91052
5.91052,5.91052
5.91052,5.91052
5.91052,5.91052
5.91052,5.91052
5.91052,5.91052
5.91052,5.91052
5.91052,5.91052
5.91052,5.91052
5.91052,5.91052
5.84028,5.90981
5.84028,5.90981
5.91052,5.91052
5.91052,5.91052
5.84028,5.90981
5.91052,5.91052
5.91052,5.91052
5.91052,5.91052
5.91052,5.91052
5.91052,5.91052
5.91052,5.91052
5.91052,5.91052
5.91052,5.91052
5.91052,5.91052
5.91052,5.91052
5.91052,5.91052
5.91052,5.91052
5.91052,5.91052
5.91052,5.91052
5.91052,5.91052
5.91052,5.91052
5.91052,5.91052
5.91052,5.91052
5.91052,5.91052
5.91052,5.91052
5.91052,5.91052
5.91052,5.91052
5.91052,5.91052
5.84028,5.90981
5.91052,5.91052
5.91052,5.91052
5.91052,5.91052
5.91052,5.91052
5.91052,5.91052
5.91052,5.91052
5.91052,5.91052
5.91052,5.91052
5.84028,5.90981
5.91052,5.91052
5.91052,5.91052
5.91052,5.91052
5.91052,5.91052
5.84028,5.90981
5.91052,5.91052
5.91052,5.91052
5.91052,5.91052
5.91052,5.91052
5.91052,5.91052
5.91052,5.91052
5.91052,5.91052
5.91052,5.91052
5.91052,5.91052
5.91052,5.91052
5.91052,5.91052
5.91052,5.91052
5.91052,5.91052
5.91052,5.91052
5.91052,5.91052
5.91052,5.91052
5.91052,5.91052
5.91052,5.91052
5.91052,5.91052
5.91052,5.91052
5.91052,5.91052
5.91052,5.91052
5.91052,5.91052
5.91052,5.91052
5.91052,5.91052
5.91052,5.91052
5.91052,5.91052
5.84028,5.90981
5.91052,5.91052
5.91052,5.91052
5.91052,5.91052
5.91052,5.91052
5.91052,5.91052
5.91052,5.91052
5.91052,5.91052
5.91052,5.91052
5.91052,5.91052
5.91052,5.91052
5.91052,5.91052
5.91052,5.91052
5.91052,5.91052
5.91052,5.91052
5.91052,5.91052
5.91052,5.91052
5.91052,5.91052
5.91052,5.91052
5.91052,5.91052
5.91052,5.91052
5.91052,5.91052
5.91052,5.91052
5.91052,5.91052
5.91052,5.91052
5.91052,5.91052
5.91052,5.91052
5.91052,5.91052
5.91052,5.91052
5.91052,5.91052
5.91052,5.91052
5.91052,5.91052
5.91052,5.91052
5.91052,5.91052
5.91052,5.91052
5.91052,5.91052
5.91052,5.91052
5.91052,5.91052
5.91052,5.91052
5.91052,5.91052
5.91052,5.91052
5.91052,5.91052
5.91052,5.91052
5.91052,5.91052
5.91052,5.91052
5.91052,5.91052
5.91052,5.91052
5.91052,5.91052
5.91052,5.91052
5.91052,5.91052
5.91052,5.91052
5.91052,5.91052
5.91052,5.91052
5.91052,5.91052
5.91052,5.91052
5.91052,5.91052
5.91052,5.91052
5.91052,5.91052
5.91052,5.91052
5.91052,5.91052
5.91052,5.91052
5.91052,5.91052
5.91052,5.91052
5.91052,5.91052
5.91052,5.91052
5.91052,5.91052
5.91052,5.91052
5.91052,5.91052
5.91052,5.91052
5.91052,5.91052
5.91052,5.91052
5.91052,5.91052
5.91052,5.91052
5.84028,5.90981
5.84028,5.90981
5.84028,5.90981
5.91052,5.91052
5.91052,5.91052
5.91052,5.91052
5.91052,5.91052
5.91052,5.91052
5.84028,5.90981
5.91052,5.91052
5.91052,5.91056
5.84028,5.90981
5.91052,5.91052
5.91052,5.91052
5.91052,5.91052
5.91052,5.91052
5.91052,5.91052
5.91052,5.91052
5.91052,5.91052
5.91052,5.91052
5.91052,5.91052
5.91052,5.91052
5.91052,5.91052
5.91052,5.91052
5.91052,5.91052
5.91052,5.91052
5.91052,5.91052
5.91052,5.91052
5.91052,5.91052
5.91052,5.91052
5.91052,5.91052
5.91052,5.91052
5.91052,5.91052
5.91052,5.91052
5.91052,5.91052
5.91052,5.91052
5.84028,5.90981
5.91052,5.91052
5.91052,5.91052
5.91052,5.91052
5.84028,5.90981
5.91052,5.91052
5.91052,5.91052
5.91052,5.91052
5.91052,5.91052
5.91052,5.91052
5.91052,5.91052
5.91052,5.91052
5.91052,5.91052
5.91052,5.91052
5.84028,5.90981
5.91052,5.91052
5.91052,5.91224
5.91052,5.91052
5.91052,5.91052
5.91052,5.91052
5.91052,5.91052
5.91052,5.91052
5.91052,5.91052
5.91052,5.91052
5.91052,5.91052
5.91052,5.91052
5.91052,5.91052
5.84028,5.90981
5.91052,5.91052
5.91052,5.91052
5.91052,5.91052
5.91052,5.91052
5.91052,5.91052
5.91052,5.91052
5.91052,5.91052
5.91052,5.91052
5.91052,5.91052
5.91052,5.91052
5.91052,5.91052
5.91052,5.91052
5.91052,5.91052
5.91052,5.91052
5.91052,5.91052
5.91052,5.91052
5.91052,5.91052
5.91052,5.91052
5.91052,5.91052
5.91052,5.91052
5.84028,5.90981
5.91052,5.91052
5.91052,5.91052
5.91052,5.91052
5.91052,5.91052
5.91052,5.91052
5.91052,5.91052
5.91052,5.91052
5.91052,5.91052
5.91052,5.91052
5.91052,5.91052
5.91052,5.91052
5.91052,5.91052
5.91052,5.91052
5.91052,5.91052
5.91052,5.91052
5.84028,5.90981
5.91052,5.91052
5.91052,5.91052
5.91052,5.91052
5.91052,5.91052
5.91052,5.91052
5.91052,5.91052
5.91052,5.91052
5.91052,5.91052
5.91052,5.91052
5.91052,5.91052
5.91052,5.91052
5.91052,5.91052
5.84028,5.90981
5.91052,5.92134
5.91052,5.91052
5.91052,5.91052
5.91052,5.91052
5.91052,5.91052
5.91052,5.91052
5.91052,5.91052
5.91052,5.91052
5.91052,5.91052
5.91052,5.91052
5.91052,5.91052
5.91052,5.91052
5.91052,5.91052
5.91052,5.91052
5.91052,5.91052
5.91052,5.91052
5.91052,5.91052
5.91052,5.91052
5.91052,5.91052
5.91052,5.91052
5.91052,5.91052
5.91052,5.91052
5.91052,5.91052
5.91052,5.91052
5.91052,5.91052
5.91052,5.91052
5.91052,5.91052
5.91052,5.91052
5.91052,5.91052
5.91052,5.91052
5.91052,5.91052
5.91052,5.91052
5.91052,5.91052
5.84028,5.90981
5.91052,5.91052
5.91052,5.91052
5.91052,5.91052
5.91052,5.91052
5.91052,5.91052
5.91052,5.91052
5.91052,5.91052
5.91052,5.91362
5.91052,5.91052
5.91052,5.91052
5.91052,5.91052
5.91052,5.91052
5.91052,5.91052
5.91052,5.91052
5.91052,5.91052
5.91052,5.91052
5.91052,5.91052
5.91052,5.91052
5.91052,5.91052
5.91052,5.91052
5.91052,5.91052
5.91052,5.91052
5.91052,5.91052
5.91052,5.91052
5.91052,5.91052
5.91052,5.91052
5.91052,5.91052
5.91052,5.91052
5.91052,5.91052
5.91052,5.91052
5.91052,5.91052
5.91052,5.91052
5.91052,5.91278
5.91052,5.91052
5.91052,5.91052
5.91052,5.91052
5.91052,5.91052
5.91052,5.91052
5.91052,5.91052
5.91052,5.91052
5.91052,5.91052
5.91052,5.91052
5.91052,5.91052
5.84028,5.90981
5.91052,5.91052
5.91052,5.91052
5.91052,5.91052
5.91052,5.91052
5.91052,5.91052
5.91052,5.91052
5.91052,5.91052
5.91052,5.91052
5.91052,5.91052
5.84028,5.90981
5.91052,5.91052
5.91052,5.91052
5.91052,5.91052
5.91052,5.91052
5.91052,5.91052
5.91052,5.91052
5.91052,5.91052
5.91052,5.91052
5.91052,5.91348
5.91052,5.91052
5.91052,5.91052
5.84028,5.90981
5.91052,5.91806
5.91052,5.91052
5.91052,5.91052
5.91052,5.91052
5.84028,5.90981
5.91052,5.91052
5.91052,5.91052
5.91052,5.91052
5.91052,5.91052
5.84028,5.90981
5.91052,5.91052
5.91052,5.91052
5.91052,5.91052
5.91052,5.91052
5.91052,5.91052
5.91052,5.91052
5.91052,5.91052
5.91052,5.91052
5.91052,5.91052
5.91052,5.91052
5.91052,5.91052
5.91052,5.91052
5.91052,5.91052
5.91052,5.91052
5.91052,5.91052
5.91052,5.91052
5.91052,5.91052
5.91052,5.91052
5.91052,5.91052
5.91052,5.91052
5.91052,5.91052
5.91052,5.91052
5.91052,5.91052
5.91052,5.91052
5.91052,5.91052
5.91052,5.91052
5.91052,5.91052
5.91052,5.91052
5.91052,5.91052
5.91052,5.91052
5.91052,5.91052
5.91052,5.91052
5.91052,5.91052
5.91052,5.91052
5.91052,5.91052
5.91052,5.91052
5.91052,5.91052
5.91052,5.91052
5.84028,5.90981
5.91052,5.91052
5.91052,5.91052
5.91052,5.91052
5.91052,5.91052
5.91052,5.91052
5.91052,5.91052
5.91052,5.91052
5.91052,5.91052
5.91052,5.91052
5.84028,5.90981
5.91052,5.91052
5.91052,5.91052
5.91052,5.91889
5.84028,5.90981
5.91052,5.91052
5.91052,5.91052
5.91052,5.91052
5.84028,5.90981
5.91052,5.91052
5.91052,5.91052
5.91052,5.91052
5.91052,5.91052
5.91052,5.91052
5.91052,5.91052
5.91052,5.91052
5.91052,5.91052
5.91052,5.91052
5.91052,5.92243
5.91052,5.91052
5.91052,5.91052
5.91052,5.91052
5.91052,5.91052
5.91052,5.91052
5.91052,5.91052
5.91052,5.91052
5.91052,5.91052
5.91052,5.91052
5.91052,5.91052
5.91052,5.91052
5.91052,5.91052
5.91052,5.91052
5.91052,5.91052
5.91052,5.91052
5.84028,5.90981
5.91052,5.91052
5.91052,5.91052
5.91052,5.91052
5.91052,5.91052
5.91052,5.91052
5.91052,5.91052
5.91052,5.91052
5.91052,5.91052
5.91052,5.91052
5.91052,5.91052
5.91052,5.91052
5.91052,5.91052
5.84028,5.90981
5.91052,5.91052
5.91052,5.91052
5.91052,5.91052
5.91052,5.91052
5.91052,5.91072
5.91052,5.91052
5.91052,5.91052
5.91052,5.91052
5.91052,5.91052
5.91052,5.91052
5.91052,5.91052
5.91052,5.91052
5.91052,5.91052
5.91052,5.91052
5.91052,5.91052
5.91052,5.91052
5.91052,5.91052
5.91052,5.91052
5.84028,5.90911
5.84028,5.88242
5.84028,5.84028
5.84028,5.84028
5.84028,5.84028
5.84028,5.84028
5.84028,5.84028
5.83559,5.84024
5.84028,5.84028
5.83559,5.84024
5.84028,5.84028
5.84028,5.84028
5.83559,5.84024
5.84028,5.84028
5.83559,5.84024
5.84028,5.84028
5.84028,5.84028
5.84028,5.84028
5.84028,5.84028
5.84028,5.84028
5.84028,5.84028
5.84028,5.84028
5.84028,5.84028
5.84028,5.84028
5.84028,5.84028
5.84028,5.84028
5.84028,5.84028
5.83559,5.84024
5.84028,5.84028
5.84028,5.84028
5.84028,5.84028
5.84028,5.84028
5.84028,5.84028
5.84028,5.84028
5.84028,5.84028
5.84028,5.84028
5.84028,5.84028
5.84028,5.84028
5.84028,5.84028
5.84028,5.84028
5.84028,5.84028
5.84028,5.84028
5.7565,5.83945
5.84028,5.84028
5.84028,5.84028
5.84028,5.84028
5.84028,5.84028
5.84028,5.84028
5.84028,5.84028
5.84028,5.84028
5.84028,5.84028
5.84028,5.84028
5.84028,5.84028
5.84028,5.84028
5.84028,5.84028
5.84028,5.84028
5.84028,5.84028
5.84028,5.84028
5.84028,5.84028
5.84028,5.84028
5.84028,5.84028
5.84028,5.84028
5.84028,5.84028
5.84028,5.84028
5.84028,5.84028
5.84028,5.84028
5.84028,5.84028
5.83559,5.84024
5.84028,5.84028
5.84028,5.84028
5.84028,5.84028
5.84028,5.84028
5.84028,5.84028
5.84028,5.84028
5.84028,5.84028
5.84028,5.84833
5.84028,5.84028
5.84028,5.84028
5.84028,5.85401
5.84028,5.84028
5.84028,5.84028
5.84028,5.84028
5.84028,5.8816
5.84028,5.84028
5.84028,5.84028
5.84028,5.84028
5.84028,5.84028
5.84028,5.84028
5.84028,5.84028
5.83559,5.84024
5.84028,5.84028
5.84028,5.84028
5.84028,5.84028
5.84028,5.84028
5.84028,5.84028
5.84028,5.84028
5.84028,5.84028
5.84028,5.84028
5.84028,5.84028
5.84028,5.84028
5.84028,5.84028
5.84028,5.84028
5.83559,5.84024
5.83367,5.84022
5.84028,5.84028
5.84028,5.84028
5.84028,5.84028
5.84028,5.84028
5.84028,5.84028
5.84028,5.84028
5.84028,5.84028
5.84028,5.84028
5.84028,5.84028
5.83559,5.84024
5.83367,5.84022
5.84028,5.8411
5.84028,5.84028
5.84028,5.84028
5.84028,5.84028
5.84028,5.84028
5.84028,5.84028
5.84028,5.84028
5.84028,5.84028
5.84028,5.84028
5.7565,5.83945
5.84028,5.84028
5.84028,5.84028
5.84028,5.84028
5.84028,5.84028
5.84028,5.84028
5.83559,5.84024
5.84028,5.84028
5.84028,5.84028
5.84028,5.84028
5.83559,5.84024
5.84028,5.84028
5.84028,5.84028
5.84028,5.84028
5.84028,5.84028
5.83559,5.84024
5.84028,5.84028
5.83559,5.84024
5.84028,5.84028
5.84028,5.84028
5.84028,5.84028
5.84028,5.84028
5.84028,5.84028
5.84028,5.84028
5.7565,5.83945
5.84028,5.84028
5.84028,5.84028
5.84028,5.84028
5.84028,5.84028
5.84028,5.84028
5.84028,5.84028
5.83559,5.84024
5.84028,5.84028
5.83559,5.84024
5.84028,5.84028
5.84028,5.84028
5.84028,5.84028
5.84028,5.84028
5.84028,5.84028
5.84028,5.84028
5.84028,5.84028
5.84028,5.84028
5.84028,5.84028
5.84028,5.84028
5.84028,5.84028
5.84028,5.84028
5.84028,5.84028
5.84028,5.84028
5.84028,5.84028
5.84028,5.84028
5.84028,5.84028
5.84028,5.84028
5.84028,5.84028
5.84028,5.84028
5.84028,5.84028
5.84028,5.84028
5.84028,5.84028
5.84028,5.84028
5.84028,5.84028
5.84028,5.84028
5.84028,5.84028
5.84028,5.84028
5.84028,5.84028
5.84028,5.84028
5.84028,5.84028
5.84028,5.84028
5.84028,5.84028
5.84028,5.84028
5.84028,5.84028
5.84028,5.84028
5.84028,5.84028
5.84028,5.84028
5.84028,5.84028
5.84028,5.84028
5.83367,5.84022
5.84028,5.84028
5.84028,5.84028
5.84028,5.84028
5.84028,5.84028
5.84028,5.84028
5.84028,5.84028
5.84028,5.84028
5.84028,5.84028
5.84028,5.84028
5.84028,5.84028
5.83559,5.84024
5.84028,5.84028
5.83559,5.84024
5.84028,5.84028
5.84028,5.84028
5.84028,5.84028
5.84028,5.84028
5.84028,5.84028
5.84028,5.84028
5.84028,5.84028
5.84028,5.84028
5.84028,5.84028
5.84028,5.84028
5.84028,5.84028
5.84028,5.84028
5.84028,5.84028
5.84028,5.84028
5.84028,5.84028
5.84028,5.84028
5.84028,5.84028
5.84028,5.84028
5.84028,5.84028
5.84028,5.84028
5.84028,5.84028
5.84028,5.84028
5.84028,5.84028
5.84028,5.84028
5.83559,5.84024
5.84028,5.84028
5.84028,5.84028
5.84028,5.84028
5.84028,5.84028
5.84028,5.84028
5.84028,5.84028
5.84028,5.84028
5.84028,5.84028
5.84028,5.84028
5.84028,5.84028
5.84028,5.84028
5.84028,5.84028
5.84028,5.84028
5.84028,5.84028
5.84028,5.84028
5.84028,5.84028
5.84028,5.84028
5.84028,5.84028
5.84028,5.84028
5.84028,5.84028
5.84028,5.84028
5.84028,5.84028
5.84028,5.84028
5.84028,5.84028
5.84028,5.84028
5.84028,5.84028
5.84028,5.84028
5.84028,5.84028
5.84028,5.84028
5.84028,5.84028
5.84028,5.84028
5.84028,5.84028
5.84028,5.84028
5.84028,5.84028
5.84028,5.84028
5.84028,5.84028
5.84028,5.84028
5.84028,5.84028
5.83559,5.84024
5.84028,5.84028
5.83559,5.84024
5.84028,5.84028
5.84028,5.84028
5.84028,5.84028
5.84028,5.84028
5.84028,5.84028
5.84028,5.84028
5.84028,5.84028
5.84028,5.84028
5.84028,5.84028
5.84028,5.84028
5.84028,5.84028
5.84028,5.84028
5.84028,5.84028
5.84028,5.84028
5.84028,5.84028
5.84028,5.84028
5.84028,5.84028
5.84028,5.84028
5.84028,5.84028
5.84028,5.84028
5.84028,5.84028
5.83559,5.84024
5.84028,5.84028
5.84028,5.84028
5.84028,5.84028
5.84028,5.84028
5.84028,5.84028
5.84028,5.84028
5.84028,5.84028
5.84028,5.84028
5.84028,5.84028
5.84028,5.84028
5.84028,5.84028
5.84028,5.84028
5.84028,5.84028
5.84028,5.84028
5.84028,5.84028
5.7565,5.83945
5.84028,5.84028
5.84028,5.84028
5.84028,5.84028
5.84028,5.84028
5.84028,5.84028
5.84028,5.84028
5.84028,5.84028
5.83367,5.84022
5.84028,5.84028
5.84028,5.84028
5.84028,5.84028
5.84028,5.84028
5.84028,5.84028
5.84028,5.84028
5.84028,5.84028
5.84028,5.84028
5.84028,5.84028
5.84028,5.84028
5.84028,5.84028
5.84028,5.84028
5.83559,5.84024
5.84028,5.84028
5.84028,5.84028
5.84028,5.84028
5.84028,5.84028
5.84028,5.84028
5.84028,5.84028
5.84028,5.84028
5.84028,5.84028
5.84028,5.84028
5.84028,5.84028
5.84028,5.84028
5.84028,5.84028
5.84028,5.84028
5.84028,5.84028
5.84028,5.84028
5.84028,5.84028
5.84028,5.84028
5.83559,5.84024
5.84028,5.84028
5.84028,5.84542
5.84028,5.84028
5.84028,5.84028
5.84028,5.84028
5.84028,5.84028
5.84028,5.84028
5.84028,5.84028
5.84028,5.84028
5.84028,5.84028
5.84028,5.84028
5.7565,5.83945
5.84028,5.84028
5.7565,5.83945
5.84028,5.84028
5.84028,5.84028
5.84028,5.84028
5.84028,5.84028
5.84028,5.84028
5.84028,5.84028
5.7565,5.83945
5.83559,5.84024
5.84028,5.84028
5.84028,5.84028
5.84028,5.84028
5.84028,5.84028
5.84028,5.84028
5.84028,5.84028
5.84028,5.84028
5.83559,5.84024
5.84028,5.84028
5.84028,5.84028
5.84028,5.84028
5.7565,5.83945
5.84028,5.84028
5.84028,5.84028
5.84028,5.84028
5.84028,5.84028
5.84028,5.84028
5.84028,5.84028
5.84028,5.84028
5.84028,5.84028
5.7565,5.83945
5.84028,5.84028
5.84028,5.84028
5.84028,5.84028
5.84028,5.84028
5.84028,5.84028
5.84028,5.84028
5.84028,5.84028
5.84028,5.84028
5.84028,5.84028
5.84028,5.84028
5.84028,5.84028
5.84028,5.84028
5.84028,5.84028
5.84028,5.84028
5.84028,5.84028
5.84028,5.84028
5.84028,5.84028
5.84028,5.84028
5.84028,5.84028
5.84028,5.84028
5.84028,5.84028
5.84028,5.84028
5.84028,5.84028
5.84028,5.84028
5.83559,5.84019
5.83559,5.83798
5.83559,5.83559
5.83559,5.83559
5.83559,5.83641
5.83559,5.83559
5.83559,5.83559
5.80858,5.83527
5.83012,5.83242
5.83012,5.83012
5.83012,5.83012
5.81244,5.82994
5.83012,5.83012
5.81244,5.82994
5.81244,5.82981
5.80329,5.82445
5.81757,5.81757
5.80858,5.81748
5.81757,5.81757
5.81757,5.81757
5.81757,5.81757
5.81584,5.81755
5.81757,5.81757
5.80858,5.81748
5.81757,5.81757
5.81757,5.81757
5.81757,5.81757
5.81757,5.81757
5.80858,5.81746
5.81584,5.83623
5.81584,5.81584
5.81584,5.81584
5.81584,5.81584
5.81584,5.81584
5.81584,5.81584
5.81584,5.81584
5.81584,5.81584
5.81584,5.81584
5.81584,5.81584
5.81584,5.81584
5.81584,5.81584
5.81584,5.81584
5.81584,5.81584
5.79381,5.81562
5.81584,5.81584
5.81584,5.81584
5.81584,5.81584
5.81584,5.81584
5.81584,5.81584
5.81584,5.81584
5.81584,5.81584
5.81584,5.81584
5.79381,5.81562
5.81584,5.81584
5.81584,5.81584
5.81584,5.81584
5.81584,5.81584
5.81584,5.81584
5.81584,5.81584
5.81584,5.81584
5.81584,5.81584
5.79381,5.81562
5.81584,5.81584
5.81584,5.81584
5.81584,5.81584
5.81584,5.81584
5.81584,5.81584
5.81584,5.81584
5.81584,5.81584
5.81195,5.8158
5.81584,5.81584
5.81584,5.81584
5.81584,5.81584
5.81584,5.81584
5.81584,5.81584
5.81584,5.81584
5.80329,5.81571
5.81584,5.81584
5.81584,5.81584
5.81584,5.81584
5.81584,5.81584
5.81584,5.81584
5.81584,5.81584
5.81584,5.81584
5.81584,5.81584
5.81584,5.81584
5.81584,5.81584
5.68636,5.81454
5.81584,5.81584
5.81584,5.81584
5.81584,5.81584
5.81584,5.81584
5.81584,5.81584
5.81584,5.81584
5.81584,5.81584
5.80329,5.81571
5.81584,5.81584
5.81584,5.81584
5.81584,5.81584
5.81584,5.81584
5.81584,5.81584
5.81584,5.81584
5.81584,5.81584
5.81584,5.81584
5.81584,5.81584
5.81584,5.81584
5.80329,5.81571
5.81584,5.81584
5.81584,5.81584
5.68636,5.81454
5.81584,5.81584
5.81584,5.81584
5.81584,5.81584
5.81584,5.81584
5.81584,5.81584
5.81584,5.81584
5.81584,5.81584
5.81584,5.81584
5.81584,5.81584
5.80329,5.81571
5.68636,5.81454
5.81584,5.81584
5.81584,5.81584
5.81584,5.81584
5.81584,5.81584
5.81584,5.81584
5.80329,5.81571
5.81584,5.81584
5.81584,5.81584
5.81584,5.81584
5.81584,5.81584
5.81584,5.81584
5.81584,5.81584
5.81584,5.81584
5.81584,5.81584
5.81584,5.81584
5.80329,5.81571
5.81584,5.81584
5.81584,5.81584
5.81584,5.81584
5.81584,5.81584
5.81584,5.81584
5.81584,5.81584
5.81584,5.81584
5.81195,5.84692
5.80329,5.81571
5.81584,5.81584
5.81584,5.81584
5.81584,5.81584
5.81584,5.81584
5.81584,5.81584
5.81584,5.81584
5.81584,5.81584
5.81584,5.81584
5.81584,5.81584
5.81584,5.82439
5.80329,5.82148
5.81584,5.81584
5.81584,5.81584
5.68636,5.81454
5.81584,5.81584
5.81584,5.81584
5.81584,5.81584
5.81584,5.81584
5.81584,5.81584
5.81584,5.81584
5.79381,5.81562
5.81584,5.81584
5.81584,5.81584
5.81584,5.81584
5.81584,5.81584
5.80329,5.81571
5.81195,5.82034
5.81584,5.81584
5.81584,5.81584
5.81584,5.81584
5.81584,5.81584
5.81584,5.81584
5.81584,5.81584
5.81584,5.81584
5.79381,5.81562
5.81584,5.81584
5.79381,5.81562
5.81584,5.81584
5.81584,5.81584
5.81584,5.81584
5.81584,5.81584
5.81584,5.81584
5.81584,5.81584
5.68636,5.81454
5.81584,5.81584
5.81584,5.81584
5.81584,5.81584
5.81584,5.81584
5.81584,5.81584
5.81584,5.81584
5.81584,5.81584
5.79381,5.81562
5.80329,5.81571
5.81584,5.81584
5.80329,5.81571
5.81584,5.81584
5.68636,5.81454
5.81195,5.8158
5.80329,5.81571
5.79381,5.81562
5.80329,5.81571
5.81584,5.81584
5.81584,5.81584
5.81584,5.81584
5.81584,5.81584
5.81584,5.81584
5.81584,5.81584
5.81584,5.81584
5.81584,5.81584
5.81584,5.81584
5.81584,5.81584
5.80329,5.81571
5.81584,5.81584
5.81584,5.81584
5.81584,5.81584
5.81584,5.81584
5.81195,5.8158
5.79381,5.81562
5.81584,5.81584
5.81584,5.81584
5.81584,5.81584
5.81584,5.81584
5.81584,5.81584
5.81584,5.81584
5.81584,5.81584
5.81584,5.81584
5.79381,5.81562
5.79381,5.81562
5.81584,5.81584
5.79381,5.81562
5.81584,5.81584
5.81584,5.81584
5.81584,5.81584
5.81584,5.81584
5.81584,5.81584
5.81584,5.81584
5.81584,5.81584
5.81584,5.81584
5.81584,5.81584
5.81584,5.81584
5.79381,5.81562
5.81584,5.81715
5.81584,5.81584
5.79381,5.81562
5.81584,5.81584
5.81584,5.81584
5.79381,5.81562
5.81584,5.81584
5.81584,5.81584
5.81584,5.81584
5.81584,5.81584
5.68636,5.81454
5.68636,5.81454
5.81584,5.81584
5.81584,5.81584
5.81584,5.81584
5.68636,5.81454
5.81584,5.81584
5.81584,5.81584
5.81584,5.81584
5.81584,5.81584
5.81584,5.81584
5.81195,5.8158
5.81584,5.81584
5.81584,5.81584
5.81584,5.81584
5.81584,5.81584
5.81584,5.81584
5.81584,5.81584
5.81584,5.81584
5.68636,5.81454
5.81584,5.81584
5.81584,5.81584
5.81584,5.81584
5.81584,5.81584
5.81584,5.81584
5.81584,5.81584
5.81584,5.81584
5.68636,5.81454
5.79381,5.81562
5.81584,5.81584
5.81584,5.81584
5.81584,5.81584
5.81584,5.81584
5.81584,5.81584
5.81584,5.81584
5.81584,5.81584
5.81584,5.81584
5.81584,5.81584
5.81584,5.81584
5.79381,5.81562
5.81584,5.81584
5.81584,5.81584
5.79381,5.81562
5.81584,5.81584
5.80329,5.81571
5.81584,5.81584
5.81584,5.81584
5.81584,5.81584
5.81584,5.81584
