14.343,17.1931
14.2536,15.275
13.2893,14.4022
12.977,13.6187
12.0212,13.0271
11.4842,12.3884
11.1272,11.6776
10.8716,11.4415
10.6966,11.0303
10.2094,10.7849
9.75484,10.5635
9.69888,10.0978
9.24663,9.75106
9.291,9.55914
9.11289,9.36272
9.1303,9.20895
8.84843,9.13266
8.95211,9.01899
8.84891,8.95108
8.53429,8.9435
8.36945,8.80813
8.28614,8.49982
7.93508,8.33363
7.77742,8.08141
7.73793,7.82448
7.67914,7.77486
7.47694,7.7212
7.47694,7.59807
7.4293,7.47598
7.14299,7.43825
7.07727,7.28358
7.2256,7.2256
7.20352,7.22538
7.14336,7.22462
7.20895,7.21828
7.20895,7.20895
6.95266,7.2062
7.12292,7.20061
6.88181,7.18717
7.19026,7.19026
7.18727,7.19023
7.03881,7.18811
7.12704,7.15738
6.87075,7.12448
6.87075,7.12426
6.96041,7.11279
6.97341,7.05629
6.97341,6.97341
6.89573,6.97263
6.97341,6.97341
6.92228,6.9729
6.71712,6.9697
6.8588,6.91496
6.8588,6.8588
6.8588,6.8588
6.8588,6.8588
6.80162,6.85823
6.78703,6.85808
6.80767,6.85829
6.8588,6.8588
6.85468,6.85876
6.8588,6.8588
6.83265,6.85854
6.8588,6.86304
6.8588,6.8588
6.8588,6.8588
6.80162,6.85823
6.8588,6.8588
6.78703,6.85694
6.80162,6.83866
6.76508,6.80126
6.7958,6.80157
6.79751,6.80158
6.7958,6.80157
6.80162,6.80162
6.80162,6.80162
6.80162,6.80162
6.80162,6.80162
6.80162,6.80162
6.80162,6.80162
6.78885,6.8015
6.72986,6.8009
6.73844,6.8004
6.64442,6.79711
6.47091,6.7666
6.46919,6.64215
6.46919,6.50253
6.46919,6.46919
6.46919,6.46919
6.46919,6.46919
6.39743,6.46776
6.26294,6.43905
6.38465,6.3973
6.29482,6.3964
6.38465,6.3973
6.39743,6.39743
6.39743,6.39743
6.39743,6.39743
6.39743,6.39743
6.39743,6.39743
6.39743,6.39788
6.39743,6.39743
6.39743,6.39743
6.39743,6.39743
6.39743,6.39743
6.39743,6.39743
6.39743,6.39743
6.39743,6.39743
6.39743,6.39743
6.24433,6.3959
6.39743,6.39743
6.39743,6.39743
6.39743,6.40835
6.39743,6.39743
6.39743,6.39743
6.39743,6.39743
6.39743,6.39743
6.39743,6.39743
6.39743,6.39743
6.39743,6.39743
6.39743,6.39743
6.24433,6.3959
6.38465,6.3973
6.39743,6.39743
6.39743,6.39743
6.39743,6.39743
6.38465,6.3973
6.39743,6.39743
6.39743,6.39743
6.39743,6.39743
6.39743,6.39743
6.39743,6.39743
6.39743,6.39761
6.39743,6.39743
6.39743,6.39743
6.39743,6.39743
6.39743,6.39743
6.39743,6.39743
6.39743,6.39743
6.39743,6.39743
6.24433,6.3959
6.39743,6.39743
6.39743,6.39743
6.24433,6.3959
6.38465,6.3973
6.39743,6.41949
6.39743,6.39743
6.39743,6.39743
6.39743,6.39743
6.39743,6.39743
6.39743,6.39743
6.39743,6.39743
6.39743,6.39743
6.29482,6.3964
6.39743,6.39743
6.39743,6.39743
6.39743,6.39743
6.39743,6.39743
6.38465,6.3973
6.39743,6.39743
6.39743,6.39743
6.39743,6.39743
6.39743,6.39743
6.39743,6.39743
6.39743,6.39743
6.39743,6.39743
6.39743,6.39743
6.24433,6.3959
6.39743,6.39743
6.39743,6.39743
6.38465,6.3973
6.39743,6.39743
6.39743,6.39743
6.39743,6.39743
6.39743,6.39743
6.39743,6.39743
6.39743,6.39743
6.39743,6.39743
6.39743,6.39743
6.39743,6.39743
6.39743,6.39743
6.39743,6.39743
6.39743,6.39743
6.39743,6.39743
6.39743,6.39743
6.39743,6.39743
6.39743,6.39743
6.24433,6.39436
6.24433,6.32856
6.24433,6.24433
6.24433,6.24433
6.24433,6.24433
6.24433,6.24433
6.24433,6.24433
6.24433,6.24437
6.24433,6.24433
6.24433,6.24433
6.24433,6.24433
6.24433,6.24433
6.24433,6.24433
6.24433,6.24433
6.24433,6.24433
6.24433,6.24433
6.24433,6.24433
6.24433,6.24433
6.24433,6.24433
6.24433,6.24433
6.24433,6.24433
6.24433,6.24433
6.24433,6.24433
6.24433,6.24433
6.24433,6.24433
6.23156,6.24421
6.24433,6.24433
6.24433,6.24433
6.23156,6.24421
6.24433,6.24433
6.24433,6.24433
6.24433,6.24433
6.24433,6.24433
6.24433,6.24433
6.24433,6.24433
6.23156,6.24421
6.24433,6.24433
6.24433,6.24433
6.24433,6.24433
6.24433,6.24433
6.24433,6.24433
6.24433,6.24433
6.24433,6.24433
6.24433,6.24433
6.24433,6.24433
6.24433,6.24433
6.24433,6.24433
6.24433,6.24433
6.23156,6.24421
6.24433,6.24433
6.24433,6.24433
6.24433,6.24433
6.23156,6.24421
6.24433,6.24433
6.24433,6.24433
6.24433,6.24433
6.24433,6.24433
6.24433,6.24433
6.24433,6.24433
6.24433,6.24433
6.24433,6.24433
6.24433,6.24433
6.23156,6.24421
6.24433,6.24433
6.24433,6.24433
6.24433,6.24433
6.24433,6.24433
6.24433,6.24433
6.24433,6.24433
6.24433,6.24505
6.24433,6.24433
6.24433,6.24433
6.23156,6.24421
6.24433,6.24433
6.24433,6.24433
6.24433,6.24433
6.23156,6.24421
6.24433,6.24433
6.24433,6.24433
6.24433,6.24433
6.24433,6.24433
6.24433,6.24433
6.24433,6.24433
6.24433,6.24433
6.24433,6.24433
6.24433,6.24433
6.24433,6.24433
6.24433,6.24433
6.24433,6.24433
6.24433,6.24433
6.24433,6.24433
6.24433,6.24433
6.24433,6.24698
6.24433,6.24433
6.24433,6.24433
6.24433,6.24433
6.24433,6.24433
6.24433,6.24433
6.23156,6.253
6.24433,6.24433
6.24433,6.24433
6.24433,6.24433
6.24433,6.24433
6.24433,6.24433
6.24433,6.24433
6.24433,6.24433
6.24433,6.24433
6.23156,6.24421
6.24433,6.24433
6.24433,6.24433
6.24433,6.24433
6.24433,6.24433
6.24433,6.24433
6.24433,6.24433
6.24433,6.24433
6.24433,6.24433
6.24433,6.24433
6.24433,6.24433
6.24433,6.24433
6.24433,6.24433
6.24433,6.24433
6.24433,6.24433
6.24433,6.24433
6.24433,6.24433
6.24433,6.24433
6.24433,6.24433
6.24433,6.24433
6.24433,6.24433
6.23156,6.24421
6.24433,6.24433
6.24433,6.24433
6.24433,6.24433
6.24433,6.24433
6.24433,6.24433
6.24433,6.24433
6.24433,6.24433
6.24433,6.24433
6.24433,6.24433
6.24433,6.24433
6.24433,6.24433
6.24433,6.24433
6.24433,6.24433
6.24433,6.24433
6.24433,6.24433
6.24433,6.24433
6.24433,6.24433
6.24433,6.24433
6.24433,6.24433
6.24433,6.24433
6.24433,6.24433
6.24433,6.24433
6.24433,6.24433
6.24433,6.24433
6.24433,6.24433
6.24433,6.24433
6.24433,6.24433
6.24433,6.24433
6.24433,6.24437
6.24433,6.24433
6.24433,6.24433
6.24433,6.24433
6.24433,6.24433
6.24433,6.24433
6.23156,6.24421
6.23156,6.24408
6.23156,6.23771
6.23156,6.23156
6.23156,6.23156
6.23156,6.23428
6.23156,6.23156
6.23156,6.23156
6.23156,6.23156
6.23156,6.23156
6.23156,6.23156
6.23156,6.23156
6.23156,6.23156
6.23156,6.23156
6.23156,6.23156
6.23156,6.23156
6.23156,6.23156
6.23156,6.23156
6.16301,6.23087
6.23156,6.23156
6.23156,6.23156
6.23156,6.23156
6.23156,6.23156
6.23156,6.23156
6.23156,6.23156
6.23156,6.23156
6.23156,6.23156
6.23156,6.23156
6.23156,6.23156
6.23156,6.23156
6.23156,6.23156
6.23156,6.23156
6.23156,6.23156
6.23156,6.23156
6.23156,6.23156
6.23156,6.23156
6.23156,6.23156
6.23156,6.23156
6.23156,6.23156
6.23156,6.23156
6.23156,6.23156
6.23156,6.23156
6.23156,6.23156
6.23156,6.23156
6.23156,6.23156
6.23156,6.23156
6.23156,6.23156
6.23156,6.23156
6.23156,6.23156
6.23156,6.23156
6.23156,6.23156
6.23156,6.23156
6.23156,6.23156
6.23156,6.23156
6.23156,6.23156
6.23156,6.23156
6.23156,6.23156
6.23156,6.23156
6.23156,6.23156
6.23156,6.23156
6.23156,6.23156
6.23156,6.23156
6.23156,6.23156
6.23156,6.23156
6.23156,6.23156
6.23156,6.23156
6.16301,6.23087
6.23156,6.23156
6.23156,6.23156
6.23156,6.23156
6.23156,6.23156
6.23156,6.23156
6.23156,6.23156
6.23156,6.23156
6.23156,6.23156
6.23156,6.23156
6.23156,6.23156
6.23156,6.23156
6.16301,6.23087
6.23156,6.23156
6.23156,6.23156
6.23156,6.23156
6.23156,6.23156
6.23156,6.23156
6.23156,6.23156
6.23156,6.24005
6.23156,6.23156
6.23156,6.23156
6.23156,6.23156
6.23156,6.23156
6.23156,6.23156
6.23156,6.23158
6.23156,6.23156
6.23156,6.23156
6.23156,6.23156
6.23156,6.23156
6.23156,6.23156
6.23156,6.23156
6.23156,6.23156
6.23156,6.23156
6.23156,6.23156
6.23156,6.23156
6.23156,6.23156
6.23156,6.23156
6.23156,6.23156
6.23156,6.23156
6.23156,6.23156
6.23156,6.23156
6.16301,6.23087
6.23156,6.23156
6.23156,6.23156
6.23156,6.23156
6.23156,6.23156
6.23156,6.23156
6.23156,6.23156
6.23156,6.23156
6.23156,6.23156
6.23156,6.23156
6.23156,6.23156
6.23156,6.23156
6.23156,6.23156
6.23156,6.23156
6.23156,6.23156
6.23156,6.23156
6.23156,6.23156
6.23156,6.23156
6.23156,6.23156
6.23156,6.23156
6.23156,6.23156
6.23156,6.23156
6.23156,6.23156
6.23156,6.23156
6.23156,6.23156
6.23156,6.23156
6.23156,6.23156
6.23156,6.23156
6.23156,6.23156
6.23156,6.23156
6.23156,6.23156
6.23156,6.23156
6.23156,6.23156
6.23156,6.23156
6.23156,6.23156
6.23156,6.23327
6.23156,6.23156
6.23156,6.23156
6.23156,6.23156
6.16301,6.23087
6.23156,6.23156
6.23156,6.23156
6.23156,6.23156
6.23156,6.23156
6.16301,6.23087
6.23156,6.23156
6.23156,6.23156
6.23156,6.23156
6.23156,6.23156
6.23156,6.23156
6.23156,6.23156
6.23156,6.23156
6.23156,6.23156
6.23156,6.23156
6.16301,6.23087
6.23156,6.23156
6.23156,6.23156
6.23156,6.23156
6.23156,6.23156
6.23156,6.23156
6.23156,6.23156
6.23156,6.23156
6.23156,6.23156
6.23156,6.23156
6.23156,6.23156
6.23156,6.23156
6.23156,6.23156
6.23156,6.23156
6.23156,6.23156
6.23156,6.23156
6.23156,6.23156
6.23156,6.23156
6.23156,6.23156
6.23156,6.23156
6.23156,6.23156
6.23156,6.23156
6.23156,6.23156
6.23156,6.23156
6.23156,6.23156
6.23156,6.23156
6.23156,6.23156
6.23156,6.23156
6.23156,6.23156
6.23156,6.23156
6.23156,6.23156
6.23156,6.23156
6.23156,6.23156
6.23156,6.23156
6.23156,6.23392
6.23156,6.23156
6.23156,6.23156
6.23156,6.23156
6.23156,6.23156
6.16301,6.23087
6.23156,6.23156
6.23156,6.23156
6.23156,6.23156
6.23156,6.23156
6.23156,6.23156
6.23156,6.23156
6.23156,6.23156
6.23156,6.23156
6.23156,6.23156
6.23156,6.23156
6.16301,6.23317
6.23156,6.23156
6.23156,6.23156
6.16301,6.23019
6.16301,6.20619
6.16301,6.16301
6.16301,6.16301
6.16301,6.16301
6.12471,6.16262
6.16301,6.16301
6.16301,6.16301
6.12471,6.16262
6.12471,6.16262
6.16301,6.16301
6.16301,6.16301
6.16301,6.16301
6.16301,6.16301
6.16301,6.16301
6.16301,6.16301
6.16301,6.16301
6.16301,6.16301
6.16301,6.16301
6.16301,6.16301
6.16301,6.16301
6.16301,6.16301
6.12471,6.16262
6.16301,6.16301
6.16301,6.16301
6.12471,6.16262
6.16301,6.16301
6.16301,6.16301
6.16301,6.16301
6.16301,6.16301
6.16301,6.16301
6.13774,6.16275
6.16301,6.16301
6.16301,6.16301
6.16301,6.16301
6.16301,6.16301
6.16301,6.16301
6.16301,6.16301
6.16301,6.16301
6.16301,6.16301
6.16301,6.16301
6.16301,6.16301
6.12471,6.16262
6.16301,6.16301
6.16301,6.16301
6.16301,6.16301
6.16301,6.16301
6.16301,6.16301
6.16301,6.16301
6.16301,6.16301
6.16301,6.16301
6.16301,6.16301
6.16301,6.16301
6.16301,6.16301
6.16301,6.16301
6.16301,6.16301
6.16301,6.16301
6.16301,6.16301
6.16301,6.16301
6.16301,6.16301
6.16301,6.16301
6.16301,6.16301
6.16301,6.16301
6.12471,6.16262
6.16301,6.16692
6.16301,6.16301
6.16301,6.16301
6.16301,6.16301
6.16301,6.16301
6.16301,6.16301
6.16301,6.16301
6.16301,6.16301
6.16301,6.16301
6.16301,6.16301
6.16301,6.16301
6.16301,6.16301
6.12471,6.16262
6.16301,6.16301
6.16301,6.16301
6.16301,6.16301
6.16301,6.16301
6.16301,6.16301
6.16301,6.16301
6.16301,6.16301
6.16301,6.16301
6.16301,6.16301
6.16301,6.16301
6.16301,6.16301
6.12471,6.16262
6.16301,6.16301
6.16301,6.16301
6.16301,6.16301
6.16301,6.16301
6.13774,6.16275
6.16301,6.16301
6.16301,6.16301
6.16301,6.16301
6.12471,6.16262
6.16301,6.16301
6.16301,6.16301
6.12471,6.16262
6.16301,6.16301
6.16301,6.16301
6.13774,6.1625
6.12471,6.16276
6.13774,6.13774
6.13774,6.13774
6.13774,6.13774
6.13774,6.13774
6.11524,6.13752
6.13774,6.13774
6.11524,6.13752
6.13774,6.13774
6.13774,6.13774
6.13774,6.13774
6.13774,6.13774
6.13774,6.13774
6.13774,6.13774
6.13774,6.13774
6.13774,6.13774
6.10202,6.13738
6.13774,6.13774
6.13774,6.13774
6.13774,6.13774
6.13774,6.13774
6.13774,6.13774
6.13774,6.13774
6.11524,6.13752
6.13774,6.13774
6.13774,6.13774
6.13774,6.13774
6.13774,6.13774
6.13774,6.13774
6.11524,6.13752
6.13774,6.13774
6.13774,6.13774
6.13774,6.13774
6.13774,6.13774
6.13774,6.13774
6.13774,6.13774
6.13774,6.13774
6.13774,6.13774
6.13774,6.13774
6.13774,6.13774
6.13774,6.13774
6.13774,6.13774
6.13774,6.13774
6.13774,6.13774
6.13774,6.14253
6.13774,6.13774
6.13774,6.13774
6.13774,6.13774
6.10202,6.13738
6.13774,6.13774
6.13774,6.13774
6.13774,6.13774
6.11524,6.13752
6.13774,6.15481
6.11524,6.13752
6.13774,6.13774
6.13774,6.13774
6.11524,6.13752
6.13774,6.13774
6.11524,6.13752
6.13774,6.13774
6.13774,6.13774
6.13774,6.13774
6.13774,6.13774
6.13774,6.13774
6.13774,6.13774
6.13774,6.13774
6.13774,6.13774
6.13774,6.13774
6.13774,6.13774
6.13774,6.13774
6.13774,6.13774
6.13774,6.13774
6.13774,6.13774
6.13774,6.13774
6.13774,6.13774
6.13774,6.13774
6.13774,6.13917
6.13774,6.13774
6.11524,6.13752
6.13774,6.13774
6.13774,6.13774
6.13774,6.13774
6.13774,6.13774
6.13774,6.13774
6.13774,6.13774
6.13774,6.13774
6.13774,6.13774
6.13774,6.13774
6.13774,6.13774
6.13774,6.13774
6.13774,6.14068
6.13774,6.13774
6.11524,6.13752
6.10202,6.13738
6.13774,6.13774
6.13774,6.13774
6.13774,6.13774
6.13774,6.13774
6.13774,6.14136
6.13774,6.13774
6.13774,6.13774
6.13774,6.13774
6.13774,6.14688
6.13774,6.13774
6.13774,6.13774
6.13774,6.13774
6.13774,6.13774
6.13774,6.13774
6.13774,6.13774
6.13774,6.13774
6.13774,6.13774
6.13774,6.13774
6.13774,6.13774
6.13774,6.13774
6.13774,6.13774
6.13774,6.13774
6.13774,6.13774
6.13774,6.13774
6.13774,6.13774
6.11524,6.13752
6.13774,6.13774
6.13774,6.13774
6.13774,6.13774
6.13774,6.13774
6.13774,6.13774
6.13774,6.13774
6.13774,6.13975
6.13774,6.13774
6.13774,6.13774
6.13774,6.13774
6.13774,6.13774
6.13774,6.13774
6.13774,6.13774
6.13774,6.13774
6.10202,6.13738
6.13774,6.13774
6.13774,6.13774
6.13774,6.13774
6.13774,6.13774
6.11524,6.13752
6.13774,6.13774
6.13774,6.13774
6.13774,6.13774
6.13774,6.13774
6.13774,6.13774
6.13774,6.13774
6.13774,6.13774
6.13774,6.13774
6.13774,6.13774
6.13774,6.13774
6.13774,6.13774
6.13774,6.13774
6.13774,6.13774
6.13774,6.13774
6.13774,6.1522
6.13774,6.13774
6.13774,6.13774
6.13774,6.13774
6.13774,6.13774
6.13774,6.13774
6.13774,6.13774
6.13774,6.13774
6.13774,6.13774
6.11524,6.13752
6.13774,6.13774
6.13774,6.13774
6.13774,6.13774
6.13774,6.13774
6.13774,6.13774
6.13774,6.13774
6.11524,6.13752
6.10202,6.13738
6.13774,6.13774
6.13774,6.13774
6.13774,6.13774
6.13774,6.13774
6.13774,6.13774
6.13774,6.13774
6.13774,6.13774
6.13774,6.13774
6.11524,6.13752
6.13774,6.13774
6.13774,6.13774
6.13774,6.13774
6.13774,6.13774
6.13774,6.13774
6.13774,6.13774
6.13774,6.13774
6.13774,6.13774
6.13774,6.13774
6.13774,6.13774
6.13774,6.13774
6.13774,6.13774
6.13774,6.13774
6.13774,6.13774
6.13774,6.13774
6.13774,6.13774
6.13774,6.13774
6.13774,6.13774
6.13774,6.13774
6.13774,6.13774
6.13774,6.13774
6.13774,6.13774
6.13774,6.13774
6.13774,6.13774
6.13774,6.13774
6.13774,6.13774
6.13774,6.13774
6.13774,6.13774
6.13774,6.13774
6.13774,6.13774
6.13774,6.13774
6.13774,6.13774
6.10202,6.13738
6.13774,6.13774
6.13774,6.13774
6.13774,6.13774
6.13774,6.13774
6.13774,6.13774
6.10202,6.13716
6.11524,6.12604
6.11524,6.11524
6.11524,6.11524
6.11524,6.11524
6.11524,6.11524
6.11524,6.11524
6.11524,6.11524
6.07952,6.11488
6.07952,6.11488
6.11524,6.11524
6.11524,6.11524
6.11524,6.11524
6.11524,6.11524
6.11524,6.11524
6.11524,6.11524
6.11524,6.11524
6.11524,6.11524
6.11524,6.11524
6.11524,6.11524
6.11524,6.11524
6.11524,6.11524
6.11524,6.11524
6.11524,6.11524
6.11524,6.11524
6.11524,6.11524
6.11524,6.11524
6.11524,6.11524
6.11524,6.11524
6.07952,6.11488
6.11524,6.11524
6.11524,6.11524
6.07952,6.11488
6.11524,6.11524
6.11524,6.11524
6.11524,6.11524
6.11524,6.11524
6.11524,6.11524
6.11524,6.11524
6.11524,6.11524
6.11524,6.11524
6.07952,6.11488
6.11524,6.11524
6.07952,6.11488
6.11524,6.11524
6.11524,6.11524
6.11524,6.11524
6.11524,6.11524
6.11524,6.11524
6.11524,6.11524
6.11524,6.11524
6.11524,6.11524
6.11524,6.11524
6.11524,6.11524
6.11524,6.11524
6.11524,6.11524
6.07952,6.11488
6.11524,6.11524
6.11524,6.11524
6.11524,6.11524
6.11524,6.11524
6.11524,6.11524
6.11524,6.11524
6.11524,6.11524
6.07952,6.11488
6.11524,6.11524
6.11524,6.11524
6.11524,6.11524
6.11524,6.11524
6.07952,6.11488
6.11524,6.11524
6.11524,6.11524
6.11524,6.11524
6.11524,6.11524
6.07952,6.11488
6.11524,6.11524
6.11524,6.11524
6.11524,6.11524
6.11524,6.11524
6.11524,6.11524
6.07952,6.11488
6.11524,6.11524
6.11524,6.11524
6.11524,6.11524
6.11524,6.11524
6.11524,6.11524
6.11524,6.11524
6.11524,6.11524
6.11524,6.11524
6.11524,6.11524
6.11524,6.11524
6.11524,6.11524
6.11524,6.11524
6.11524,6.11524
6.11524,6.11524
6.11524,6.11524
6.11524,6.11524
6.11524,6.11524
6.11524,6.11524
6.11524,6.11524
6.11524,6.11524
6.11524,6.11524
6.11524,6.11524
6.07952,6.11488
6.11524,6.11524
6.11524,6.11524
6.11524,6.11524
6.11524,6.11524
6.11524,6.11524
6.11524,6.11524
6.11524,6.11524
6.11524,6.11524
6.11524,6.11524
6.11524,6.11524
6.11524,6.11524
6.11524,6.11524
6.11524,6.11524
6.11524,6.11524
6.07952,6.11488
6.11524,6.11524
6.11524,6.11524
6.11524,6.11524
6.11524,6.11524
6.11524,6.11524
6.11524,6.11524
6.11524,6.11524
6.11524,6.11524
6.11524,6.11524
6.11524,6.11524
6.11524,6.11524
6.11524,6.11524
6.11524,6.11524
6.07952,6.11488
6.11524,6.11524
6.07952,6.11488
6.11524,6.11524
6.11524,6.11524
6.11524,6.11524
6.11524,6.11524
6.11524,6.11524
6.11524,6.11524
6.11524,6.11524
6.11524,6.11524
6.11524,6.11524
6.11524,6.11524
6.11524,6.11524
6.11524,6.11524
6.11524,6.11524
6.11524,6.11524
6.11524,6.11524
6.11524,6.11524
6.11524,6.11524
6.11524,6.11524
6.11524,6.11524
6.11524,6.11524
6.07952,6.11488
6.11524,6.11524
6.11524,6.11524
6.11524,6.11524
6.11524,6.11524
6.11524,6.11524
6.11524,6.11524
6.11524,6.11524
6.11524,6.11524
6.11524,6.11524
6.11524,6.11524
6.11524,6.11524
6.11524,6.11524
6.11524,6.11524
6.11524,6.11524
6.11524,6.11524
6.11524,6.11524
6.11524,6.11524
6.11524,6.11524
6.11524,6.11524
6.11524,6.11524
6.11524,6.11524
6.11524,6.11524
6.11524,6.11524
6.11524,6.11524
6.11524,6.11524
6.11524,6.11524
6.11524,6.11524
6.11524,6.11524
6.11524,6.11524
6.11524,6.11524
6.11524,6.11524
6.11524,6.11524
6.11524,6.11524
6.11524,6.11524
6.11524,6.11524
6.11524,6.11589
6.11524,6.11524
6.11524,6.11524
6.11524,6.11524
6.11524,6.11524
6.11524,6.11524
6.11524,6.12122
6.11524,6.11524
6.11524,6.11524
6.11524,6.11524
6.11524,6.11524
6.11524,6.11524
6.11524,6.11524
6.11524,6.11524
6.11524,6.11524
6.11524,6.11524
6.11524,6.11524
6.11524,6.11524
6.11524,6.11524
6.11524,6.11524
6.11524,6.11524
6.11524,6.11662
6.11524,6.11524
6.11524,6.11524
6.11524,6.11524
6.11524,6.11524
6.11524,6.11524
6.11524,6.11524
6.11524,6.11524
6.11524,6.11524
6.11524,6.11524
6.11524,6.11524
6.11524,6.11524
6.11524,6.11524
6.11524,6.11524
6.11524,6.11524
6.09597,6.11505
6.11524,6.11524
6.11524,6.11524
6.11524,6.11524
6.11524,6.11524
6.11524,6.11524
6.11524,6.11524
6.07952,6.11488
6.11524,6.11524
6.11524,6.11524
6.11524,6.11524
6.11524,6.11524
6.11524,6.11524
6.11524,6.11524
6.11524,6.11524
6.11524,6.11524
6.11524,6.11524
6.11524,6.11524
6.11524,6.11524
6.11524,6.11524
6.11524,6.11524
6.11524,6.11524
6.11524,6.11524
6.11524,6.11524
6.11524,6.11524
6.11524,6.11524
6.11524,6.11524
6.11524,6.11524
6.11524,6.11524
6.11524,6.11524
6.11524,6.11524
6.11524,6.11524
6.11524,6.11524
6.11524,6.11524
6.11524,6.11524
6.07952,6.11488
6.11524,6.11524
6.11524,6.11524
6.11524,6.11524
6.11524,6.11524
6.11524,6.11524
6.07952,6.11488
6.11524,6.11524
6.11524,6.11524
6.11524,6.11524
6.11524,6.11524
6.11524,6.11524
6.11524,6.11524
6.11524,6.11524
6.11524,6.11524
6.11524,6.11524
6.11524,6.11524
6.11524,6.11524
6.11524,6.11524
6.11524,6.11524
6.11524,6.11524
6.11524,6.11524
6.11524,6.11524
6.11524,6.11524
6.11524,6.11524
6.11524,6.11524
6.11524,6.11524
6.11524,6.11524
6.11524,6.11524
6.11524,6.11524
6.11524,6.11524
6.07952,6.11488
6.11524,6.11524
6.11524,6.11524
6.11524,6.11524
6.11524,6.11524
6.11524,6.11524
6.07952,6.11488
6.11524,6.11524
6.11524,6.11524
6.11524,6.11524
6.11524,6.11524
6.11524,6.11524
6.11524,6.11524
6.11524,6.11524
6.11524,6.11524
6.11524,6.11524
6.11524,6.11524
6.11524,6.11524
6.11524,6.11524
6.11524,6.11524
6.11524,6.11524
6.11524,6.11524
6.11524,6.11524
6.11524,6.11524
6.11524,6.11524
6.11524,6.11524
6.11524,6.11524
6.11524,6.11524
6.11524,6.11524
6.11524,6.11524
6.07952,6.11488
6.11524,6.11525
6.11524,6.11524
6.11524,6.11524
6.11524,6.11524
6.11524,6.11524
6.11524,6.11524
6.11524,6.11524
6.11524,6.11524
6.11524,6.11524
6.11524,6.11524
6.11524,6.11524
6.11524,6.11524
6.11524,6.11524
6.11524,6.11524
6.11524,6.11524
6.11524,6.11524
6.11524,6.11524
6.11524,6.11524
6.07952,6.11488
6.11524,6.11524
6.11524,6.11524
6.11524,6.11524
6.11524,6.12181
6.11524,6.11524
6.11524,6.11668
6.11524,6.11524
6.11524,6.11524
6.11524,6.11524
6.11524,6.11524
6.11524,6.11524
6.11524,6.11524
6.11524,6.11524
6.11524,6.11524
6.11524,6.11524
6.11524,6.11524
6.11524,6.11524
6.11524,6.11524
6.11524,6.11524
6.11524,6.11524
6.11524,6.11568
6.11524,6.11524
6.11524,6.11524
6.11524,6.13441
6.11524,6.11738
6.11524,6.11524
6.11524,6.11524
6.11524,6.11524
6.11524,6.11524
6.11524,6.11524
6.11524,6.11524
6.11524,6.11524
6.11524,6.11524
6.11524,6.11524
6.11524,6.11524
6.11524,6.11524
6.11524,6.11524
6.11524,6.11524
6.11524,6.11524
6.11524,6.11524
6.11524,6.11524
6.11524,6.11524
6.11524,6.11524
6.11524,6.11524
6.11524,6.11524
6.11524,6.11524
6.11524,6.11524
6.11524,6.11524
6.11524,6.11524
6.11524,6.11524
6.11524,6.11524
6.11524,6.11524
6.07952,6.11488
6.11524,6.11524
6.11524,6.11524
6.11524,6.11524
6.07952,6.11488
6.11524,6.11524
6.11524,6.11524
6.11524,6.11524
6.11524,6.11524
6.11524,6.11524
6.11524,6.11524
6.11524,6.11524
6.11524,6.11524
6.11524,6.11524
6.11524,6.11524
6.11524,6.11524
6.11524,6.11524
6.11524,6.11524
6.11524,6.11524
6.11524,6.11524
6.11524,6.11524
6.11524,6.11524
6.11524,6.11524
6.11524,6.11524
6.11524,6.11524
6.11524,6.11524
6.11524,6.11524
6.11524,6.11524
6.11524,6.11524
6.11524,6.11524
6.11524,6.11524
6.11524,6.11524
6.11524,6.11524
6.11524,6.11524
6.11524,6.11524
6.11524,6.11524
6.11524,6.11524
6.11524,6.11524
6.11524,6.11524
6.11524,6.11524
6.11524,6.11524
6.11524,6.11524
6.11524,6.11524
6.11524,6.11524
6.11524,6.11524
6.11524,6.11524
6.11524,6.11524
6.11524,6.11524
6.11524,6.11524
6.11524,6.11524
6.07952,6.11488
6.11524,6.11524
6.11524,6.11524
6.11524,6.11524
6.11524,6.11524
6.11524,6.11524
6.11524,6.11524
6.11524,6.11524
6.11524,6.11524
6.11524,6.11524
6.11524,6.11524
6.11524,6.11524
6.11524,6.11524
6.11524,6.11524
6.11524,6.11524
6.11524,6.11524
6.11524,6.11524
6.11524,6.11524
6.11524,6.11524
6.11524,6.11524
6.11524,6.11524
6.11524,6.11524
6.11524,6.11524
6.11524,6.11524
6.11524,6.11524
6.11524,6.11524
6.11524,6.11524
6.11524,6.11524
6.07952,6.11488
6.11524,6.11524
6.11524,6.11524
6.11524,6.11524
6.11524,6.11524
6.11524,6.11524
6.11524,6.11524
6.11524,6.11524
6.11524,6.11524
6.11524,6.11524
6.11524,6.11524
6.11524,6.11524
6.11524,6.11524
6.11524,6.11524
6.11524,6.11524
6.11524,6.11524
6.11524,6.11524
6.11524,6.11524
6.11524,6.11524
6.11524,6.11524
6.11524,6.11524
6.11524,6.11524
6.11524,6.11524
6.11524,6.11524
6.11524,6.11524
6.11524,6.11524
6.11524,6.11524
6.11524,6.11524
6.11524,6.11524
6.11524,6.11524
6.11524,6.11524
6.11524,6.11524
6.11524,6.11524
6.11524,6.11524
6.11524,6.11524
6.11524,6.11524
6.11524,6.11524
6.11524,6.11524
6.11524,6.11524
6.11524,6.11524
6.11524,6.11524
6.11524,6.11524
6.11524,6.11524
6.11524,6.11524
6.11524,6.11524
6.07952,6.11488
6.11524,6.11524
6.11524,6.11524
6.11524,6.11524
6.11524,6.11524
6.11524,6.11524
6.11524,6.11524
6.11524,6.11526
6.11524,6.11524
6.11524,6.11524
6.11524,6.11524
6.11524,6.11524
6.11524,6.11524
6.11524,6.11524
6.11524,6.11524
6.07952,6.11488
6.11524,6.11529
6.11524,6.11524
6.11524,6.11524
6.11524,6.11524
6.11524,6.11524
6.11524,6.11524
6.11524,6.11524
6.11524,6.11524
6.11524,6.11524
6.11524,6.11524
6.11524,6.11524
6.11524,6.11524
6.11524,6.11524
6.11524,6.11524
6.11524,6.11524
6.11524,6.11524
6.11524,6.11524
6.11524,6.11524
6.11524,6.11524
6.11524,6.11524
6.11524,6.11524
6.11524,6.11524
6.11524,6.11524
6.11524,6.11524
6.11524,6.11524
6.11524,6.11524
6.11524,6.11524
6.11524,6.11524
6.11524,6.11524
6.11524,6.11524
6.11524,6.11524
6.11524,6.11524
6.11524,6.11524
6.11524,6.11524
6.11524,6.11524
6.11524,6.11524
6.11524,6.11524
6.11524,6.11524
6.11524,6.11524
6.11524,6.11524
6.11524,6.11524
6.11524,6.11524
6.11524,6.11524
6.11524,6.11524
6.11524,6.11524
6.11524,6.11524
6.11524,6.11524
6.11524,6.11524
6.11524,6.11524
6.11524,6.11524
6.11524,6.11524
6.11524,6.11524
6.11524,6.11524
6.07952,6.11488
6.11524,6.11524
6.11524,6.11524
6.11524,6.11524
6.11524,6.11524
6.11524,6.11524
6.11524,6.11524
6.11524,6.11524
6.11524,6.11524
6.11524,6.11524
6.11524,6.11524
6.11524,6.11524
6.11524,6.11524
6.11524,6.11524
6.11524,6.11524
6.11524,6.11524
6.11524,6.11524
6.11524,6.11524
6.11524,6.11524
6.11524,6.11524
6.11524,6.11524
6.11524,6.11524
6.11524,6.11524
6.11524,6.11524
6.11524,6.11524
6.11524,6.11524
6.07952,6.11488
6.11524,6.11524
6.11524,6.11524
6.11524,6.11524
6.11524,6.11524
6.11524,6.11524
6.11524,6.11524
6.11524,6.11524
6.11524,6.11524
6.11524,6.11524
6.11524,6.11524
6.11524,6.11524
6.11524,6.11524
6.11524,6.11524
6.11524,6.11524
6.11524,6.11524
6.11524,6.11524
6.11524,6.11524
6.11524,6.11524
6.07952,6.11488
6.11524,6.11524
6.11524,6.11524
6.11524,6.11524
6.11524,6.11524
6.11524,6.11524
6.11524,6.11524
6.11524,6.11524
6.11524,6.11524
6.11524,6.11524
6.11524,6.11524
6.11524,6.11524
6.11524,6.11524
6.11524,6.11524
6.11524,6.11524
6.11524,6.11524
6.11524,6.11524
6.11524,6.11524
6.11524,6.11524
6.11524,6.11524
6.11524,6.11524
6.11524,6.11524
6.11524,6.11524
6.11524,6.11524
6.11524,6.11524
6.11524,6.11524
6.07952,6.11488
6.11524,6.11524
6.11524,6.11524
6.11524,6.11524
6.11524,6.11524
6.11524,6.11524
6.11524,6.11524
6.11524,6.11524
6.11524,6.11524
6.11524,6.11524
6.11524,6.11524
6.11524,6.11524
6.11524,6.11524
6.11524,6.11524
6.11524,6.11524
6.11524,6.11524
6.11524,6.11524
6.11524,6.11524
6.11524,6.11524
6.11524,6.11524
6.11524,6.11524
6.11524,6.11524
6.11524,6.11524
6.11524,6.11524
6.11524,6.11524
6.11524,6.11524
6.11524,6.11524
6.11524,6.11524
6.11524,6.11524
6.11524,6.11524
6.07952,6.11488
6.11524,6.11524
6.11524,6.11524
6.11524,6.11524
6.11524,6.11524
6.11524,6.11524
6.11524,6.11524
6.11524,6.11524
6.11524,6.11524
6.11524,6.11524
6.11524,6.11524
6.11524,6.11524
6.11524,6.11524
6.11524,6.11524
6.11524,6.11524
6.11524,6.11524
6.11524,6.11524
6.11524,6.11524
6.11524,6.11524
6.11524,6.11524
6.11524,6.11524
6.11524,6.11524
6.11524,6.11524
6.11524,6.11524
6.11524,6.11524
6.11524,6.11524
6.11524,6.11524
6.11524,6.11524
6.11524,6.11524
6.11524,6.11685
6.11524,6.11524
6.11524,6.11524
6.11524,6.11524
6.11524,6.11524
6.11524,6.12183
6.11524,6.11524
6.11524,6.11524
6.11524,6.11524
6.11524,6.11524
6.11524,6.11524
6.11524,6.11524
6.11524,6.11524
6.11524,6.11524
6.11524,6.11524
6.11524,6.11524
6.07952,6.11488
6.11524,6.11524
6.11524,6.11524
6.11524,6.11524
6.11524,6.11524
6.11524,6.11524
6.11524,6.11524
6.11524,6.11524
6.11524,6.11524
6.11524,6.11524
6.11524,6.11524
6.11524,6.11524
6.11524,6.11524
6.11524,6.11524
6.11524,6.11524
6.11524,6.11524
6.11524,6.11524
6.11524,6.11524
6.11524,6.11524
6.11524,6.11524
6.11524,6.11524
6.11524,6.11524
6.11524,6.11524
6.11524,6.11524
6.11524,6.11524
6.11524,6.11524
6.11524,6.11524
6.11524,6.11524
6.11524,6.11524
6.11524,6.11524
6.11524,6.11524
6.11524,6.11524
6.11524,6.11524
6.11524,6.11524
6.11524,6.11524
6.11524,6.11524
6.11524,6.11524
6.11524,6.11524
6.11524,6.11524
6.11524,6.11524
6.11524,6.11524
6.11524,6.11524
6.11524,6.11524
6.11524,6.11524
6.11524,6.11524
6.11524,6.11524
6.07952,6.11488
6.11524,6.11524
6.11524,6.11524
6.11524,6.11524
6.11524,6.11524
6.11524,6.11524
6.11524,6.11524
6.11524,6.11524
6.11524,6.11524
6.11524,6.11524
6.11524,6.11524
6.11524,6.11524
6.11524,6.11524
6.11524,6.11563
6.11524,6.11524
6.11524,6.11524
6.11524,6.11524
6.11524,6.11524
6.11524,6.11524
6.11524,6.11524
6.11524,6.11524
6.11524,6.11524
6.11524,6.11524
6.11524,6.11524
6.11524,6.11524
6.11524,6.11524
6.11524,6.11837
6.11524,6.11524
6.11524,6.11524
6.11524,6.11524
6.11524,6.11524
6.11524,6.11524
6.11524,6.11524
6.11524,6.11524
6.11524,6.11524
6.07952,6.11488
6.07952,6.11488
6.11524,6.11524
6.11524,6.11524
6.11524,6.11524
6.11524,6.11524
6.07952,6.11488
6.11524,6.11524
6.11524,6.11524
6.11524,6.11524
6.11524,6.11524
6.11524,6.11524
6.11524,6.11524
6.11524,6.11524
6.11524,6.11524
6.11524,6.11524
6.11524,6.11524
6.11524,6.11524
6.11524,6.11524
6.11524,6.11524
6.11524,6.11524
6.11524,6.11524
6.11524,6.11524
6.11524,6.11524
6.11524,6.11524
6.11524,6.11524
6.11524,6.11524
6.11524,6.11524
6.11524,6.11524
6.11524,6.11524
6.11524,6.11524
6.11524,6.11524
6.11524,6.11524
6.07952,6.11488
6.11524,6.11524
6.11524,6.11524
6.11524,6.11524
6.11524,6.11524
6.11524,6.11524
6.11524,6.11524
6.11524,6.11524
6.11524,6.11524
6.11524,6.11524
6.11524,6.11524
6.07952,6.11488
6.11524,6.11524
6.11524,6.11524
6.11524,6.11524
6.07952,6.11488
6.11524,6.11524
6.11524,6.11524
6.11524,6.11524
6.11524,6.11524
6.11524,6.11524
6.11524,6.11524
6.11524,6.11524
6.11524,6.11524
6.07952,6.11488
6.11524,6.11524
6.11524,6.11524
6.11524,6.11524
6.11524,6.11524
6.11524,6.11524
6.11524,6.11524
6.07952,6.11488
6.11524,6.11524
6.11524,6.11524
6.11524,6.11524
6.11524,6.11524
6.11524,6.11524
6.07952,6.11488
6.11524,6.11524
6.11524,6.11524
6.11524,6.11524
6.11524,6.11524
6.11524,6.11524
6.11524,6.11524
6.11524,6.11524
6.07952,6.11488
6.11524,6.11524
6.11524,6.11524
6.11524,6.11524
6.11524,6.11524
6.11524,6.11524
6.11524,6.11524
6.11524,6.11524
6.11524,6.11524
6.11524,6.11524
6.11524,6.11524
6.11524,6.11524
6.07952,6.11488
6.11524,6.11524
6.11524,6.11524
6.11524,6.11524
6.11524,6.11524
6.11524,6.11524
6.07952,6.11488
6.11524,6.11524
6.11524,6.11524
6.11524,6.11524
6.11524,6.11524
6.11524,6.11524
6.11524,6.11524
6.11524,6.11524
6.11524,6.11524
6.11524,6.11524
6.11524,6.11524
6.11524,6.11524
6.11524,6.11524
6.11524,6.11524
6.11524,6.11524
6.11524,6.11524
6.11524,6.11524
6.07952,6.11488
6.11524,6.11524
6.11524,6.11524
6.11524,6.12193
6.11524,6.11524
6.11524,6.11524
6.11524,6.11524
6.11524,6.11524
6.11524,6.11524
6.11524,6.11524
6.11524,6.11524
6.11524,6.11524
6.11524,6.11524
6.11524,6.11524
6.11524,6.11524
6.11524,6.11524
6.11524,6.11524
6.11524,6.11524
6.11524,6.11524
6.11524,6.11524
6.11524,6.11524
6.11524,6.11524
6.11524,6.11524
6.11524,6.11524
6.11524,6.11524
6.11524,6.11524
6.11524,6.11524
6.11524,6.11524
6.11524,6.11524
6.11524,6.11524
6.11524,6.11524
6.11524,6.11524
6.11524,6.11524
6.11524,6.11524
6.11524,6.11524
6.11524,6.11524
6.11524,6.11524
6.07952,6.11488
6.11524,6.11524
6.11524,6.11524
6.11524,6.11524
6.11524,6.11524
6.11524,6.11524
6.11524,6.11524
6.11524,6.11524
6.11524,6.11524
6.11524,6.11524
6.11524,6.11524
6.11524,6.11524
6.11524,6.11524
6.11524,6.11524
6.11524,6.11524
6.11524,6.11524
6.11524,6.11524
6.11524,6.11524
6.11524,6.11524
6.11524,6.11524
6.11524,6.11524
6.11524,6.11524
6.11524,6.11524
6.11524,6.11524
6.11524,6.11524
6.11524,6.11524
6.11524,6.11524
6.11524,6.11524
6.11524,6.11524
6.11524,6.11524
6.11524,6.11524
6.11524,6.11524
6.11524,6.11524
6.11524,6.11524
6.11524,6.11524
6.11524,6.11524
6.11524,6.11524
6.07952,6.11488
6.11524,6.11524
6.11524,6.11524
6.11524,6.11524
6.11524,6.11524
6.11524,6.11524
6.11524,6.11524
6.11524,6.11524
6.11524,6.11524
6.11524,6.11524
6.11524,6.11524
6.11524,6.11524
6.11524,6.11524
6.11524,6.11524
6.11524,6.11524
6.11524,6.11524
6.11524,6.11524
6.11524,6.11524
6.11524,6.11524
6.11524,6.11524
6.11524,6.11524
6.07952,6.11488
6.11524,6.11524
6.11524,6.11524
6.11524,6.11524
6.11524,6.11524
6.11524,6.11524
6.11524,6.11524
6.11524,6.11524
6.11524,6.11524
6.11524,6.11524
6.11524,6.11524
6.11524,6.11524
6.11524,6.11524
6.11524,6.11524
6.11524,6.11524
6.11524,6.11524
6.11524,6.11524
6.11524,6.11524
6.11524,6.11524
6.11524,6.11524
6.11524,6.11524
6.11524,6.11524
6.11524,6.11524
6.11524,6.11524
6.11524,6.11524
6.11524,6.11524
6.07952,6.11488
6.11524,6.11524
6.11524,6.11524
6.11524,6.11524
6.11524,6.11627
6.11524,6.11524
6.11524,6.11524
6.11524,6.11524
6.11524,6.11524
6.11524,6.11524
6.11524,6.11524
6.11524,6.11524
6.11524,6.11524
6.11524,6.11524
6.11524,6.11524
6.11524,6.11524
6.11524,6.11524
6.11524,6.1239
6.11524,6.11524
6.11524,6.11524
6.11524,6.11524
6.11524,6.11524
6.11524,6.11524
6.07952,6.11488
6.07952,6.11488
6.11524,6.11524
6.11524,6.11524
6.11524,6.11524
6.07952,6.11488
6.11524,6.11524
6.11524,6.11524
6.11524,6.11524
6.11524,6.11524
6.11524,6.11524
6.11524,6.11524
6.11524,6.11524
6.11524,6.11524
6.11524,6.11524
6.11524,6.11524
6.11524,6.11524
6.11524,6.11524
6.11524,6.11524
6.07952,6.11488
6.11524,6.11524
6.11524,6.11524
6.07952,6.11488
6.07952,6.11488
6.11524,6.11524
6.11524,6.11524
6.11524,6.11754
6.11524,6.11524
6.07952,6.11488
6.11524,6.11524
6.11524,6.11524
6.07952,6.11488
6.11524,6.11524
6.11524,6.11524
6.11524,6.11524
6.11524,6.11524
6.11524,6.11524
6.11524,6.11524
6.11524,6.11524
6.11524,6.11524
