14.9991,17.1757
14.1949,15.3784
13.3221,14.4388
12.4636,13.7315
12.0569,13.0321
11.4662,12.3927
11.0237,11.7061
10.5083,11.2606
9.60584,10.7695
10.0872,10.4826
9.68555,10.1833
9.25098,9.8447
9.15247,9.62348
9.26409,9.41215
9.25522,9.264
9.18615,9.26331
9.20865,9.26329
9.16472,9.24903
9.11496,9.1846
8.31301,9.14885
8.73261,9.09898
8.63294,8.94084
8.15677,8.67855
7.91593,8.3828
7.93321,8.14842
7.91593,8.10816
7.93321,7.98684
7.93321,7.93321
7.76103,7.93148
7.68554,7.92815
7.74304,7.83049
7.56709,7.74194
7.7437,7.7437
7.46727,7.73952
7.60219,7.68125
7.60219,7.61481
7.60219,7.60219
7.60219,7.60219
7.60219,7.60219
7.4594,7.60017
7.44432,7.57259
7.53272,7.54197
7.52338,7.53263
7.40374,7.53073
7.47158,7.50947
7.46161,7.47148
7.47158,7.47158
7.47158,7.47158
7.47158,7.47158
7.47158,7.47158
7.41378,7.471
7.47158,7.47158
7.47158,7.47158
7.37281,7.46902
7.35845,7.41736
7.37281,7.37281
7.37281,7.37281
7.23478,7.37143
7.37281,7.37281
7.37281,7.37281
7.37281,7.37281
7.37281,7.37281
7.37281,7.37281
7.37281,7.37281
7.37281,7.37281
7.37281,7.37281
7.37281,7.37281
7.23478,7.37143
7.37281,7.37281
7.19619,7.37104
7.14919,7.36919
7.23478,7.28951
7.23478,7.23478
7.23478,7.23478
7.15549,7.23289
7.17662,7.20157
7.01591,7.17451
7.1268,7.16218
7.09962,7.12652
7.1268,7.1268
7.1268,7.1268
7.05276,7.12606
7.1268,7.1268
7.09962,7.12652
6.96608,7.12459
7.01422,7.09424
6.90579,7.0649
7.06651,7.06651
7.06579,7.0665
7.06651,7.06651
7.06579,7.0665
7.00834,7.06593
7.06651,7.06651
7.06579,7.0665
7.06651,7.06651
7.06651,7.06651
7.06651,7.06651
7.06651,7.06651
7.06651,7.06651
7.06651,7.06651
7.06651,7.06651
7.06651,7.06651
7.06651,7.06651
7.0015,7.06528
7.00834,7.04091
6.95606,7.00782
7.00834,7.00834
7.00834,7.00834
7.00834,7.00834
7.00834,7.00834
7.00834,7.00834
7.00834,7.00834
7.00834,7.01299
7.00834,7.00834
7.00834,7.00834
7.00834,7.00834
7.00763,7.00834
7.00834,7.00834
7.00834,7.00834
6.94333,7.00769
7.00834,7.00834
6.92905,7.0069
6.84284,6.99998
6.94333,6.94333
6.94333,6.94333
6.94333,6.94333
6.94333,6.94333
6.94333,6.94333
6.84284,6.94233
6.84284,6.94233
6.94333,6.94333
6.94228,6.94463
6.81858,6.94129
6.81858,6.90326
6.86404,6.86404
6.86404,6.86404
6.76355,6.86303
6.86404,6.86404
6.86404,6.86404
6.8547,6.86394
6.80794,6.86309
6.82182,6.85534
6.42719,6.79202
6.41785,6.44266
6.34392,6.42635
6.42719,6.42719
6.42719,6.42719
6.42719,6.42719
6.42719,6.42719
6.42719,6.42719
6.42719,6.42719
6.42719,6.42719
6.42719,6.42719
6.42719,6.42719
6.42719,6.42719
6.42719,6.42719
6.42719,6.42719
6.37109,6.42663
6.42719,6.42719
6.42719,6.42719
6.42719,6.42801
6.42719,6.42719
6.42719,6.42719
6.42719,6.42719
6.42719,6.42719
6.42719,6.42719
6.42719,6.42719
6.42719,6.42719
6.42719,6.42719
6.41785,6.42709
6.42719,6.42719
6.42719,6.42719
6.42719,6.42719
6.42719,6.42719
6.42719,6.42719
6.42719,6.42719
6.42719,6.42719
6.42719,6.42719
6.42719,6.42719
6.42719,6.42719
6.42719,6.42719
6.42719,6.42719
6.42719,6.42719
6.41785,6.42709
6.42719,6.42719
6.42719,6.42719
6.41212,6.42704
6.42719,6.42719
6.42719,6.42719
6.42719,6.42719
6.42719,6.42719
6.42719,6.42719
6.42719,6.42719
6.42719,6.42719
6.42719,6.42719
6.42719,6.42719
6.42719,6.42719
6.42719,6.42719
6.42719,6.42719
6.42719,6.42719
6.42719,6.42719
6.42719,6.42719
6.41785,6.42709
6.42719,6.42719
6.42719,6.42719
6.42719,6.42719
6.42719,6.42719
6.41785,6.42709
6.42719,6.42719
6.42719,6.42719
6.42719,6.42719
6.42719,6.42719
6.42719,6.42719
6.42719,6.42719
6.42719,6.42719
6.42719,6.42719
6.42719,6.42719
6.42719,6.42719
6.42719,6.42719
6.42719,6.42719
6.42719,6.42719
6.42719,6.42719
6.42719,6.42719
6.41212,6.42704
6.42719,6.42719
6.42719,6.42719
6.37109,6.42663
6.42719,6.42719
6.42719,6.42719
6.42719,6.42719
6.42719,6.4276
6.42719,6.42719
6.17001,6.42461
6.42719,6.42719
6.42719,6.42719
6.42719,6.42719
6.41785,6.42709
6.42719,6.42719
6.42719,6.42719
6.42719,6.42719
6.42719,6.42719
6.42719,6.42719
6.42719,6.42719
6.42719,6.42719
6.42719,6.42719
6.42719,6.42719
6.42719,6.42719
6.42719,6.42719
6.42719,6.42719
6.41212,6.42704
6.42719,6.42719
6.42719,6.42719
6.42719,6.42719
6.42719,6.42719
6.42719,6.42719
6.42719,6.42719
6.42719,6.42719
6.42719,6.42719
6.42719,6.42719
6.42719,6.42719
6.37109,6.42663
6.42719,6.42719
6.42719,6.42719
6.41785,6.42709
6.42719,6.42719
6.42719,6.42719
6.42719,6.42719
6.42719,6.42719
6.42719,6.42719
6.42719,6.42719
6.42719,6.42719
6.42719,6.42719
6.42719,6.42719
6.42719,6.42719
6.42719,6.42719
6.42719,6.42719
6.37109,6.42663
6.42719,6.42719
6.42719,6.42719
6.42719,6.42862
6.42719,6.43211
6.41785,6.42709
6.42719,6.42719
6.42719,6.42719
6.41785,6.42709
6.42719,6.42719
6.42719,6.42719
6.42719,6.42719
6.42719,6.42719
6.42719,6.42719
6.42719,6.42719
6.42719,6.42719
6.42719,6.42719
6.42719,6.42719
6.42719,6.42719
6.42719,6.42719
6.42719,6.42719
6.42719,6.42719
6.37109,6.42663
6.41785,6.42709
6.42719,6.42719
6.42719,6.42719
6.41212,6.42704
6.42719,6.42719
6.42719,6.42719
6.42719,6.42719
6.41785,6.42709
6.42719,6.42719
6.42719,6.42719
6.42719,6.42719
6.42719,6.42719
6.42719,6.42719
6.42719,6.42719
6.42719,6.42719
6.41785,6.42709
6.42719,6.42719
6.42719,6.42719
6.37109,6.42663
6.41785,6.42709
6.42719,6.42719
6.24677,6.42538
6.42719,6.42719
6.42719,6.42719
6.42719,6.42719
6.42719,6.42719
6.42719,6.42719
6.42719,6.42719
6.42719,6.42719
6.42719,6.42719
6.42719,6.42719
6.41212,6.42689
6.1139,6.42404
6.36138,6.38773
6.33717,6.36114
6.36138,6.36138
6.36138,6.36138
6.36138,6.36138
6.36138,6.36138
6.36138,6.36138
6.36138,6.36138
6.36138,6.36138
6.36138,6.36138
6.36138,6.36138
6.35153,6.36128
6.36138,6.36138
6.35153,6.36128
6.36138,6.36138
6.35153,6.36128
6.36138,6.36138
6.36138,6.36138
6.36138,6.36138
6.36138,6.36138
6.35204,6.36129
6.36138,6.36138
6.36138,6.36138
6.36138,6.36138
6.35153,6.36128
6.36138,6.36138
6.35153,6.36119
6.35204,6.3569
6.35204,6.35204
6.32783,6.3518
6.35204,6.35204
6.35204,6.35204
6.32783,6.3518
6.35204,6.35204
6.35204,6.35204
6.34219,6.35194
6.35204,6.35204
6.35204,6.35204
6.35204,6.35204
6.35204,6.35204
6.35204,6.35204
6.35204,6.35204
6.35204,6.35204
6.35204,6.35204
6.35204,6.35204
6.35204,6.35204
6.35204,6.35204
6.35204,6.35204
6.35204,6.35204
6.35204,6.35204
6.35204,6.35204
6.35204,6.35204
6.34219,6.35194
6.35204,6.35204
6.35204,6.35204
6.35204,6.35204
6.34219,6.35194
6.35204,6.35204
6.35204,6.35204
6.35204,6.35204
6.35204,6.35204
6.16332,6.35016
6.35204,6.35204
6.35204,6.35204
6.35204,6.35204
6.35204,6.35204
6.35204,6.35204
6.35204,6.35204
6.35204,6.35204
6.35204,6.35204
6.35204,6.35204
6.35204,6.35204
6.35204,6.35204
6.35204,6.35204
6.35204,6.35204
6.35204,6.35204
6.35204,6.35204
6.35204,6.35204
6.35204,6.35204
6.35204,6.35204
6.35204,6.35204
6.35204,6.35204
6.35204,6.35204
6.35204,6.35204
6.35204,6.35204
6.32672,6.35179
6.35204,6.35204
6.34219,6.35194
6.35204,6.35204
6.35204,6.35204
6.32783,6.3518
6.34219,6.35194
6.35204,6.35204
6.35204,6.35204
6.35204,6.35204
6.35204,6.35204
6.34219,6.35194
6.35204,6.35204
6.35204,6.35204
6.35204,6.35204
6.35204,6.35204
6.35204,6.35204
6.32672,6.35467
6.32783,6.34042
6.32783,6.32783
6.32783,6.32783
6.31798,6.32773
6.32783,6.32783
6.32783,6.32798
6.32783,6.32783
6.32783,6.32783
6.32783,6.32783
6.32783,6.32783
6.32783,6.32783
6.32783,6.32783
6.32783,6.32783
6.30251,6.32758
6.32783,6.32783
6.30251,6.32758
6.13911,6.32594
6.32783,6.32783
6.32783,6.32783
6.32783,6.32783
6.32783,6.32783
6.32783,6.32783
6.32783,6.32783
6.32783,6.32783
6.32783,6.32783
6.32783,6.32783
6.31798,6.32773
6.32783,6.32783
6.32783,6.32783
6.32783,6.32783
6.31798,6.32773
6.32783,6.32783
6.30251,6.32758
6.30251,6.32758
6.32783,6.32783
6.32783,6.32783
6.32783,6.32783
6.32783,6.32783
6.32783,6.32783
6.32783,6.32783
6.32783,6.32783
6.30251,6.32748
6.31798,6.323
6.31798,6.31798
6.31798,6.31798
6.31798,6.31798
6.31798,6.31798
6.31798,6.31798
6.31798,6.31798
6.31798,6.31798
6.31798,6.31798
6.31798,6.31798
6.31798,6.31798
6.31798,6.31798
6.31798,6.31798
6.31798,6.31798
6.12926,6.31584
6.29266,6.30456
6.29266,6.29266
6.29266,6.29266
6.29266,6.29266
6.28074,6.29254
6.29266,6.29266
6.29266,6.29266
6.29266,6.29266
6.29266,6.29266
6.29266,6.29266
6.29266,6.29266
6.28074,6.29254
6.29266,6.29266
6.29266,6.29266
6.29266,6.29266
6.29266,6.29266
6.29266,6.29266
6.29266,6.29266
6.29266,6.29266
6.29266,6.29266
6.29266,6.29266
6.29266,6.29266
6.29266,6.29266
6.29266,6.29266
6.29266,6.29266
6.29266,6.29266
6.29266,6.29266
6.29266,6.29266
6.29266,6.29266
6.29266,6.29266
6.29266,6.29266
6.29266,6.29266
6.29266,6.29266
6.29266,6.29266
6.29266,6.29266
6.29266,6.29266
6.29266,6.29266
6.29266,6.29266
6.29266,6.29266
6.29266,6.29266
6.29266,6.29266
6.29266,6.29266
6.29266,6.29266
6.29266,6.29266
6.29266,6.29266
6.29266,6.29266
6.29266,6.29291
6.29266,6.29266
6.29266,6.29266
6.29266,6.29266
6.29266,6.29266
6.29266,6.29266
6.29266,6.29266
6.29266,6.29266
6.29266,6.29266
6.29266,6.29266
6.28074,6.29254
6.29266,6.29266
6.29266,6.29266
6.29266,6.29266
6.29266,6.29266
6.29266,6.29266
6.28074,6.29254
6.29266,6.29266
6.29266,6.29266
6.29266,6.29266
6.29266,6.29266
6.29266,6.29266
6.29266,6.29266
6.29266,6.29266
6.29266,6.29266
6.29266,6.29266
6.29266,6.29266
6.29266,6.29291
6.29266,6.29266
6.29266,6.29266
6.29266,6.29266
6.29266,6.29266
6.29266,6.29266
6.28074,6.29254
6.29266,6.29266
6.29266,6.29266
6.29266,6.29266
6.28074,6.29254
6.29266,6.29266
6.28074,6.29254
6.29266,6.29266
6.28074,6.29254
6.28074,6.29254
6.29266,6.29266
6.29266,6.29266
6.29266,6.2975
6.28074,6.29254
6.29266,6.29266
6.29266,6.29266
6.29266,6.29266
6.29266,6.29266
6.29266,6.29266
6.29266,6.29266
6.29266,6.29266
6.29266,6.29266
6.29266,6.29266
6.29266,6.29266
6.29266,6.29266
6.29266,6.29266
6.29266,6.29266
6.29266,6.29266
6.29266,6.29266
6.29266,6.29266
6.29266,6.29266
6.29266,6.29266
6.29266,6.29266
6.29266,6.29266
6.29266,6.29266
6.29266,6.29266
6.29266,6.29266
6.29266,6.29266
6.29266,6.29266
6.29266,6.29266
6.29266,6.29266
6.29266,6.29266
6.29266,6.29266
6.29266,6.29266
6.28074,6.29254
6.29266,6.29266
6.29266,6.29266
6.29266,6.29266
6.29266,6.29266
6.29266,6.29266
6.28074,6.29254
6.29266,6.29266
6.28074,6.29254
6.29266,6.29266
6.29266,6.29266
6.29266,6.29266
6.16505,6.29138
6.29266,6.29266
6.29266,6.29266
6.29266,6.29266
6.29266,6.29266
6.29266,6.29266
6.29266,6.29266
6.28074,6.29254
6.29266,6.29266
6.29266,6.29266
6.29266,6.29266
6.29266,6.29266
6.29266,6.29266
6.29266,6.29266
6.29266,6.29266
6.29266,6.29266
6.29266,6.29266
6.29266,6.29266
6.29266,6.29266
6.29266,6.29266
6.29266,6.29266
6.16505,6.29138
6.29266,6.29626
6.29266,6.29266
6.29266,6.29266
6.29266,6.29266
6.29266,6.29266
6.29266,6.29266
6.29266,6.29266
6.29266,6.29266
6.29266,6.29371
6.29266,6.29266
6.29266,6.29266
6.29266,6.29266
6.29266,6.29266
6.29266,6.29266
6.29266,6.29266
6.29266,6.29266
6.29266,6.29266
6.29266,6.29266
6.28074,6.29254
6.29266,6.29266
6.29266,6.29266
6.29266,6.29266
6.29266,6.29266
6.28074,6.29254
6.29266,6.29266
6.29266,6.29266
6.29266,6.29266
6.29266,6.29266
6.29266,6.29266
6.29266,6.29266
6.29266,6.29266
6.29266,6.29284
6.29266,6.29266
6.29266,6.29266
6.29266,6.29266
6.29266,6.29266
6.29266,6.29266
6.29266,6.29266
6.29266,6.29266
6.29266,6.29266
6.29266,6.29266
6.29266,6.29266
6.29266,6.29266
6.29266,6.29266
6.28074,6.29254
6.29266,6.29266
6.29266,6.29266
6.29266,6.29266
6.29266,6.29266
6.16505,6.29138
6.29266,6.29266
6.29266,6.29266
6.29266,6.29266
6.29266,6.29266
6.29266,6.29266
6.29266,6.29266
6.29266,6.29266
6.28074,6.29254
6.29266,6.29266
6.29266,6.29266
6.29266,6.29266
6.29266,6.29266
6.29266,6.29266
6.29266,6.29266
6.16505,6.29138
6.29266,6.29266
6.29266,6.29266
6.29266,6.29266
6.29266,6.29266
6.29266,6.29266
6.29266,6.29266
6.29266,6.29266
6.29266,6.29266
6.29266,6.29266
6.29266,6.29266
6.29266,6.29266
6.29266,6.29266
6.29266,6.29266
6.29266,6.29266
6.29266,6.29266
6.29266,6.29266
6.29266,6.29266
6.29266,6.29266
6.28074,6.29254
6.29266,6.29266
6.29266,6.29266
6.29266,6.29266
6.29266,6.29266
6.16505,6.29138
6.29266,6.29266
6.29266,6.29266
6.29266,6.29266
6.29266,6.29266
6.29266,6.29266
6.29266,6.29266
6.29266,6.29266
6.29266,6.29266
6.29266,6.29266
6.29266,6.29266
6.29266,6.29266
6.29266,6.29266
6.29266,6.29266
6.29266,6.29266
6.29266,6.29266
6.29266,6.29266
6.29266,6.29266
6.29266,6.29266
6.29266,6.29266
6.29266,6.29266
6.29266,6.29266
6.29266,6.29266
6.29266,6.29266
6.29266,6.29266
6.29266,6.29266
6.29266,6.29266
6.29266,6.29266
6.29266,6.29266
6.29266,6.29266
6.29266,6.29266
6.29266,6.29266
6.29266,6.29266
6.28074,6.29254
6.29266,6.29266
6.29266,6.29266
6.29266,6.29266
6.29266,6.29266
6.29266,6.29266
6.29266,6.29266
6.29266,6.29266
6.29266,6.29266
6.29266,6.29266
6.29266,6.29266
6.29266,6.29266
6.29266,6.29266
6.28074,6.29254
6.29266,6.29266
6.29266,6.29266
6.29266,6.29266
6.29266,6.29266
6.29266,6.29266
6.29266,6.29266
6.29266,6.29266
6.29266,6.29266
6.28074,6.29254
6.29266,6.29266
6.29266,6.29266
6.28074,6.29254
6.16505,6.29138
6.29266,6.29266
6.29266,6.29266
6.29266,6.29266
6.29266,6.29266
6.29266,6.29266
6.29266,6.29266
6.29266,6.29266
6.29266,6.29266
6.29266,6.29266
6.29266,6.29266
6.29266,6.29266
6.29266,6.29266
6.28074,6.29254
6.29266,6.29266
6.29266,6.29266
6.29266,6.29266
6.29266,6.29266
6.29266,6.29266
6.29266,6.29266
6.29266,6.29266
6.29266,6.29266
6.29266,6.29266
6.29266,6.29266
6.29266,6.29266
6.29266,6.29266
6.28074,6.29254
6.28074,6.29254
6.29266,6.29266
6.29266,6.29266
6.29266,6.29266
6.29266,6.29266
6.29266,6.29266
6.29266,6.2929
6.29266,6.29266
6.29266,6.29266
6.29266,6.29266
6.16505,6.2901
6.16505,6.24955
6.16505,6.16505
6.16505,6.16505
6.16505,6.16505
6.16505,6.16505
6.16505,6.16505
6.16505,6.16505
6.16505,6.16505
6.16505,6.16505
6.16505,6.16505
6.16505,6.16505
6.16505,6.16505
6.16505,6.16505
6.16505,6.16505
6.16505,6.16505
6.16505,6.16505
6.16505,6.16505
6.16505,6.16505
6.16505,6.16505
6.15725,6.16497
6.16505,6.16505
6.16505,6.16505
6.12926,6.16469
6.15725,6.16497
6.15313,6.16493
6.16505,6.16505
6.15313,6.16493
6.16505,6.16505
6.16505,6.16505
6.16505,6.16505
6.16505,6.16505
6.16505,6.16505
6.16505,6.16505
5.98901,6.16329
6.16505,6.16505
6.16505,6.16505
6.16505,6.16505
6.16505,6.16505
6.16505,6.16505
6.15313,6.16857
6.15725,6.16497
6.15313,6.16493
5.98901,6.16329
6.16505,6.16505
5.98901,6.16329
6.16505,6.16505
6.16505,6.16505
6.15313,6.16493
6.16505,6.16505
6.16505,6.16505
6.16505,6.16505
6.16505,6.16505
6.16505,6.16505
6.16505,6.16505
5.98901,6.16329
6.16505,6.16505
6.16505,6.16505
6.16505,6.16505
6.16505,6.16505
6.16505,6.16505
6.16505,6.16505
6.15313,6.16493
6.16505,6.16505
6.16505,6.16505
6.16505,6.16505
6.16505,6.16505
5.98901,6.16329
6.16505,6.16505
6.16505,6.16505
6.16505,6.16505
6.16505,6.16505
6.16505,6.16505
6.16505,6.16505
6.15313,6.16493
6.16505,6.16505
6.12926,6.16469
6.16505,6.16505
6.16505,6.16505
6.16505,6.16505
6.16505,6.16505
6.16505,6.16505
6.16505,6.16505
6.16505,6.16505
6.16505,6.16505
6.16505,6.16505
6.16505,6.16505
6.16505,6.16505
6.12926,6.16463
6.15898,6.16244
6.15898,6.15898
6.05588,6.15795
6.15898,6.15898
6.15898,6.15898
6.15898,6.15898
6.00108,6.1574
6.09325,6.15832
6.15898,6.15898
6.15898,6.15898
6.15898,6.15898
6.15898,6.15898
6.15898,6.15898
6.15898,6.15898
6.15898,6.15898
6.00108,6.15582
6.00108,6.08476
6.00108,6.00108
6.00108,6.00108
6.00108,6.00108
6.00108,6.00108
6.00108,6.00108
6.00108,6.00108
6.00108,6.00108
6.00108,6.00108
6.00108,6.00108
6.00108,6.00108
6.00108,6.00108
6.00108,6.00108
6.00108,6.00108
6.00108,6.00108
6.00108,6.00108
6.00108,6.00108
6.00108,6.00108
6.00108,6.00108
6.00108,6.00108
6.00108,6.00108
6.00108,6.00108
5.99327,6.001
6.00108,6.00108
5.98916,6.00096
6.00108,6.00108
6.00108,6.00108
6.00108,6.00108
5.94321,6.0005
6.00108,6.00108
6.00108,6.00108
6.00108,6.00255
6.00108,6.00108
6.00108,6.00108
5.94321,6.0005
6.00108,6.00108
6.00108,6.00108
6.00108,6.00108
6.00108,6.00108
5.90609,6.00013
5.94321,6.0005
6.00108,6.00108
6.00108,6.00108
5.98916,6.00096
6.00108,6.00108
6.00108,6.00108
6.00108,6.00108
6.00108,6.00108
6.00108,6.00108
6.00108,6.00108
6.00108,6.00108
6.00108,6.00108
6.00108,6.00108
5.98916,6.00096
6.00108,6.00108
6.00108,6.00108
6.00108,6.00108
6.00108,6.00108
5.99327,6.00092
5.99327,5.99733
5.99327,5.99327
5.99327,5.99327
5.89829,5.99233
5.99327,5.99327
5.99327,5.99327
5.9781,5.99312
5.99327,5.99327
5.99327,5.99327
5.9781,5.99312
5.99327,5.99327
5.99327,5.99327
5.99327,5.99327
5.99327,5.99327
5.99327,5.99327
5.99327,5.99327
5.99327,5.99327
5.99327,5.99327
5.99327,5.99327
5.99327,5.99327
5.99327,5.99327
5.99327,5.99327
5.99327,5.99327
5.99327,5.99327
5.99327,5.99327
5.99327,5.99434
5.99327,5.99618
5.99327,5.99327
5.9781,5.99312
5.99327,5.99327
5.99327,5.99327
5.99327,5.99327
5.99327,5.99327
5.99327,5.99327
5.99327,6.00632
5.99327,5.99327
5.99327,5.99327
5.99327,5.99327
5.99327,5.99327
5.99327,5.99327
5.99327,5.99327
5.99327,5.99327
5.99327,5.99327
5.99327,5.99327
5.99327,5.99327
5.99327,5.99327
5.99327,6.00367
5.99327,5.99327
5.99327,5.99327
5.9781,5.99312
5.99327,5.99327
5.9781,5.99312
5.99327,5.99327
5.99327,5.99327
5.89829,5.99233
5.99327,5.99327
5.99327,5.99327
5.99327,5.99327
5.99327,5.99327
5.99327,5.99327
5.99327,5.99327
5.99327,5.99327
5.99327,5.99327
5.99327,5.99327
5.89829,5.99233
5.99327,5.99327
5.99327,5.99327
5.99327,5.99327
5.99327,5.99327
5.89829,5.99233
5.99327,5.99327
5.99327,5.99327
5.99327,5.99327
5.99327,5.99327
5.99327,5.99327
5.89829,5.99233
5.99327,5.99327
5.9781,5.99312
5.99327,5.99327
5.99327,5.99327
5.99327,5.99327
5.99327,5.99327
5.99327,5.99327
5.99327,5.99327
5.99327,5.99327
5.99327,5.99327
5.99327,5.99327
5.99327,5.99327
5.99327,5.99327
5.9781,5.99312
5.99327,5.99327
5.99327,5.99327
5.9781,5.99312
5.99327,5.99327
5.99327,5.99327
5.99327,5.99327
5.89829,5.99233
5.99327,5.99327
5.99327,5.99327
5.99327,5.99327
5.89829,5.99233
5.99327,5.99327
5.89829,5.99233
5.99327,5.99327
5.99327,5.99327
5.99327,5.99327
5.99327,5.99514
5.9781,5.99312
5.99327,5.99327
5.99327,5.99327
5.99327,5.99327
5.99327,5.99327
5.99327,5.99327
5.89829,5.99138
5.89829,5.94958
5.89829,5.89829
5.89829,5.89829
5.89829,5.89829
5.89829,5.89829
5.89829,5.89829
5.89829,5.89829
5.89829,5.89829
5.89829,5.89829
5.89829,5.89829
5.89829,5.89829
5.89829,5.89829
5.89829,5.89829
5.89829,5.89829
5.89829,5.89829
5.89829,5.89829
5.89829,5.89829
5.89829,5.89829
5.89829,5.89829
5.89829,5.89829
5.89829,5.89829
5.89829,5.89829
5.89829,5.89829
5.88312,5.89799
5.88312,5.89283
5.88312,5.88312
5.88312,5.88312
5.88312,5.88312
5.88312,5.88312
5.88312,5.88312
5.88312,5.88312
5.88312,5.88312
5.88312,5.88312
5.88312,5.88312
5.88312,5.88312
5.88312,5.88312
5.88312,5.88312
5.88312,5.88312
5.88312,5.88312
5.88312,5.88312
5.88312,5.88312
5.88312,5.88312
5.88312,5.88312
5.88312,5.88312
5.88312,5.88312
5.88312,5.88312
5.88312,5.88312
5.88312,5.88312
5.88312,5.88312
5.88312,5.88312
5.88312,5.88312
5.88312,5.88312
5.88312,5.88312
5.88312,5.88312
5.88312,5.88312
5.88312,5.88312
5.88312,5.88312
5.88312,5.88312
5.88312,5.88312
5.88312,5.88312
5.88312,5.88312
5.88312,5.88312
5.88312,5.88312
5.88312,5.88312
5.88312,5.88312
5.88312,5.88312
5.88312,5.88312
5.88312,5.88312
5.88312,5.88312
5.88312,5.88312
5.88312,5.88312
5.88312,5.88312
5.88312,5.88312
5.88312,5.88312
5.88312,5.88312
5.88312,5.88312
5.88312,5.88312
5.88312,5.88312
5.88312,5.88312
5.88312,5.88312
5.88312,5.88312
5.88312,5.88312
5.88312,5.88312
5.88312,5.88312
5.88312,5.88312
5.88312,5.88312
5.88312,5.88312
5.88312,5.88312
5.88312,5.88312
5.88312,5.88312
5.88312,5.88312
5.88312,5.88312
5.88312,5.88312
5.88312,5.88312
5.88312,5.88312
5.88312,5.88312
5.88312,5.88312
5.88312,5.88312
5.88312,5.88312
5.88312,5.88312
5.88312,5.88312
5.88312,5.88312
5.88312,5.88312
5.88312,5.88312
5.88312,5.88312
5.88312,5.88312
5.88312,5.88312
5.88312,5.88312
5.88312,5.88312
5.88312,5.88312
5.88312,5.88312
5.88312,5.88312
5.88312,5.88312
5.88312,5.88312
5.88312,5.88312
5.88312,5.88312
5.88312,5.88312
5.88312,5.88312
5.88312,5.88312
5.88312,5.88312
5.88312,5.88312
5.88312,5.88312
5.88312,5.88312
5.88312,5.88312
5.88312,5.88312
5.88312,5.88312
5.88312,5.88312
5.88312,5.88312
5.88312,5.88312
5.88312,5.88312
5.88312,5.88312
5.88312,5.88312
5.88312,5.88312
5.88312,5.88312
5.88312,5.88312
5.88312,5.88312
5.88312,5.88312
5.88312,5.88526
5.88312,5.88312
5.88312,5.88312
5.88312,5.88312
5.88312,5.88312
5.88312,5.88312
5.88312,5.88312
5.88312,5.88312
5.88312,5.88312
5.88312,5.88312
5.88312,5.88312
5.88312,5.88312
5.88312,5.88312
5.88312,5.88312
5.88312,5.88312
5.88312,5.88312
5.88312,5.88312
5.88312,5.88312
5.88312,5.88312
5.88312,5.88312
5.88312,5.88312
5.88312,5.88312
5.88312,5.88312
5.88312,5.88312
5.88312,5.88312
5.88312,5.88312
5.88312,5.88312
5.88312,5.88312
5.88312,5.88312
5.88312,5.88312
5.88312,5.88312
5.88312,5.88312
5.88312,5.88312
5.88312,5.88312
5.88312,5.88312
5.88312,5.88312
5.88312,5.88312
5.88312,5.88312
5.88312,5.88312
5.88312,5.88312
5.88312,5.88992
5.88312,5.88312
5.88312,5.88312
5.88312,5.88312
5.88312,5.88312
5.88312,5.88312
5.88312,5.88312
5.88312,5.88312
5.88312,5.88312
5.88312,5.88312
5.88312,5.88312
5.88312,5.88312
5.88312,5.88312
5.88312,5.88312
5.88312,5.88312
5.88312,5.88312
5.88312,5.88312
5.88312,5.88312
5.88312,5.88312
5.88312,5.88312
5.88312,5.88312
5.88312,5.88312
5.88312,5.88312
5.88312,5.88312
5.88312,5.88312
5.88312,5.88312
5.88312,5.88312
5.88312,5.88312
5.88312,5.88312
5.88312,5.88312
5.88312,5.88312
5.88312,5.88312
5.88312,5.88312
5.88312,5.88312
5.88312,5.88312
5.88312,5.88312
5.88312,5.88312
5.88312,5.88312
5.88312,5.88312
5.88312,5.88312
5.88312,5.88312
5.88312,5.88312
5.88312,5.88312
5.88312,5.88312
5.88312,5.88312
5.88312,5.88312
5.88312,5.88312
5.88312,5.88312
5.88312,5.88312
5.88312,5.88312
5.88312,5.88312
5.88312,5.88509
5.88312,5.88312
5.88312,5.88312
5.88312,5.88312
5.88312,5.88312
5.88312,5.88312
5.88312,5.88312
5.88312,5.88312
5.88312,5.88312
5.88312,5.88312
5.88312,5.88312
5.88312,5.88312
5.88312,5.88312
5.88312,5.88312
5.88312,5.88312
5.88312,5.88312
5.88312,5.88312
5.88312,5.88312
5.88312,5.88312
5.88312,5.88312
5.88312,5.88312
5.88312,5.88312
5.88312,5.88312
5.88312,5.88312
5.88312,5.88312
5.88312,5.88312
5.88312,5.88312
5.88312,5.88312
5.88312,5.88312
5.88312,5.88312
5.88312,5.88312
5.88312,5.88312
5.88312,5.88312
5.88312,5.88312
5.88312,5.88312
5.88312,5.88312
5.88312,5.88312
5.88312,5.88312
5.88312,5.88312
5.88312,5.88312
5.88312,5.88312
5.88312,5.88312
5.88312,5.88312
5.88312,5.88312
5.88312,5.88312
5.88312,5.88312
5.88312,5.88312
5.88312,5.88312
5.88312,5.88312
5.88312,5.88312
5.88312,5.88312
5.88312,5.88312
5.88312,5.88312
5.88312,5.88312
5.88312,5.88312
5.88312,5.88312
5.88312,5.88312
5.88312,5.88312
5.88312,5.88312
5.88312,5.88312
5.88312,5.88312
5.88312,5.88312
5.88312,5.88312
5.88312,5.88312
5.88312,5.88312
5.88312,5.88312
5.88312,5.88312
5.88312,5.88312
5.88312,5.88312
5.88312,5.88312
5.88312,5.88312
5.88312,5.88312
5.88312,5.88312
5.88312,5.88312
5.88312,5.88312
5.88312,5.88312
5.88312,5.88312
5.88312,5.88312
5.88312,5.88312
5.88312,5.88312
5.88312,5.88312
5.88312,5.88312
5.88312,5.88312
5.88312,5.8833
5.88312,5.88312
5.88312,5.88312
5.88312,5.88312
5.88312,5.88312
5.88312,5.88312
5.88312,5.88312
5.88312,5.88312
5.88312,5.88312
5.88312,5.88312
5.88312,5.88312
5.88312,5.88312
5.88312,5.88312
5.88312,5.88312
5.88312,5.88312
5.88312,5.88312
5.88312,5.88312
5.88312,5.88312
5.88312,5.88312
5.88312,5.88312
5.88312,5.88312
5.88312,5.88312
5.88312,5.88312
5.88312,5.88312
5.88312,5.88312
5.88312,5.88312
5.88312,5.88312
5.88312,5.88312
5.88312,5.88312
5.88312,5.88312
5.88312,5.88312
5.88312,5.88312
5.88312,5.88312
5.88312,5.88312
5.88312,5.88312
5.88312,5.88312
5.88312,5.88312
5.88312,5.88312
5.88312,5.88312
5.88312,5.88312
5.88312,5.88312
5.88312,5.88312
5.88312,5.88312
5.88312,5.88312
5.88312,5.88312
5.88312,5.88312
5.88312,5.88312
5.88312,5.88312
5.88312,5.88312
5.88312,5.88312
5.88312,5.88312
5.88312,5.88312
5.88312,5.88312
5.88312,5.88312
5.88312,5.88312
5.88312,5.88312
5.88312,5.88312
5.88312,5.88312
5.88312,5.88312
5.88312,5.88312
5.88312,5.88312
5.88312,5.88312
5.88312,5.88312
5.88312,5.88312
5.88312,5.88312
5.88312,5.88312
5.88312,5.88312
5.88312,5.88312
5.88312,5.88312
5.88312,5.88312
5.88312,5.88312
5.88312,5.88312
5.88312,5.88312
5.88312,5.88312
5.88312,5.88312
5.88312,5.88312
5.88312,5.88312
5.88312,5.88312
5.88312,5.88312
5.88312,5.88312
5.88312,5.88312
5.88312,5.88312
5.88312,5.88312
5.88312,5.88312
5.88312,5.88312
5.88312,5.88312
5.88312,5.88312
5.88312,5.88312
5.88312,5.88312
5.88312,5.88312
5.88312,5.88312
5.88312,5.88312
5.88312,5.88312
5.88312,5.88312
5.88312,5.88312
5.88312,5.88312
5.88312,5.88312
5.88312,5.88312
5.88312,5.88312
5.88312,5.88312
5.88312,5.88312
5.88312,5.88312
5.88312,5.88312
5.88312,5.88312
5.88312,5.88312
5.88312,5.88312
5.88312,5.88312
5.88312,5.88312
5.88312,5.88312
5.88312,5.88312
5.88312,5.88312
5.88312,5.88312
5.88312,5.88312
5.88312,5.88312
5.88312,5.88312
5.88312,5.88312
5.88312,5.88312
5.88312,5.88312
5.88312,5.88312
5.88312,5.88312
5.88312,5.88312
5.88312,5.88312
5.88312,5.88312
5.88312,5.88312
5.88312,5.88312
5.88312,5.88312
5.88312,5.88312
5.88312,5.88312
5.88312,5.88312
5.88312,5.88312
5.88312,5.88312
5.88312,5.88312
5.88312,5.88312
5.88312,5.88312
5.88312,5.88312
5.88312,5.88312
5.88312,5.88312
5.88312,5.88312
5.88312,5.88312
5.88312,5.88312
5.88312,5.88312
5.88312,5.88312
5.88312,5.88312
5.88312,5.88312
5.88312,5.88312
5.88312,5.88312
5.88312,5.88312
5.88312,5.88312
5.88312,5.88312
5.88312,5.88312
5.88312,5.88312
5.88312,5.88312
5.88312,5.88312
5.88312,5.88312
5.88312,5.88312
5.88312,5.88312
5.88312,5.88312
5.88312,5.88312
5.88312,5.88312
5.88312,5.88312
5.88312,5.88312
5.88312,5.88312
5.88312,5.88312
5.88312,5.88312
5.88312,5.88312
5.88312,5.88312
5.88312,5.88312
5.88312,5.88312
5.88312,5.88312
5.88312,5.88312
5.88312,5.88312
5.88312,5.88312
5.88312,5.88312
5.88312,5.88312
5.88312,5.88312
5.88312,5.88312
5.88312,5.88312
5.88312,5.88312
5.88312,5.88312
5.88312,5.88312
5.88312,5.88312
5.88312,5.88312
5.88312,5.88312
5.88312,5.88312
5.88312,5.88312
5.88312,5.88312
5.88312,5.88312
5.88312,5.88312
5.88312,5.88312
5.88312,5.88312
5.88312,5.88312
5.88312,5.88312
5.88312,5.88312
5.88312,5.88312
5.88312,5.88312
5.88312,5.88312
5.88312,5.88312
5.88312,5.88312
5.88312,5.88312
5.88312,5.88312
5.88312,5.88312
5.88312,5.88312
5.88312,5.88312
5.88312,5.88312
5.88312,5.88312
5.88312,5.88312
5.88312,5.88312
5.88312,5.88312
5.88312,5.88312
5.88312,5.88312
5.88312,5.88312
5.88312,5.88312
5.88312,5.88312
5.88312,5.88312
5.88312,5.88312
5.88312,5.88312
5.88312,5.90179
5.88312,5.88312
5.88312,5.88312
5.88312,5.88312
5.88312,5.88312
5.88312,5.88312
5.88312,5.88312
5.88312,5.88312
5.88312,5.88312
5.88312,5.88312
5.88312,5.88312
5.88312,5.88312
5.88312,5.88312
5.88312,5.88312
5.88312,5.88312
5.88312,5.88312
5.88312,5.88312
5.88312,5.88312
5.88312,5.88312
5.88312,5.88312
5.88312,5.88312
5.88312,5.88312
5.88312,5.88312
5.88312,5.88312
5.88312,5.88312
5.88312,5.88312
5.88312,5.88312
5.88312,5.88312
5.88312,5.88312
5.88312,5.88312
5.88312,5.88312
5.88312,5.88312
5.88312,5.88312
5.88312,5.88312
5.88312,5.88312
5.88312,5.88312
5.88312,5.88312
5.88312,5.88312
5.88312,5.88312
5.88312,5.88312
5.88312,5.88312
5.88312,5.88312
5.88312,5.88312
5.88312,5.88312
5.88312,5.88312
5.88312,5.88312
5.88312,5.88312
5.88312,5.88312
5.88312,5.88312
5.88312,5.88312
5.88312,5.88312
5.88312,5.88312
5.88312,5.88312
5.88312,5.88312
5.88312,5.88312
5.88312,5.88312
5.88312,5.88312
5.88312,5.88312
5.88312,5.88312
5.88312,5.88312
5.88312,5.88312
5.88312,5.88312
5.88312,5.88312
5.88312,5.88312
5.88312,5.88312
5.88312,5.88312
5.88312,5.88312
5.88312,5.88312
5.88312,5.88312
5.88312,5.88312
5.88312,5.88312
5.88312,5.88312
5.88312,5.88312
5.88312,5.88312
5.88312,5.88312
5.88312,5.88312
5.88312,5.88312
5.88312,5.88312
5.88312,5.88312
5.88312,5.88312
5.88312,5.88312
5.88312,5.88312
5.88312,5.88312
5.88312,5.88312
5.88312,5.88312
5.88312,5.89188
5.88312,5.88312
5.88312,5.88312
5.88312,5.88312
5.88312,5.88312
5.88312,5.88312
5.88312,5.88312
5.88312,5.88312
5.88312,5.88312
5.88312,5.88312
5.88312,5.88312
5.88312,5.88312
5.88312,5.88312
5.88312,5.88664
5.88312,5.88312
5.88312,5.88312
5.88312,5.88312
5.88312,5.88312
5.88312,5.88312
5.88312,5.88312
5.88312,5.88312
5.88312,5.88312
5.88312,5.88312
5.88312,5.88312
5.88312,5.88312
5.88312,5.88312
5.88312,5.88312
5.88312,5.88312
5.88312,5.88312
5.88312,5.88312
5.88312,5.88312
5.88312,5.88312
5.88312,5.88312
5.88312,5.88312
5.88312,5.88312
5.88312,5.88312
5.88312,5.88312
5.88312,5.88312
5.88312,5.88312
5.88312,5.88312
5.88312,5.88312
5.88312,5.88312
5.88312,5.88312
5.88312,5.88312
5.88312,5.88312
5.88312,5.88312
5.88312,5.88312
5.88312,5.88312
5.88312,5.88312
5.88312,5.88312
5.88312,5.88312
5.88312,5.88312
5.88312,5.88312
5.88312,5.88312
5.88312,5.88312
5.88312,5.88312
5.88312,5.88312
5.88312,5.88312
5.88312,5.88312
5.88312,5.88312
5.88312,5.88312
5.88312,5.884
5.88312,5.88312
5.88312,5.88312
5.88312,5.88312
5.88312,5.88312
5.88312,5.88312
5.88312,5.88312
5.88312,5.88312
5.88312,5.88312
5.88312,5.88312
5.88312,5.88312
5.88312,5.88312
5.88312,5.88312
5.88312,5.88312
5.88312,5.88312
5.88312,5.88312
5.88312,5.88312
5.88312,5.88312
5.88312,5.88312
5.88312,5.88312
5.88312,5.88312
5.88312,5.88322
5.88312,5.88312
5.88312,5.88312
5.88312,5.88312
5.88312,5.88312
5.88312,5.88312
5.88312,5.88312
5.88312,5.88312
5.88312,5.88312
5.88312,5.88312
5.88312,5.88312
5.88312,5.88312
5.88312,5.88312
5.88312,5.88312
5.88312,5.88312
5.88312,5.88312
5.88312,5.88312
5.88312,5.88312
5.88312,5.88312
5.88312,5.88312
5.88312,5.88312
5.88312,5.88312
5.88312,5.88312
5.88312,5.88312
5.88312,5.88312
5.88312,5.88312
5.88312,5.88312
5.88312,5.88312
5.88312,5.88312
5.88312,5.88312
5.88312,5.88312
5.88312,5.88312
5.88312,5.88312
5.88312,5.88312
5.88312,5.88312
5.88312,5.88312
5.88312,5.88312
5.88312,5.88312
5.88312,5.88312
5.88312,5.88312
5.88312,5.88312
5.88312,5.88312
5.88312,5.88312
5.88312,5.88312
5.88312,5.88312
5.88312,5.88312
5.88312,5.88312
5.88312,5.88312
5.88312,5.88312
5.88312,5.88312
5.88312,5.88312
5.88312,5.88312
5.88312,5.88312
5.88312,5.88312
5.88312,5.88312
5.88312,5.88312
5.88312,5.88312
5.88312,5.88312
5.88312,5.88312
5.88312,5.88312
5.88312,5.88312
5.88312,5.88312
5.88312,5.88312
5.88312,5.88312
5.88312,5.88312
5.88312,5.88312
5.88312,5.88312
5.88312,5.88312
5.88312,5.88312
5.88312,5.88312
5.88312,5.88312
5.88312,5.88312
5.88312,5.88312
5.88312,5.88312
5.88312,5.88312
5.88312,5.88312
5.88312,5.88312
5.88312,5.88312
5.88312,5.88312
5.88312,5.88312
5.88312,5.88312
5.88312,5.88312
5.88312,5.88312
5.88312,5.88312
5.88312,5.88312
5.88312,5.88312
5.88312,5.88312
5.88312,5.88312
5.88312,5.88312
5.88312,5.88312
5.88312,5.88312
5.88312,5.88312
5.88312,5.88312
5.88312,5.88312
5.88312,5.88312
5.88312,5.88312
5.88312,5.88312
5.88312,5.88312
5.88312,5.88312
5.88312,5.88312
5.88312,5.88312
5.88312,5.88312
5.88312,5.88312
5.88312,5.88312
5.88312,5.88312
5.88312,5.88312
5.88312,5.88312
5.88312,5.88312
5.88312,5.88312
5.88312,5.88312
5.88312,5.88312
5.88312,5.88312
5.88312,5.88312
5.88312,5.88312
5.88312,5.88312
5.88312,5.88312
5.88312,5.88312
5.88312,5.88312
5.88312,5.88312
5.88312,5.88312
5.88312,5.88312
5.88312,5.88312
5.88312,5.88312
5.88312,5.88312
5.88312,5.88312
5.88312,5.88312
5.88312,5.88312
5.88312,5.88312
5.88312,5.88312
5.88312,5.88312
5.88312,5.88312
5.88312,5.88312
5.88312,5.88312
5.88312,5.88312
5.88312,5.88312
5.88312,5.88312
5.88312,5.88312
5.88312,5.88746
5.88312,5.88312
5.88312,5.88312
5.88312,5.88312
5.88312,5.88312
5.88312,5.88312
5.88312,5.88312
5.88312,5.88312
5.88312,5.88312
5.88312,5.88312
5.88312,5.88312
5.88312,5.88312
5.88312,5.88312
5.88312,5.88312
5.88312,5.88312
5.88312,5.88312
5.88312,5.88312
5.88312,5.88312
5.88312,5.88312
5.88312,5.88312
5.88312,5.88312
5.88312,5.88312
5.88312,5.88312
5.88312,5.88312
5.88312,5.88312
5.88312,5.88312
5.88312,5.88312
5.88312,5.88312
5.88312,5.88312
5.88312,5.88312
5.88312,5.88312
5.88312,5.88312
5.88312,5.88312
5.88312,5.88312
5.88312,5.88312
5.88312,5.88312
5.88312,5.88312
5.88312,5.88312
5.88312,5.88312
5.88312,5.88312
5.88312,5.88312
5.88312,5.88312
5.88312,5.88312
5.88312,5.88312
5.88312,5.88312
5.88312,5.88512
5.88312,5.88312
5.88312,5.88312
5.88312,5.88312
5.88312,5.88312
5.88312,5.88312
5.88312,5.88312
5.88312,5.88312
5.88312,5.88312
5.88312,5.88312
5.88312,5.88312
5.88312,5.88312
5.88312,5.88312
