-0.510934
-0.0305958
-0.0390871
-0.209623
-0.339173
-1.42728
-0.180845
-0.786287
-1.0949
-0.283376
-0.134956
-0.16174
-0.109524
-0.339888
-0.613163
3217.88
-0.358189
-0.2873
2.13814
-0.455038
-0.29178
-0.126028
3.04806e-67
-0.279
-1.61884
-0.175573
-0.0996041
-0.925505
-0.290906
-0.228065
386.163
-0.0767083
-0.266278
-2.02862
-0.735983
-0.400364
145.62
-0.14112
3.22464
-0.571498
0.142609
-0.0575734
-0.640468
-0.121891
-0.102168
-0.330868
-0.23121
-0.0437486
-0.204586
-0.0880356
-0.164686
-0.30526
-0.867636
26.6588
-0.308221
36.3767
279.84
-0.237942
-0.0614431
-0.150992
-0.57152
-0.927419
4754.8
-0.164102
-0.441098
-1.21599
-0.169198
-0.079156
42.4735
-0.218824
-1.25985
-0.0876659
-0.324809
-0.130985
-2.08537
-0.134662
-0.0498851
-0.350923
-0.115534
-0.0835194
-0.268818
4.57232
-1.15425
1916.68
-1.45081
1.02583
-0.260639
36.3501
-0.298459
-0.113808
11.4546
-0.124135
-1.05359
-1.55773
-0.151985
-1.24803
-0.118391
-0.247964
-0.130939
-0.0908973
-0.0710787
0.469726
-2.28638
-0.764848
-0.648042
-0.183348
-0.237566
-0.835402
